  4.3478262E-02  0.000000000000000E+000
  8.6956523E-02  8.695652173913004E-002
  0.1304348      0.130434782608695     
  0.1739130      0.173913043478260     
  0.2173913      0.217391304347825     
  0.2608696      0.260869565217390     
  0.3043478      0.304347826086955     
  0.3478261      0.347826086956520     
  0.3913043      0.391304347826085     
  0.4347826      0.434782608695650     
  0.4782609      0.478260869565215     
  0.5217391      0.521739130434781     
  0.5652174      0.565217391304346     
  0.6086956      0.608695652173911     
  0.6521739      0.652173913043476     
  0.6956522      0.695652173913042     
  0.7391304      0.739130434782607     
  0.7826087      0.782608695652172     
  0.8260869      0.826086956521738     
  0.8695652      0.869565217391303     
  0.9130435      0.913043478260869     
  0.9565217      0.956521739130434     
   1.000000       1.00000000000000     
