  1.1235955E-02  0.0000000E+00
  2.2471910E-02  2.2472128E-02
  3.3707865E-02  3.3708215E-02
  4.4943821E-02  4.4944257E-02
  5.6179777E-02  5.6180332E-02
  6.7415729E-02  6.7416392E-02
  7.8651689E-02  7.8652442E-02
  8.9887641E-02  8.9888476E-02
  0.1011236      0.1011245    
  0.1123596      0.1123606    
  0.1235955      0.1235967    
  0.1348315      0.1348327    
  0.1460674      0.1460687    
  0.1573034      0.1573048    
  0.1685393      0.1685408    
  0.1797753      0.1797769    
  0.1910112      0.1910129    
  0.2022472      0.2022490    
  0.2134831      0.2134851    
  0.2247191      0.2247212    
  0.2359551      0.2359572    
  0.2471910      0.2471934    
  0.2584270      0.2584294    
  0.2696629      0.2696654    
  0.2808989      0.2809015    
  0.2921348      0.2921375    
  0.3033708      0.3033739    
  0.3146068      0.3146098    
  0.3258427      0.3258458    
  0.3370787      0.3370820    
  0.3483146      0.3483180    
  0.3595506      0.3595541    
  0.3707865      0.3707904    
  0.3820225      0.3820265    
  0.3932584      0.3932625    
  0.4044944      0.4044986    
  0.4157303      0.4157347    
  0.4269663      0.4269709    
  0.4382023      0.4382069    
  0.4494382      0.4494430    
  0.4606742      0.4606789    
  0.4719101      0.4719152    
  0.4831461      0.4831513    
  0.4943820      0.4943874    
  0.5056180      0.5056235    
  0.5168539      0.5168594    
  0.5280899      0.5280957    
  0.5393258      0.5393316    
  0.5505618      0.5505674    
  0.5617977      0.5618036    
  0.5730337      0.5730395    
  0.5842696      0.5842754    
  0.5955056      0.5955116    
  0.6067415      0.6067477    
  0.6179775      0.6179834    
  0.6292135      0.6292195    
  0.6404495      0.6404554    
  0.6516854      0.6516913    
  0.6629214      0.6629272    
  0.6741573      0.6741632    
  0.6853933      0.6853988    
  0.6966292      0.6966348    
  0.7078652      0.7078707    
  0.7191011      0.7191067    
  0.7303371      0.7303425    
  0.7415730      0.7415784    
  0.7528090      0.7528144    
  0.7640449      0.7640501    
  0.7752809      0.7752859    
  0.7865168      0.7865218    
  0.7977528      0.7977576    
  0.8089887      0.8089934    
  0.8202247      0.8202290    
  0.8314607      0.8314649    
  0.8426966      0.8427007    
  0.8539326      0.8539363    
  0.8651685      0.8651720    
  0.8764045      0.8764076    
  0.8876405      0.8876433    
  0.8988764      0.8988791    
  0.9101124      0.9101148    
  0.9213483      0.9213504    
  0.9325843      0.9325861    
  0.9438202      0.9438217    
  0.9550562      0.9550574    
  0.9662921      0.9662932    
  0.9775281      0.9775288    
  0.9887640      0.9887645    
   1.000000       1.000000    
