  1.4084507E-02  0.000000000000000E+000
  2.8169014E-02  2.816901408450694E-002
  4.2253520E-02  4.225352112676044E-002
  5.6338027E-02  5.633802816901388E-002
  7.0422538E-02  7.042253521126737E-002
  8.4507041E-02  8.450704225352089E-002
  9.8591551E-02  9.859154929577428E-002
  0.1126761      0.112676056338028     
  0.1267606      0.126760563380281     
  0.1408451      0.140845070422535     
  0.1549296      0.154929577464788     
  0.1690141      0.169014084507042     
  0.1830986      0.183098591549295     
  0.1971831      0.197183098591548     
  0.2112676      0.211267605633802     
  0.2253521      0.225352112676055     
  0.2394366      0.239436619718309     
  0.2535211      0.253521126760562     
  0.2676056      0.267605633802816     
  0.2816902      0.281690140845069     
  0.2957746      0.295774647887323     
  0.3098592      0.309859154929576     
  0.3239437      0.323943661971830     
  0.3380282      0.338028169014084     
  0.3521127      0.352112676056337     
  0.3661972      0.366197183098590     
  0.3802817      0.380281690140844     
  0.3943662      0.394366197183098     
  0.4084507      0.408450704225351     
  0.4225352      0.422535211267604     
  0.4366197      0.436619718309858     
  0.4507042      0.450704225352111     
  0.4647887      0.464788732394365     
  0.4788733      0.478873239436618     
  0.4929577      0.492957746478871     
  0.5070422      0.507042253521125     
  0.5211267      0.521126760563378     
  0.5352113      0.535211267605632     
  0.5492958      0.549295774647885     
  0.5633803      0.563380281690139     
  0.5774648      0.577464788732392     
  0.5915493      0.591549295774646     
  0.6056338      0.605633802816899     
  0.6197183      0.619718309859153     
  0.6338028      0.633802816901406     
  0.6478873      0.647887323943660     
  0.6619718      0.661971830985913     
  0.6760563      0.676056338028167     
  0.6901408      0.690140845070421     
  0.7042254      0.704225352112674     
  0.7183099      0.718309859154928     
  0.7323943      0.732394366197181     
  0.7464789      0.746478873239435     
  0.7605634      0.760563380281689     
  0.7746479      0.774647887323942     
  0.7887324      0.788732394366196     
  0.8028169      0.802816901408449     
  0.8169014      0.816901408450703     
  0.8309859      0.830985915492957     
  0.8450704      0.845070422535210     
  0.8591549      0.859154929577464     
  0.8732395      0.873239436619717     
  0.8873239      0.887323943661971     
  0.9014084      0.901408450704224     
  0.9154930      0.915492957746478     
  0.9295775      0.929577464788732     
  0.9436620      0.943661971830986     
  0.9577465      0.957746478873239     
  0.9718310      0.971830985915493     
  0.9859155      0.985915492957746     
   1.000000       1.00000000000000     
