  1.3888889E-02  0.0000000E+00
  2.7777778E-02  2.7777905E-02
  4.1666668E-02  4.1666865E-02
  5.5555556E-02  5.5555809E-02
  6.9444448E-02  6.9444776E-02
  8.3333336E-02  8.3333731E-02
  9.7222224E-02  9.7222671E-02
  0.1111111      0.1111116    
  0.1250000      0.1250006    
  0.1388889      0.1388895    
  0.1527778      0.1527784    
  0.1666667      0.1666674    
  0.1805556      0.1805563    
  0.1944444      0.1944453    
  0.2083333      0.2083343    
  0.2222222      0.2222231    
  0.2361111      0.2361122    
  0.2500000      0.2500011    
  0.2638889      0.2638900    
  0.2777778      0.2777790    
  0.2916667      0.2916679    
  0.3055556      0.3055568    
  0.3194444      0.3194458    
  0.3333333      0.3333347    
  0.3472222      0.3472235    
  0.3611111      0.3611126    
  0.3750000      0.3750014    
  0.3888889      0.3888905    
  0.4027778      0.4027795    
  0.4166667      0.4166686    
  0.4305556      0.4305572    
  0.4444444      0.4444465    
  0.4583333      0.4583354    
  0.4722222      0.4722244    
  0.4861111      0.4861132    
  0.5000000      0.5000022    
  0.5138889      0.5138912    
  0.5277778      0.5277799    
  0.5416667      0.5416690    
  0.5555556      0.5555579    
  0.5694444      0.5694469    
  0.5833333      0.5833359    
  0.5972222      0.5972248    
  0.6111111      0.6111137    
  0.6250000      0.6250026    
  0.6388889      0.6388916    
  0.6527778      0.6527804    
  0.6666667      0.6666693    
  0.6805556      0.6805581    
  0.6944444      0.6944471    
  0.7083333      0.7083359    
  0.7222222      0.7222249    
  0.7361111      0.7361134    
  0.7500000      0.7500026    
  0.7638889      0.7638912    
  0.7777778      0.7777802    
  0.7916667      0.7916691    
  0.8055556      0.8055578    
  0.8194444      0.8194466    
  0.8333333      0.8333353    
  0.8472222      0.8472242    
  0.8611111      0.8611128    
  0.8750000      0.8750015    
  0.8888889      0.8888904    
  0.9027778      0.9027791    
  0.9166667      0.9166678    
  0.9305556      0.9305566    
  0.9444444      0.9444453    
  0.9583333      0.9583340    
  0.9722222      0.9722227    
  0.9861111      0.9861114    
   1.000000       1.000000    
