  4.7619049E-02  4.761904478073120E-002
  9.5238097E-02  9.523808956146240E-002
  0.1428571      0.142857134342194     
  0.1904762      0.190476179122925     
  0.2380952      0.238095223903656     
  0.2857143      0.285714268684387     
  0.3333333      0.333333313465118     
  0.3809524      0.380952358245850     
  0.4285714      0.428571403026581     
  0.4761905      0.476190447807312     
  0.5238096      0.523809492588043     
  0.5714286      0.571428537368774     
  0.6190476      0.619047582149506     
  0.6666667      0.666666626930237     
  0.7142857      0.714285671710968     
  0.7619048      0.761904716491699     
  0.8095238      0.809523761272430     
  0.8571429      0.857142806053162     
  0.9047619      0.904761850833893     
  0.9523810      0.952380895614624     
   1.000000       1.00000000000000     
