  1.6129032E-02  1.612903177738189697265625000000000E-0002
  3.2258064E-02  3.225806355476379394531250000000000E-0002
  4.8387095E-02  4.838709533214569091796875000000000E-0002
  6.4516127E-02  6.451612710952758789062500000000000E-0002
  8.0645159E-02  8.064515888690948486328125000000000E-0002
  9.6774191E-02  9.677419066429138183593750000000000E-0002
  0.1129032      0.112903222441673278808593750000000      
  0.1290323      0.129032254219055175781250000000000      
  0.1451613      0.145161285996437072753906250000000      
  0.1612903      0.161290317773818969726562500000000      
  0.1774193      0.177419349551200866699218750000000      
  0.1935484      0.193548381328582763671875000000000      
  0.2096774      0.209677413105964660644531250000000      
  0.2258064      0.225806444883346557617187500000000      
  0.2419355      0.241935476660728454589843750000000      
  0.2580645      0.258064508438110351562500000000000      
  0.2741936      0.274193555116653442382812500000000      
  0.2903226      0.290322571992874145507812500000000      
  0.3064516      0.306451618671417236328125000000000      
  0.3225806      0.322580635547637939453125000000000      
  0.3387097      0.338709682226181030273437500000000      
  0.3548387      0.354838699102401733398437500000000      
  0.3709677      0.370967745780944824218750000000000      
  0.3870968      0.387096762657165527343750000000000      
  0.4032258      0.403225809335708618164062500000000      
  0.4193548      0.419354826211929321289062500000000      
  0.4354839      0.435483872890472412109375000000000      
  0.4516129      0.451612889766693115234375000000000      
  0.4677419      0.467741936445236206054687500000000      
  0.4838710      0.483870953321456909179687500000000      
  0.5000000      0.500000000000000000000000000000000      
  0.5161290      0.516129016876220703125000000000000      
  0.5322581      0.532258093357086181640625000000000      
  0.5483871      0.548387110233306884765625000000000      
  0.5645161      0.564516127109527587890625000000000      
  0.5806451      0.580645143985748291015625000000000      
  0.5967742      0.596774220466613769531250000000000      
  0.6129032      0.612903237342834472656250000000000      
  0.6290323      0.629032254219055175781250000000000      
  0.6451613      0.645161271095275878906250000000000      
  0.6612903      0.661290347576141357421875000000000      
  0.6774194      0.677419364452362060546875000000000      
  0.6935484      0.693548381328582763671875000000000      
  0.7096774      0.709677398204803466796875000000000      
  0.7258065      0.725806474685668945312500000000000      
  0.7419355      0.741935491561889648437500000000000      
  0.7580645      0.758064508438110351562500000000000      
  0.7741935      0.774193525314331054687500000000000      
  0.7903226      0.790322601795196533203125000000000      
  0.8064516      0.806451618671417236328125000000000      
  0.8225806      0.822580635547637939453125000000000      
  0.8387097      0.838709652423858642578125000000000      
  0.8548387      0.854838728904724121093750000000000      
  0.8709677      0.870967745780944824218750000000000      
  0.8870968      0.887096762657165527343750000000000      
  0.9032258      0.903225779533386230468750000000000      
  0.9193549      0.919354856014251708984375000000000      
  0.9354839      0.935483872890472412109375000000000      
  0.9516129      0.951612889766693115234375000000000      
  0.9677419      0.967741906642913818359375000000000      
  0.9838710      0.983870983123779296875000000000000      
   1.000000       1.00000000000000000000000000000000      
