  3.2258064E-02  0.000000000000000E+000
  6.4516127E-02  6.451612903225795E-002
  9.6774191E-02  9.677419354838696E-002
  0.1290323      0.129032258064516     
  0.1612903      0.161290322580645     
  0.1935484      0.193548387096774     
  0.2258064      0.225806451612903     
  0.2580645      0.258064516129032     
  0.2903226      0.290322580645161     
  0.3225806      0.322580645161290     
  0.3548387      0.354838709677419     
  0.3870968      0.387096774193548     
  0.4193548      0.419354838709677     
  0.4516129      0.451612903225806     
  0.4838710      0.483870967741935     
  0.5161290      0.516129032258064     
  0.5483871      0.548387096774193     
  0.5806451      0.580645161290322     
  0.6129032      0.612903225806452     
  0.6451613      0.645161290322581     
  0.6774194      0.677419354838710     
  0.7096774      0.709677419354839     
  0.7419355      0.741935483870968     
  0.7741935      0.774193548387097     
  0.8064516      0.806451612903226     
  0.8387097      0.838709677419355     
  0.8709677      0.870967741935484     
  0.9032258      0.903225806451613     
  0.9354839      0.935483870967742     
  0.9677419      0.967741935483871     
   1.000000       1.00000000000000     
