  3.8461540E-02  0.0000000E+00
  7.6923080E-02  7.6923236E-02
  0.1153846      0.1153848    
  0.1538462      0.1538465    
  0.1923077      0.1923080    
  0.2307692      0.2307696    
  0.2692308      0.2692313    
  0.3076923      0.3076929    
  0.3461539      0.3461545    
  0.3846154      0.3846160    
  0.4230769      0.4230777    
  0.4615385      0.4615393    
  0.5000000      0.5000008    
  0.5384616      0.5384625    
  0.5769231      0.5769241    
  0.6153846      0.6153855    
  0.6538461      0.6538471    
  0.6923077      0.6923085    
  0.7307692      0.7307700    
  0.7692308      0.7692315    
  0.8076923      0.8076929    
  0.8461539      0.8461544    
  0.8846154      0.8846158    
  0.9230769      0.9230772    
  0.9615384      0.9615386    
   1.000000       1.000000    
