  2.9411765E-02  2.9411763E-02
  5.8823530E-02  5.8823526E-02
  8.8235296E-02  8.8235289E-02
  0.1176471      0.1176471    
  0.1470588      0.1470588    
  0.1764706      0.1764706    
  0.2058824      0.2058823    
  0.2352941      0.2352941    
  0.2647059      0.2647059    
  0.2941177      0.2941176    
  0.3235294      0.3235294    
  0.3529412      0.3529412    
  0.3823529      0.3823529    
  0.4117647      0.4117647    
  0.4411765      0.4411764    
  0.4705882      0.4705882    
  0.5000000      0.5000000    
  0.5294118      0.5294117    
  0.5588235      0.5588235    
  0.5882353      0.5882353    
  0.6176471      0.6176471    
  0.6470588      0.6470588    
  0.6764706      0.6764705    
  0.7058824      0.7058823    
  0.7352941      0.7352941    
  0.7647059      0.7647058    
  0.7941176      0.7941176    
  0.8235294      0.8235294    
  0.8529412      0.8529412    
  0.8823529      0.8823529    
  0.9117647      0.9117646    
  0.9411765      0.9411764    
  0.9705882      0.9705882    
   1.000000       1.000000    
