  1.0526316E-02  0.000000000000000000000000000000000E+0000
  2.1052632E-02  2.105263157894736842105263157894705E-0002
  3.1578947E-02  3.157894736842105263157894736842058E-0002
  4.2105265E-02  4.210526315789473684210526315789410E-0002
  5.2631579E-02  5.263157894736842105263157894736763E-0002
  6.3157894E-02  6.315789473684210526315789473684113E-0002
  7.3684208E-02  7.368421052631578947368421052631465E-0002
  8.4210530E-02  8.421052631578947368421052631578817E-0002
  9.4736844E-02  9.473684210526315789473684210526167E-0002
  0.1052632      0.105263157894736842105263157894735      
  0.1157895      0.115789473684210526315789473684209      
  0.1263158      0.126315789473684210526315789473682      
  0.1368421      0.136842105263157894736842105263156      
  0.1473684      0.147368421052631578947368421052629      
  0.1578947      0.157894736842105263157894736842103      
  0.1684211      0.168421052631578947368421052631576      
  0.1789474      0.178947368421052631578947368421050      
  0.1894737      0.189473684210526315789473684210523      
  0.2000000      0.199999999999999999999999999999997      
  0.2105263      0.210526315789473684210526315789471      
  0.2210526      0.221052631578947368421052631578944      
  0.2315789      0.231578947368421052631578947368418      
  0.2421053      0.242105263157894736842105263157891      
  0.2526316      0.252631578947368421052631578947365      
  0.2631579      0.263157894736842105263157894736839      
  0.2736842      0.273684210526315789473684210526312      
  0.2842105      0.284210526315789473684210526315786      
  0.2947368      0.294736842105263157894736842105259      
  0.3052632      0.305263157894736842105263157894733      
  0.3157895      0.315789473684210526315789473684207      
  0.3263158      0.326315789473684210526315789473680      
  0.3368421      0.336842105263157894736842105263154      
  0.3473684      0.347368421052631578947368421052627      
  0.3578947      0.357894736842105263157894736842101      
  0.3684210      0.368421052631578947368421052631575      
  0.3789474      0.378947368421052631578947368421049      
  0.3894737      0.389473684210526315789473684210522      
  0.4000000      0.399999999999999999999999999999996      
  0.4105263      0.410526315789473684210526315789469      
  0.4210526      0.421052631578947368421052631578943      
  0.4315789      0.431578947368421052631578947368417      
  0.4421053      0.442105263157894736842105263157890      
  0.4526316      0.452631578947368421052631578947364      
  0.4631579      0.463157894736842105263157894736838      
  0.4736842      0.473684210526315789473684210526311      
  0.4842105      0.484210526315789473684210526315785      
  0.4947369      0.494736842105263157894736842105259      
  0.5052631      0.505263157894736842105263157894732      
  0.5157894      0.515789473684210526315789473684206      
  0.5263158      0.526315789473684210526315789473680      
  0.5368421      0.536842105263157894736842105263153      
  0.5473684      0.547368421052631578947368421052627      
  0.5578948      0.557894736842105263157894736842101      
  0.5684211      0.568421052631578947368421052631574      
  0.5789474      0.578947368421052631578947368421048      
  0.5894737      0.589473684210526315789473684210522      
  0.6000000      0.599999999999999999999999999999996      
  0.6105263      0.610526315789473684210526315789469      
  0.6210526      0.621052631578947368421052631578943      
  0.6315789      0.631578947368421052631578947368417      
  0.6421053      0.642105263157894736842105263157891      
  0.6526316      0.652631578947368421052631578947365      
  0.6631579      0.663157894736842105263157894736839      
  0.6736842      0.673684210526315789473684210526312      
  0.6842105      0.684210526315789473684210526315786      
  0.6947368      0.694736842105263157894736842105260      
  0.7052631      0.705263157894736842105263157894734      
  0.7157895      0.715789473684210526315789473684208      
  0.7263158      0.726315789473684210526315789473682      
  0.7368421      0.736842105263157894736842105263156      
  0.7473684      0.747368421052631578947368421052630      
  0.7578948      0.757894736842105263157894736842104      
  0.7684211      0.768421052631578947368421052631578      
  0.7789474      0.778947368421052631578947368421052      
  0.7894737      0.789473684210526315789473684210526      
  0.8000000      0.800000000000000000000000000000000      
  0.8105263      0.810526315789473684210526315789475      
  0.8210526      0.821052631578947368421052631578949      
  0.8315790      0.831578947368421052631578947368423      
  0.8421053      0.842105263157894736842105263157897      
  0.8526316      0.852631578947368421052631578947370      
  0.8631579      0.863157894736842105263157894736844      
  0.8736842      0.873684210526315789473684210526318      
  0.8842105      0.884210526315789473684210526315792      
  0.8947368      0.894736842105263157894736842105265      
  0.9052632      0.905263157894736842105263157894739      
  0.9157895      0.915789473684210526315789473684212      
  0.9263158      0.926315789473684210526315789473686      
  0.9368421      0.936842105263157894736842105263159      
  0.9473684      0.947368421052631578947368421052633      
  0.9578947      0.957894736842105263157894736842106      
  0.9684210      0.968421052631578947368421052631580      
  0.9789473      0.978947368421052631578947368421053      
  0.9894737      0.989473684210526315789473684210527      
   1.000000       1.00000000000000000000000000000000      
