  3.2258064E-02  0.0000000E+00
  6.4516127E-02  6.4516075E-02
  9.6774191E-02  9.6774094E-02
  0.1290323      0.1290321    
  0.1612903      0.1612902    
  0.1935484      0.1935482    
  0.2258064      0.2258061    
  0.2580645      0.2580642    
  0.2903226      0.2903222    
  0.3225806      0.3225803    
  0.3548387      0.3548384    
  0.3870968      0.3870964    
  0.4193548      0.4193544    
  0.4516129      0.4516125    
  0.4838710      0.4838706    
  0.5161290      0.5161286    
  0.5483871      0.5483865    
  0.5806451      0.5806447    
  0.6129032      0.6129026    
  0.6451613      0.6451607    
  0.6774194      0.6774189    
  0.7096774      0.7096769    
  0.7419355      0.7419349    
  0.7741935      0.7741930    
  0.8064516      0.8064511    
  0.8387097      0.8387092    
  0.8709677      0.8709674    
  0.9032258      0.9032255    
  0.9354839      0.9354837    
  0.9677419      0.9677418    
   1.000000       1.000000    
