  1.4492754E-02  1.449275389313697814941406250000000E-0002
  2.8985508E-02  2.898550778627395629882812500000000E-0002
  4.3478262E-02  4.347826167941093444824218750000000E-0002
  5.7971016E-02  5.797101557254791259765625000000000E-0002
  7.2463766E-02  7.246376574039459228515625000000000E-0002
  8.6956523E-02  8.695652335882186889648437500000000E-0002
  0.1014493      0.101449273526668548583984375000000      
  0.1159420      0.115942031145095825195312500000000      
  0.1304348      0.130434781312942504882812500000000      
  0.1449275      0.144927531480789184570312500000000      
  0.1594203      0.159420296549797058105468750000000      
  0.1739130      0.173913046717643737792968750000000      
  0.1884058      0.188405796885490417480468750000000      
  0.2028985      0.202898547053337097167968750000000      
  0.2173913      0.217391297221183776855468750000000      
  0.2318841      0.231884062290191650390625000000000      
  0.2463768      0.246376812458038330078125000000000      
  0.2608696      0.260869562625885009765625000000000      
  0.2753623      0.275362312793731689453125000000000      
  0.2898551      0.289855062961578369140625000000000      
  0.3043478      0.304347813129425048828125000000000      
  0.3188406      0.318840593099594116210937500000000      
  0.3333333      0.333333343267440795898437500000000      
  0.3478261      0.347826093435287475585937500000000      
  0.3623188      0.362318843603134155273437500000000      
  0.3768116      0.376811593770980834960937500000000      
  0.3913043      0.391304343938827514648437500000000      
  0.4057971      0.405797094106674194335937500000000      
  0.4202898      0.420289844274520874023437500000000      
  0.4347826      0.434782594442367553710937500000000      
  0.4492754      0.449275374412536621093750000000000      
  0.4637681      0.463768124580383300781250000000000      
  0.4782609      0.478260874748229980468750000000000      
  0.4927536      0.492753624916076660156250000000000      
  0.5072464      0.507246375083923339843750000000000      
  0.5217391      0.521739125251770019531250000000000      
  0.5362319      0.536231875419616699218750000000000      
  0.5507246      0.550724625587463378906250000000000      
  0.5652174      0.565217375755310058593750000000000      
  0.5797101      0.579710125923156738281250000000000      
  0.5942029      0.594202876091003417968750000000000      
  0.6086956      0.608695626258850097656250000000000      
  0.6231884      0.623188376426696777343750000000000      
  0.6376812      0.637681186199188232421875000000000      
  0.6521739      0.652173936367034912109375000000000      
  0.6666667      0.666666686534881591796875000000000      
  0.6811594      0.681159436702728271484375000000000      
  0.6956522      0.695652186870574951171875000000000      
  0.7101449      0.710144937038421630859375000000000      
  0.7246377      0.724637687206268310546875000000000      
  0.7391304      0.739130437374114990234375000000000      
  0.7536232      0.753623187541961669921875000000000      
  0.7681159      0.768115937709808349609375000000000      
  0.7826087      0.782608687877655029296875000000000      
  0.7971014      0.797101438045501708984375000000000      
  0.8115942      0.811594188213348388671875000000000      
  0.8260869      0.826086938381195068359375000000000      
  0.8405797      0.840579688549041748046875000000000      
  0.8550724      0.855072438716888427734375000000000      
  0.8695652      0.869565188884735107421875000000000      
  0.8840580      0.884057998657226562500000000000000      
  0.8985507      0.898550748825073242187500000000000      
  0.9130435      0.913043498992919921875000000000000      
  0.9275362      0.927536249160766601562500000000000      
  0.9420290      0.942028999328613281250000000000000      
  0.9565217      0.956521749496459960937500000000000      
  0.9710145      0.971014499664306640625000000000000      
  0.9855072      0.985507249832153320312500000000000      
   1.000000       1.00000000000000000000000000000000      
