  1.2820513E-02  0.000000000000000000000000000000000E+0000
  2.5641026E-02  2.564102564102564102564102564102530E-0002
  3.8461540E-02  3.846153846153846153846153846153793E-0002
  5.1282052E-02  5.128205128205128205128205128205059E-0002
  6.4102568E-02  6.410256410256410256410256410256328E-0002
  7.6923080E-02  7.692307692307692307692307692307587E-0002
  8.9743592E-02  8.974358974358974358974358974358853E-0002
  0.1025641      0.102564102564102564102564102564101      
  0.1153846      0.115384615384615384615384615384614      
  0.1282051      0.128205128205128205128205128205127      
  0.1410256      0.141025641025641025641025641025639      
  0.1538462      0.153846153846153846153846153846152      
  0.1666667      0.166666666666666666666666666666664      
  0.1794872      0.179487179487179487179487179487177      
  0.1923077      0.192307692307692307692307692307690      
  0.2051282      0.205128205128205128205128205128202      
  0.2179487      0.217948717948717948717948717948715      
  0.2307692      0.230769230769230769230769230769228      
  0.2435897      0.243589743589743589743589743589740      
  0.2564103      0.256410256410256410256410256410253      
  0.2692308      0.269230769230769230769230769230766      
  0.2820513      0.282051282051282051282051282051278      
  0.2948718      0.294871794871794871794871794871791      
  0.3076923      0.307692307692307692307692307692303      
  0.3205128      0.320512820512820512820512820512816      
  0.3333333      0.333333333333333333333333333333329      
  0.3461539      0.346153846153846153846153846153842      
  0.3589744      0.358974358974358974358974358974354      
  0.3717949      0.371794871794871794871794871794867      
  0.3846154      0.384615384615384615384615384615380      
  0.3974359      0.397435897435897435897435897435893      
  0.4102564      0.410256410256410256410256410256405      
  0.4230769      0.423076923076923076923076923076918      
  0.4358974      0.435897435897435897435897435897431      
  0.4487180      0.448717948717948717948717948717943      
  0.4615385      0.461538461538461538461538461538456      
  0.4743590      0.474358974358974358974358974358969      
  0.4871795      0.487179487179487179487179487179482      
  0.5000000      0.499999999999999999999999999999995      
  0.5128205      0.512820512820512820512820512820507      
  0.5256410      0.525641025641025641025641025641020      
  0.5384616      0.538461538461538461538461538461533      
  0.5512820      0.551282051282051282051282051282046      
  0.5641026      0.564102564102564102564102564102558      
  0.5769231      0.576923076923076923076923076923071      
  0.5897436      0.589743589743589743589743589743584      
  0.6025641      0.602564102564102564102564102564097      
  0.6153846      0.615384615384615384615384615384610      
  0.6282051      0.628205128205128205128205128205123      
  0.6410257      0.641025641025641025641025641025636      
  0.6538461      0.653846153846153846153846153846148      
  0.6666667      0.666666666666666666666666666666661      
  0.6794872      0.679487179487179487179487179487174      
  0.6923077      0.692307692307692307692307692307687      
  0.7051282      0.705128205128205128205128205128200      
  0.7179487      0.717948717948717948717948717948713      
  0.7307692      0.730769230769230769230769230769226      
  0.7435898      0.743589743589743589743589743589739      
  0.7564102      0.756410256410256410256410256410253      
  0.7692308      0.769230769230769230769230769230765      
  0.7820513      0.782051282051282051282051282051279      
  0.7948718      0.794871794871794871794871794871791      
  0.8076923      0.807692307692307692307692307692305      
  0.8205128      0.820512820512820512820512820512818      
  0.8333333      0.833333333333333333333333333333330      
  0.8461539      0.846153846153846153846153846153843      
  0.8589743      0.858974358974358974358974358974356      
  0.8717949      0.871794871794871794871794871794869      
  0.8846154      0.884615384615384615384615384615382      
  0.8974359      0.897435897435897435897435897435895      
  0.9102564      0.910256410256410256410256410256408      
  0.9230769      0.923076923076923076923076923076921      
  0.9358974      0.935897435897435897435897435897434      
  0.9487180      0.948717948717948717948717948717947      
  0.9615384      0.961538461538461538461538461538460      
  0.9743590      0.974358974358974358974358974358974      
  0.9871795      0.987179487179487179487179487179486      
   1.000000       1.00000000000000000000000000000000      
