  5.2631579E-02  0.000000000000000000000000000000000E+0000
  0.1052632      0.105263157894736842105263157894737      
  0.1578947      0.157894736842105263157894736842105      
  0.2105263      0.210526315789473684210526315789474      
  0.2631579      0.263157894736842105263157894736842      
  0.3157895      0.315789473684210526315789473684210      
  0.3684210      0.368421052631578947368421052631579      
  0.4210526      0.421052631578947368421052631578947      
  0.4736842      0.473684210526315789473684210526316      
  0.5263158      0.526315789473684210526315789473684      
  0.5789474      0.578947368421052631578947368421053      
  0.6315789      0.631578947368421052631578947368421      
  0.6842105      0.684210526315789473684210526315790      
  0.7368421      0.736842105263157894736842105263158      
  0.7894737      0.789473684210526315789473684210526      
  0.8421053      0.842105263157894736842105263157895      
  0.8947368      0.894736842105263157894736842105263      
  0.9473684      0.947368421052631578947368421052632      
   1.000000       1.00000000000000000000000000000000      
