  4.3478262E-02  4.3478262E-02
  8.6956523E-02  8.6956523E-02
  0.1304348      0.1304348    
  0.1739130      0.1739130    
  0.2173913      0.2173913    
  0.2608696      0.2608696    
  0.3043478      0.3043478    
  0.3478261      0.3478261    
  0.3913043      0.3913043    
  0.4347826      0.4347826    
  0.4782609      0.4782609    
  0.5217391      0.5217391    
  0.5652174      0.5652174    
  0.6086956      0.6086957    
  0.6521739      0.6521739    
  0.6956522      0.6956522    
  0.7391304      0.7391304    
  0.7826087      0.7826087    
  0.8260869      0.8260870    
  0.8695652      0.8695652    
  0.9130435      0.9130435    
  0.9565217      0.9565217    
   1.000000       1.000000    
