  5.5555556E-02  5.555555224418640E-002
  0.1111111      0.111111104488373     
  0.1666667      0.166666656732559     
  0.2222222      0.222222208976746     
  0.2777778      0.277777761220932     
  0.3333333      0.333333313465118     
  0.3888889      0.388888865709305     
  0.4444444      0.444444417953491     
  0.5000000      0.499999970197678     
  0.5555556      0.555555522441864     
  0.6111111      0.611111044883728     
  0.6666667      0.666666626930237     
  0.7222222      0.722222208976746     
  0.7777778      0.777777731418610     
  0.8333333      0.833333253860474     
  0.8888889      0.888888835906982     
  0.9444444      0.944444417953491     
   1.000000       1.00000000000000     
