  1.0989011E-02  1.098901126533746719360351562500000E-0002
  2.1978023E-02  2.197802253067493438720703125000000E-0002
  3.2967035E-02  3.296703472733497619628906250000000E-0002
  4.3956045E-02  4.395604506134986877441406250000000E-0002
  5.4945055E-02  5.494505539536476135253906250000000E-0002
  6.5934069E-02  6.593406945466995239257812500000000E-0002
  7.6923080E-02  7.692307978868484497070312500000000E-0002
  8.7912090E-02  8.791209012269973754882812500000000E-0002
  9.8901100E-02  9.890110045671463012695312500000000E-0002
  0.1098901      0.109890110790729522705078125000000      
  0.1208791      0.120879121124744415283203125000000      
  0.1318681      0.131868138909339904785156250000000      
  0.1428571      0.142857149243354797363281250000000      
  0.1538462      0.153846159577369689941406250000000      
  0.1648352      0.164835169911384582519531250000000      
  0.1758242      0.175824180245399475097656250000000      
  0.1868132      0.186813190579414367675781250000000      
  0.1978022      0.197802200913429260253906250000000      
  0.2087912      0.208791211247444152832031250000000      
  0.2197802      0.219780221581459045410156250000000      
  0.2307692      0.230769231915473937988281250000000      
  0.2417582      0.241758242249488830566406250000000      
  0.2527473      0.252747267484664916992187500000000      
  0.2637363      0.263736277818679809570312500000000      
  0.2747253      0.274725288152694702148437500000000      
  0.2857143      0.285714298486709594726562500000000      
  0.2967033      0.296703308820724487304687500000000      
  0.3076923      0.307692319154739379882812500000000      
  0.3186813      0.318681329488754272460937500000000      
  0.3296703      0.329670339822769165039062500000000      
  0.3406594      0.340659350156784057617187500000000      
  0.3516484      0.351648360490798950195312500000000      
  0.3626374      0.362637370824813842773437500000000      
  0.3736264      0.373626381158828735351562500000000      
  0.3846154      0.384615391492843627929687500000000      
  0.3956044      0.395604401826858520507812500000000      
  0.4065934      0.406593412160873413085937500000000      
  0.4175824      0.417582422494888305664062500000000      
  0.4285714      0.428571432828903198242187500000000      
  0.4395604      0.439560443162918090820312500000000      
  0.4505495      0.450549453496932983398437500000000      
  0.4615385      0.461538463830947875976562500000000      
  0.4725275      0.472527474164962768554687500000000      
  0.4835165      0.483516484498977661132812500000000      
  0.4945055      0.494505494832992553710937500000000      
  0.5054945      0.505494534969329833984375000000000      
  0.5164835      0.516483545303344726562500000000000      
  0.5274726      0.527472555637359619140625000000000      
  0.5384616      0.538461565971374511718750000000000      
  0.5494506      0.549450576305389404296875000000000      
  0.5604396      0.560439586639404296875000000000000      
  0.5714286      0.571428596973419189453125000000000      
  0.5824176      0.582417607307434082031250000000000      
  0.5934066      0.593406617641448974609375000000000      
  0.6043956      0.604395627975463867187500000000000      
  0.6153846      0.615384638309478759765625000000000      
  0.6263736      0.626373648643493652343750000000000      
  0.6373627      0.637362658977508544921875000000000      
  0.6483517      0.648351669311523437500000000000000      
  0.6593407      0.659340679645538330078125000000000      
  0.6703297      0.670329689979553222656250000000000      
  0.6813187      0.681318700313568115234375000000000      
  0.6923077      0.692307710647583007812500000000000      
  0.7032967      0.703296720981597900390625000000000      
  0.7142857      0.714285731315612792968750000000000      
  0.7252747      0.725274741649627685546875000000000      
  0.7362638      0.736263751983642578125000000000000      
  0.7472528      0.747252762317657470703125000000000      
  0.7582418      0.758241772651672363281250000000000      
  0.7692308      0.769230782985687255859375000000000      
  0.7802198      0.780219793319702148437500000000000      
  0.7912088      0.791208803653717041015625000000000      
  0.8021978      0.802197813987731933593750000000000      
  0.8131868      0.813186824321746826171875000000000      
  0.8241758      0.824175834655761718750000000000000      
  0.8351648      0.835164844989776611328125000000000      
  0.8461539      0.846153855323791503906250000000000      
  0.8571429      0.857142865657806396484375000000000      
  0.8681319      0.868131875991821289062500000000000      
  0.8791209      0.879120886325836181640625000000000      
  0.8901099      0.890109896659851074218750000000000      
  0.9010989      0.901098906993865966796875000000000      
  0.9120879      0.912087917327880859375000000000000      
  0.9230769      0.923076927661895751953125000000000      
  0.9340659      0.934065937995910644531250000000000      
  0.9450549      0.945054948329925537109375000000000      
  0.9560440      0.956043958663940429687500000000000      
  0.9670330      0.967032968997955322265625000000000      
  0.9780220      0.978021979331970214843750000000000      
  0.9890110      0.989010989665985107421875000000000      
   1.000000       1.00000000000000000000000000000000      
