  2.2727273E-02  2.272727154195309E-002
  4.5454547E-02  4.545454308390617E-002
  6.8181820E-02  6.818181276321411E-002
  9.0909094E-02  9.090908616781235E-002
  0.1136364      0.113636359572411     
  0.1363636      0.136363625526428     
  0.1590909      0.159090906381607     
  0.1818182      0.181818172335625     
  0.2045455      0.204545438289642     
  0.2272727      0.227272719144821     
  0.2500000      0.249999985098839     
  0.2727273      0.272727251052856     
  0.2954545      0.295454531908035     
  0.3181818      0.318181812763214     
  0.3409091      0.340909063816071     
  0.3636364      0.363636344671249     
  0.3863636      0.386363625526428     
  0.4090909      0.409090876579285     
  0.4318182      0.431818157434464     
  0.4545455      0.454545438289642     
  0.4772727      0.477272689342499     
  0.5000000      0.499999970197678     
  0.5227273      0.522727251052856     
  0.5454546      0.545454502105713     
  0.5681818      0.568181812763214     
  0.5909091      0.590909063816071     
  0.6136364      0.613636314868927     
  0.6363636      0.636363625526428     
  0.6590909      0.659090876579285     
  0.6818182      0.681818127632141     
  0.7045454      0.704545438289642     
  0.7272727      0.727272689342499     
  0.7500000      0.749999940395355     
  0.7727273      0.772727251052856     
  0.7954546      0.795454502105713     
  0.8181818      0.818181753158569     
  0.8409091      0.840909063816071     
  0.8636364      0.863636314868927     
  0.8863636      0.886363565921783     
  0.9090909      0.909090876579285     
  0.9318182      0.931818127632141     
  0.9545454      0.954545378684998     
  0.9772727      0.977272689342499     
   1.000000      0.999999940395355     
