  2.1276595E-02  0.000000000000000E+000
  4.2553190E-02  4.255319148936186E-002
  6.3829787E-02  6.382978723404280E-002
  8.5106380E-02  8.510638297872372E-002
  0.1063830      0.106382978723405     
  0.1276596      0.127659574468086     
  0.1489362      0.148936170212767     
  0.1702128      0.170212765957447     
  0.1914894      0.191489361702128     
  0.2127660      0.212765957446809     
  0.2340426      0.234042553191490     
  0.2553191      0.255319148936171     
  0.2765957      0.276595744680852     
  0.2978723      0.297872340425533     
  0.3191489      0.319148936170214     
  0.3404255      0.340425531914895     
  0.3617021      0.361702127659576     
  0.3829787      0.382978723404256     
  0.4042553      0.404255319148937     
  0.4255319      0.425531914893618     
  0.4468085      0.446808510638299     
  0.4680851      0.468085106382980     
  0.4893617      0.489361702127661     
  0.5106383      0.510638297872342     
  0.5319149      0.531914893617023     
  0.5531915      0.553191489361704     
  0.5744681      0.574468085106384     
  0.5957447      0.595744680851066     
  0.6170213      0.617021276595746     
  0.6382979      0.638297872340427     
  0.6595744      0.659574468085108     
  0.6808510      0.680851063829789     
  0.7021276      0.702127659574470     
  0.7234042      0.723404255319150     
  0.7446808      0.744680851063831     
  0.7659575      0.765957446808512     
  0.7872341      0.787234042553193     
  0.8085107      0.808510638297873     
  0.8297873      0.829787234042554     
  0.8510638      0.851063829787235     
  0.8723404      0.872340425531916     
  0.8936170      0.893617021276596     
  0.9148936      0.914893617021277     
  0.9361702      0.936170212765958     
  0.9574468      0.957446808510638     
  0.9787234      0.978723404255319     
   1.000000       1.00000000000000     
