  4.5454547E-02  4.545454680919647216796875000000000E-0002
  9.0909094E-02  9.090909361839294433593750000000000E-0002
  0.1363636      0.136363640427589416503906250000000      
  0.1818182      0.181818187236785888671875000000000      
  0.2272727      0.227272734045982360839843750000000      
  0.2727273      0.272727280855178833007812500000000      
  0.3181818      0.318181812763214111328125000000000      
  0.3636364      0.363636374473571777343750000000000      
  0.4090909      0.409090906381607055664062500000000      
  0.4545455      0.454545468091964721679687500000000      
  0.5000000      0.500000000000000000000000000000000      
  0.5454546      0.545454561710357666015625000000000      
  0.5909091      0.590909063816070556640625000000000      
  0.6363636      0.636363625526428222656250000000000      
  0.6818182      0.681818187236785888671875000000000      
  0.7272727      0.727272748947143554687500000000000      
  0.7727273      0.772727251052856445312500000000000      
  0.8181818      0.818181812763214111328125000000000      
  0.8636364      0.863636374473571777343750000000000      
  0.9090909      0.909090936183929443359375000000000      
  0.9545454      0.954545438289642333984375000000000      
   1.000000       1.00000000000000000000000000000000      
