  1.9607844E-02  1.9607842E-02
  3.9215688E-02  3.9215684E-02
  5.8823530E-02  5.8823526E-02
  7.8431375E-02  7.8431368E-02
  9.8039217E-02  9.8039210E-02
  0.1176471      0.1176471    
  0.1372549      0.1372549    
  0.1568628      0.1568627    
  0.1764706      0.1764706    
  0.1960784      0.1960784    
  0.2156863      0.2156863    
  0.2352941      0.2352941    
  0.2549020      0.2549019    
  0.2745098      0.2745098    
  0.2941177      0.2941176    
  0.3137255      0.3137255    
  0.3333333      0.3333333    
  0.3529412      0.3529412    
  0.3725490      0.3725490    
  0.3921569      0.3921568    
  0.4117647      0.4117647    
  0.4313726      0.4313725    
  0.4509804      0.4509804    
  0.4705882      0.4705882    
  0.4901961      0.4901960    
  0.5098040      0.5098039    
  0.5294118      0.5294117    
  0.5490196      0.5490196    
  0.5686275      0.5686274    
  0.5882353      0.5882353    
  0.6078432      0.6078431    
  0.6274510      0.6274509    
  0.6470588      0.6470588    
  0.6666667      0.6666666    
  0.6862745      0.6862745    
  0.7058824      0.7058823    
  0.7254902      0.7254902    
  0.7450981      0.7450980    
  0.7647059      0.7647058    
  0.7843137      0.7843137    
  0.8039216      0.8039215    
  0.8235294      0.8235294    
  0.8431373      0.8431372    
  0.8627451      0.8627450    
  0.8823529      0.8823529    
  0.9019608      0.9019607    
  0.9215686      0.9215686    
  0.9411765      0.9411764    
  0.9607843      0.9607843    
  0.9803922      0.9803922    
   1.000000       1.000000    
