  3.0303031E-02  0.0000000E+00
  6.0606062E-02  6.0606267E-02
  9.0909094E-02  9.0909429E-02
  0.1212121      0.1212125    
  0.1515152      0.1515157    
  0.1818182      0.1818189    
  0.2121212      0.2121220    
  0.2424242      0.2424251    
  0.2727273      0.2727283    
  0.3030303      0.3030315    
  0.3333333      0.3333345    
  0.3636364      0.3636377    
  0.3939394      0.3939408    
  0.4242424      0.4242439    
  0.4545455      0.4545470    
  0.4848485      0.4848501    
  0.5151515      0.5151531    
  0.5454546      0.5454561    
  0.5757576      0.5757592    
  0.6060606      0.6060622    
  0.6363636      0.6363652    
  0.6666667      0.6666682    
  0.6969697      0.6969712    
  0.7272727      0.7272742    
  0.7575758      0.7575772    
  0.7878788      0.7878800    
  0.8181818      0.8181829    
  0.8484849      0.8484857    
  0.8787879      0.8787886    
  0.9090909      0.9090914    
  0.9393939      0.9393944    
  0.9696970      0.9696973    
   1.000000       1.000000    
