  2.5000000E-02  2.500000037252902984619140625000000E-0002
  5.0000001E-02  5.000000074505805969238281250000000E-0002
  7.5000003E-02  7.500000298023223876953125000000000E-0002
  0.1000000      0.100000001490116119384765625000000      
  0.1250000      0.125000000000000000000000000000000      
  0.1500000      0.150000005960464477539062500000000      
  0.1750000      0.174999997019767761230468750000000      
  0.2000000      0.200000002980232238769531250000000      
  0.2250000      0.224999994039535522460937500000000      
  0.2500000      0.250000000000000000000000000000000      
  0.2750000      0.275000005960464477539062500000000      
  0.3000000      0.300000011920928955078125000000000      
  0.3250000      0.324999988079071044921875000000000      
  0.3500000      0.349999994039535522460937500000000      
  0.3750000      0.375000000000000000000000000000000      
  0.4000000      0.400000005960464477539062500000000      
  0.4250000      0.425000011920928955078125000000000      
  0.4500000      0.449999988079071044921875000000000      
  0.4750000      0.474999994039535522460937500000000      
  0.5000000      0.500000000000000000000000000000000      
  0.5250000      0.524999976158142089843750000000000      
  0.5500000      0.550000011920928955078125000000000      
  0.5750000      0.574999988079071044921875000000000      
  0.6000000      0.600000023841857910156250000000000      
  0.6250000      0.625000000000000000000000000000000      
  0.6500000      0.649999976158142089843750000000000      
  0.6750000      0.675000011920928955078125000000000      
  0.7000000      0.699999988079071044921875000000000      
  0.7250000      0.725000023841857910156250000000000      
  0.7500000      0.750000000000000000000000000000000      
  0.7750000      0.774999976158142089843750000000000      
  0.8000000      0.800000011920928955078125000000000      
  0.8250000      0.824999988079071044921875000000000      
  0.8500000      0.850000023841857910156250000000000      
  0.8750000      0.875000000000000000000000000000000      
  0.9000000      0.899999976158142089843750000000000      
  0.9250000      0.925000011920928955078125000000000      
  0.9500000      0.949999988079071044921875000000000      
  0.9750000      0.975000023841857910156250000000000      
   1.000000       1.00000000000000000000000000000000      
