  1.2195121E-02  0.000000000000000000000000000000000E+0000
  2.4390243E-02  2.439024390243902439024390243902451E-0002
  3.6585364E-02  3.658536585365853658536585365853677E-0002
  4.8780486E-02  4.878048780487804878048780487804902E-0002
  6.0975611E-02  6.097560975609756097560975609756125E-0002
  7.3170729E-02  7.317073170731707317073170731707350E-0002
  8.5365854E-02  8.536585365853658536585365853658582E-0002
  9.7560972E-02  9.756097560975609756097560975609801E-0002
  0.1097561      0.109756097560975609756097560975610      
  0.1219512      0.121951219512195121951219512195123      
  0.1341463      0.134146341463414634146341463414635      
  0.1463415      0.146341463414634146341463414634147      
  0.1585366      0.158536585365853658536585365853659      
  0.1707317      0.170731707317073170731707317073172      
  0.1829268      0.182926829268292682926829268292684      
  0.1951219      0.195121951219512195121951219512196      
  0.2073171      0.207317073170731707317073170731708      
  0.2195122      0.219512195121951219512195121951220      
  0.2317073      0.231707317073170731707317073170733      
  0.2439024      0.243902439024390243902439024390245      
  0.2560976      0.256097560975609756097560975609757      
  0.2682927      0.268292682926829268292682926829269      
  0.2804878      0.280487804878048780487804878048782      
  0.2926829      0.292682926829268292682926829268294      
  0.3048781      0.304878048780487804878048780487806      
  0.3170732      0.317073170731707317073170731707318      
  0.3292683      0.329268292682926829268292682926830      
  0.3414634      0.341463414634146341463414634146343      
  0.3536585      0.353658536585365853658536585365855      
  0.3658537      0.365853658536585365853658536585367      
  0.3780488      0.378048780487804878048780487804879      
  0.3902439      0.390243902439024390243902439024392      
  0.4024390      0.402439024390243902439024390243904      
  0.4146341      0.414634146341463414634146341463416      
  0.4268293      0.426829268292682926829268292682928      
  0.4390244      0.439024390243902439024390243902440      
  0.4512195      0.451219512195121951219512195121952      
  0.4634146      0.463414634146341463414634146341464      
  0.4756097      0.475609756097560975609756097560977      
  0.4878049      0.487804878048780487804878048780489      
  0.5000000      0.500000000000000000000000000000001      
  0.5121951      0.512195121951219512195121951219513      
  0.5243902      0.524390243902439024390243902439025      
  0.5365854      0.536585365853658536585365853658538      
  0.5487805      0.548780487804878048780487804878050      
  0.5609756      0.560975609756097560975609756097562      
  0.5731707      0.573170731707317073170731707317074      
  0.5853658      0.585365853658536585365853658536586      
  0.5975610      0.597560975609756097560975609756099      
  0.6097561      0.609756097560975609756097560975611      
  0.6219512      0.621951219512195121951219512195123      
  0.6341463      0.634146341463414634146341463414636      
  0.6463414      0.646341463414634146341463414634148      
  0.6585366      0.658536585365853658536585365853660      
  0.6707317      0.670731707317073170731707317073172      
  0.6829268      0.682926829268292682926829268292684      
  0.6951219      0.695121951219512195121951219512197      
  0.7073171      0.707317073170731707317073170731709      
  0.7195122      0.719512195121951219512195121951221      
  0.7317073      0.731707317073170731707317073170733      
  0.7439024      0.743902439024390243902439024390245      
  0.7560976      0.756097560975609756097560975609757      
  0.7682927      0.768292682926829268292682926829270      
  0.7804878      0.780487804878048780487804878048782      
  0.7926829      0.792682926829268292682926829268294      
  0.8048781      0.804878048780487804878048780487806      
  0.8170732      0.817073170731707317073170731707318      
  0.8292683      0.829268292682926829268292682926830      
  0.8414634      0.841463414634146341463414634146342      
  0.8536586      0.853658536585365853658536585365855      
  0.8658537      0.865853658536585365853658536585367      
  0.8780488      0.878048780487804878048780487804879      
  0.8902439      0.890243902439024390243902439024391      
  0.9024390      0.902439024390243902439024390243903      
  0.9146342      0.914634146341463414634146341463415      
  0.9268293      0.926829268292682926829268292682927      
  0.9390244      0.939024390243902439024390243902440      
  0.9512195      0.951219512195121951219512195121952      
  0.9634146      0.963414634146341463414634146341464      
  0.9756098      0.975609756097560975609756097560976      
  0.9878049      0.987804878048780487804878048780488      
   1.000000       1.00000000000000000000000000000000      
