  1.3513514E-02  0.000000000000000000000000000000000E+0000
  2.7027028E-02  2.702702702702702702702702702702709E-0002
  4.0540539E-02  4.054054054054054054054054054054061E-0002
  5.4054055E-02  5.405405405405405405405405405405419E-0002
  6.7567565E-02  6.756756756756756756756756756756773E-0002
  8.1081077E-02  8.108108108108108108108108108108132E-0002
  9.4594598E-02  9.459459459459459459459459459459486E-0002
  0.1081081      0.108108108108108108108108108108108      
  0.1216216      0.121621621621621621621621621621622      
  0.1351351      0.135135135135135135135135135135135      
  0.1486486      0.148648648648648648648648648648649      
  0.1621622      0.162162162162162162162162162162163      
  0.1756757      0.175675675675675675675675675675676      
  0.1891892      0.189189189189189189189189189189190      
  0.2027027      0.202702702702702702702702702702703      
  0.2162162      0.216216216216216216216216216216217      
  0.2297297      0.229729729729729729729729729729730      
  0.2432432      0.243243243243243243243243243243244      
  0.2567568      0.256756756756756756756756756756757      
  0.2702703      0.270270270270270270270270270270271      
  0.2837838      0.283783783783783783783783783783784      
  0.2972973      0.297297297297297297297297297297298      
  0.3108108      0.310810810810810810810810810810811      
  0.3243243      0.324324324324324324324324324324325      
  0.3378378      0.337837837837837837837837837837838      
  0.3513514      0.351351351351351351351351351351352      
  0.3648649      0.364864864864864864864864864864865      
  0.3783784      0.378378378378378378378378378378379      
  0.3918919      0.391891891891891891891891891891892      
  0.4054054      0.405405405405405405405405405405406      
  0.4189189      0.418918918918918918918918918918919      
  0.4324324      0.432432432432432432432432432432433      
  0.4459459      0.445945945945945945945945945945946      
  0.4594595      0.459459459459459459459459459459460      
  0.4729730      0.472972972972972972972972972972974      
  0.4864865      0.486486486486486486486486486486487      
  0.5000000      0.500000000000000000000000000000000      
  0.5135135      0.513513513513513513513513513513514      
  0.5270270      0.527027027027027027027027027027027      
  0.5405405      0.540540540540540540540540540540541      
  0.5540541      0.554054054054054054054054054054054      
  0.5675676      0.567567567567567567567567567567568      
  0.5810811      0.581081081081081081081081081081081      
  0.5945946      0.594594594594594594594594594594595      
  0.6081081      0.608108108108108108108108108108108      
  0.6216216      0.621621621621621621621621621621622      
  0.6351351      0.635135135135135135135135135135135      
  0.6486486      0.648648648648648648648648648648649      
  0.6621622      0.662162162162162162162162162162162      
  0.6756757      0.675675675675675675675675675675676      
  0.6891892      0.689189189189189189189189189189190      
  0.7027027      0.702702702702702702702702702702703      
  0.7162162      0.716216216216216216216216216216217      
  0.7297297      0.729729729729729729729729729729730      
  0.7432432      0.743243243243243243243243243243244      
  0.7567568      0.756756756756756756756756756756758      
  0.7702703      0.770270270270270270270270270270271      
  0.7837838      0.783783783783783783783783783783785      
  0.7972973      0.797297297297297297297297297297298      
  0.8108108      0.810810810810810810810810810810812      
  0.8243243      0.824324324324324324324324324324325      
  0.8378378      0.837837837837837837837837837837839      
  0.8513514      0.851351351351351351351351351351352      
  0.8648649      0.864864864864864864864864864864866      
  0.8783784      0.878378378378378378378378378378379      
  0.8918919      0.891891891891891891891891891891892      
  0.9054054      0.905405405405405405405405405405406      
  0.9189189      0.918918918918918918918918918918919      
  0.9324324      0.932432432432432432432432432432433      
  0.9459459      0.945945945945945945945945945945946      
  0.9594595      0.959459459459459459459459459459459      
  0.9729730      0.972972972972972972972972972972973      
  0.9864865      0.986486486486486486486486486486487      
   1.000000       1.00000000000000000000000000000000      
