  1.8867925E-02  1.886792294681072E-002
  3.7735850E-02  3.773584589362144E-002
  5.6603774E-02  5.660376697778702E-002
  7.5471699E-02  7.547169178724289E-002
  9.4339624E-02  9.433961659669876E-002
  0.1132075      0.113207533955574     
  0.1320755      0.132075458765030     
  0.1509434      0.150943383574486     
  0.1698113      0.169811308383942     
  0.1886792      0.188679233193398     
  0.2075472      0.207547158002853     
  0.2264151      0.226415067911148     
  0.2452830      0.245282992720604     
  0.2641509      0.264150917530060     
  0.2830189      0.283018857240677     
  0.3018868      0.301886767148972     
  0.3207547      0.320754677057266     
  0.3396226      0.339622616767883     
  0.3584906      0.358490526676178     
  0.3773585      0.377358466386795     
  0.3962264      0.396226376295090     
  0.4150943      0.415094316005707     
  0.4339623      0.433962225914001     
  0.4528302      0.452830135822296     
  0.4716981      0.471698075532913     
  0.4905660      0.490565985441208     
  0.5094340      0.509433925151825     
  0.5283019      0.528301835060120     
  0.5471698      0.547169744968414     
  0.5660377      0.566037714481354     
  0.5849057      0.584905624389648     
  0.6037736      0.603773534297943     
  0.6226415      0.622641444206238     
  0.6415094      0.641509354114532     
  0.6603774      0.660377323627472     
  0.6792453      0.679245233535767     
  0.6981132      0.698113143444061     
  0.7169811      0.716981053352356     
  0.7358491      0.735849022865295     
  0.7547170      0.754716932773590     
  0.7735849      0.773584842681885     
  0.7924528      0.792452752590179     
  0.8113208      0.811320662498474     
  0.8301887      0.830188632011414     
  0.8490566      0.849056541919708     
  0.8679245      0.867924451828003     
  0.8867925      0.886792361736298     
  0.9056604      0.905660271644592     
  0.9245283      0.924528241157532     
  0.9433962      0.943396151065826     
  0.9622642      0.962264060974121     
  0.9811321      0.981131970882416     
   1.000000       1.00000000000000     
