  1.2658228E-02  1.2658227E-02
  2.5316456E-02  2.5316454E-02
  3.7974682E-02  3.7974682E-02
  5.0632913E-02  5.0632909E-02
  6.3291140E-02  6.3291132E-02
  7.5949363E-02  7.5949363E-02
  8.8607594E-02  8.8607594E-02
  0.1012658      0.1012658    
  0.1139240      0.1139240    
  0.1265823      0.1265823    
  0.1392405      0.1392405    
  0.1518987      0.1518987    
  0.1645570      0.1645570    
  0.1772152      0.1772152    
  0.1898734      0.1898734    
  0.2025317      0.2025316    
  0.2151899      0.2151899    
  0.2278481      0.2278481    
  0.2405063      0.2405063    
  0.2531646      0.2531645    
  0.2658228      0.2658228    
  0.2784810      0.2784810    
  0.2911392      0.2911392    
  0.3037975      0.3037975    
  0.3164557      0.3164557    
  0.3291139      0.3291139    
  0.3417721      0.3417721    
  0.3544304      0.3544304    
  0.3670886      0.3670886    
  0.3797468      0.3797468    
  0.3924051      0.3924050    
  0.4050633      0.4050633    
  0.4177215      0.4177215    
  0.4303797      0.4303797    
  0.4430380      0.4430380    
  0.4556962      0.4556962    
  0.4683544      0.4683544    
  0.4810127      0.4810126    
  0.4936709      0.4936709    
  0.5063291      0.5063291    
  0.5189874      0.5189873    
  0.5316456      0.5316455    
  0.5443038      0.5443038    
  0.5569620      0.5569620    
  0.5696203      0.5696203    
  0.5822785      0.5822784    
  0.5949367      0.5949367    
  0.6075949      0.6075949    
  0.6202531      0.6202531    
  0.6329114      0.6329114    
  0.6455696      0.6455696    
  0.6582279      0.6582278    
  0.6708861      0.6708860    
  0.6835443      0.6835443    
  0.6962025      0.6962025    
  0.7088608      0.7088608    
  0.7215190      0.7215189    
  0.7341772      0.7341772    
  0.7468355      0.7468354    
  0.7594936      0.7594936    
  0.7721519      0.7721519    
  0.7848101      0.7848101    
  0.7974684      0.7974683    
  0.8101266      0.8101265    
  0.8227848      0.8227848    
  0.8354430      0.8354430    
  0.8481013      0.8481012    
  0.8607595      0.8607594    
  0.8734177      0.8734177    
  0.8860760      0.8860759    
  0.8987342      0.8987342    
  0.9113924      0.9113923    
  0.9240506      0.9240506    
  0.9367089      0.9367088    
  0.9493671      0.9493670    
  0.9620253      0.9620253    
  0.9746835      0.9746835    
  0.9873418      0.9873418    
   1.000000       1.000000    
