  9.0909094E-02  0.000000000000000000000000000000000E+0000
  0.1818182      0.181818181818181818181818181818182      
  0.2727273      0.272727272727272727272727272727273      
  0.3636364      0.363636363636363636363636363636364      
  0.4545455      0.454545454545454545454545454545454      
  0.5454546      0.545454545454545454545454545454545      
  0.6363636      0.636363636363636363636363636363636      
  0.7272727      0.727272727272727272727272727272727      
  0.8181818      0.818181818181818181818181818181818      
  0.9090909      0.909090909090909090909090909090909      
   1.000000       1.00000000000000000000000000000000      
