  1.0416667E-02  0.0000000E+00
  2.0833334E-02  2.0834122E-02
  3.1250000E-02  3.1251200E-02
  4.1666668E-02  4.1668236E-02
  5.2083332E-02  5.2085306E-02
  6.2500000E-02  6.2502384E-02
  7.2916664E-02  7.2919451E-02
  8.3333336E-02  8.3336473E-02
  9.3750000E-02  9.3753554E-02
  0.1041667      0.1041706    
  0.1145833      0.1145877    
  0.1250000      0.1250047    
  0.1354167      0.1354218    
  0.1458333      0.1458388    
  0.1562500      0.1562559    
  0.1666667      0.1666729    
  0.1770833      0.1770900    
  0.1875000      0.1875070    
  0.1979167      0.1979241    
  0.2083333      0.2083410    
  0.2187500      0.2187582    
  0.2291667      0.2291752    
  0.2395833      0.2395922    
  0.2500000      0.2500093    
  0.2604167      0.2604262    
  0.2708333      0.2708431    
  0.2812500      0.2812601    
  0.2916667      0.2916771    
  0.3020833      0.3020943    
  0.3125000      0.3125111    
  0.3229167      0.3229282    
  0.3333333      0.3333450    
  0.3437500      0.3437619    
  0.3541667      0.3541788    
  0.3645833      0.3645958    
  0.3750000      0.3750126    
  0.3854167      0.3854296    
  0.3958333      0.3958465    
  0.4062500      0.4062633    
  0.4166667      0.4166802    
  0.4270833      0.4270970    
  0.4375000      0.4375139    
  0.4479167      0.4479309    
  0.4583333      0.4583478    
  0.4687500      0.4687646    
  0.4791667      0.4791815    
  0.4895833      0.4895984    
  0.5000000      0.5000150    
  0.5104167      0.5104319    
  0.5208333      0.5208485    
  0.5312500      0.5312654    
  0.5416667      0.5416821    
  0.5520833      0.5520989    
  0.5625000      0.5625156    
  0.5729167      0.5729322    
  0.5833333      0.5833486    
  0.5937500      0.5937653    
  0.6041667      0.6041818    
  0.6145833      0.6145984    
  0.6250000      0.6250148    
  0.6354167      0.6354312    
  0.6458333      0.6458479    
  0.6562500      0.6562644    
  0.6666667      0.6666806    
  0.6770833      0.6770973    
  0.6875000      0.6875137    
  0.6979167      0.6979299    
  0.7083333      0.7083464    
  0.7187500      0.7187629    
  0.7291667      0.7291792    
  0.7395833      0.7395957    
  0.7500000      0.7500117    
  0.7604167      0.7604281    
  0.7708333      0.7708446    
  0.7812500      0.7812609    
  0.7916667      0.7916773    
  0.8020833      0.8020936    
  0.8125000      0.8125100    
  0.8229167      0.8229262    
  0.8333333      0.8333426    
  0.8437500      0.8437587    
  0.8541667      0.8541750    
  0.8645833      0.8645912    
  0.8750000      0.8750073    
  0.8854167      0.8854235    
  0.8958333      0.8958397    
  0.9062500      0.9062560    
  0.9166667      0.9166722    
  0.9270833      0.9270884    
  0.9375000      0.9375045    
  0.9479167      0.9479207    
  0.9583333      0.9583367    
  0.9687500      0.9687529    
  0.9791667      0.9791688    
  0.9895833      0.9895849    
   1.000000       1.000001    
