  4.3478262E-02  0.0000000E+00
  8.6956523E-02  8.6956702E-02
  0.1304348      0.1304350    
  0.1739130      0.1739134    
  0.2173913      0.2173918    
  0.2608696      0.2608700    
  0.3043478      0.3043483    
  0.3478261      0.3478267    
  0.3913043      0.3913049    
  0.4347826      0.4347833    
  0.4782609      0.4782617    
  0.5217391      0.5217399    
  0.5652174      0.5652181    
  0.6086956      0.6086965    
  0.6521739      0.6521746    
  0.6956522      0.6956529    
  0.7391304      0.7391310    
  0.7826087      0.7826091    
  0.8260869      0.8260873    
  0.8695652      0.8695655    
  0.9130435      0.9130436    
  0.9565217      0.9565218    
   1.000000       1.000000    
