  1.2345679E-02  1.234567910432815551757812500000000E-0002
  2.4691358E-02  2.469135820865631103515625000000000E-0002
  3.7037037E-02  3.703703731298446655273437500000000E-0002
  4.9382716E-02  4.938271641731262207031250000000000E-0002
  6.1728396E-02  6.172839552164077758789062500000000E-0002
  7.4074075E-02  7.407407462596893310546875000000000E-0002
  8.6419754E-02  8.641975373029708862304687500000000E-0002
  9.8765433E-02  9.876543283462524414062500000000000E-0002
  0.1111111      0.111111111938953399658203125000000      
  0.1234568      0.123456791043281555175781250000000      
  0.1358025      0.135802462697029113769531250000000      
  0.1481481      0.148148149251937866210937500000000      
  0.1604938      0.160493820905685424804687500000000      
  0.1728395      0.172839507460594177246093750000000      
  0.1851852      0.185185179114341735839843750000000      
  0.1975309      0.197530865669250488281250000000000      
  0.2098765      0.209876537322998046875000000000000      
  0.2222222      0.222222223877906799316406250000000      
  0.2345679      0.234567895531654357910156250000000      
  0.2469136      0.246913582086563110351562500000000      
  0.2592593      0.259259253740310668945312500000000      
  0.2716049      0.271604925394058227539062500000000      
  0.2839506      0.283950626850128173828125000000000      
  0.2962963      0.296296298503875732421875000000000      
  0.3086420      0.308641970157623291015625000000000      
  0.3209876      0.320987641811370849609375000000000      
  0.3333333      0.333333343267440795898437500000000      
  0.3456790      0.345679014921188354492187500000000      
  0.3580247      0.358024686574935913085937500000000      
  0.3703704      0.370370358228683471679687500000000      
  0.3827161      0.382716059684753417968750000000000      
  0.3950617      0.395061731338500976562500000000000      
  0.4074074      0.407407402992248535156250000000000      
  0.4197531      0.419753074645996093750000000000000      
  0.4320988      0.432098776102066040039062500000000      
  0.4444444      0.444444447755813598632812500000000      
  0.4567901      0.456790119409561157226562500000000      
  0.4691358      0.469135791063308715820312500000000      
  0.4814815      0.481481492519378662109375000000000      
  0.4938272      0.493827164173126220703125000000000      
  0.5061728      0.506172835826873779296875000000000      
  0.5185185      0.518518507480621337890625000000000      
  0.5308642      0.530864179134368896484375000000000      
  0.5432099      0.543209850788116455078125000000000      
  0.5555556      0.555555582046508789062500000000000      
  0.5679013      0.567901253700256347656250000000000      
  0.5802469      0.580246925354003906250000000000000      
  0.5925926      0.592592597007751464843750000000000      
  0.6049383      0.604938268661499023437500000000000      
  0.6172839      0.617283940315246582031250000000000      
  0.6296296      0.629629611968994140625000000000000      
  0.6419753      0.641975283622741699218750000000000      
  0.6543210      0.654321014881134033203125000000000      
  0.6666667      0.666666686534881591796875000000000      
  0.6790124      0.679012358188629150390625000000000      
  0.6913580      0.691358029842376708984375000000000      
  0.7037037      0.703703701496124267578125000000000      
  0.7160494      0.716049373149871826171875000000000      
  0.7283950      0.728395044803619384765625000000000      
  0.7407407      0.740740716457366943359375000000000      
  0.7530864      0.753086447715759277343750000000000      
  0.7654321      0.765432119369506835937500000000000      
  0.7777778      0.777777791023254394531250000000000      
  0.7901235      0.790123462677001953125000000000000      
  0.8024691      0.802469134330749511718750000000000      
  0.8148148      0.814814805984497070312500000000000      
  0.8271605      0.827160477638244628906250000000000      
  0.8395061      0.839506149291992187500000000000000      
  0.8518519      0.851851880550384521484375000000000      
  0.8641976      0.864197552204132080078125000000000      
  0.8765432      0.876543223857879638671875000000000      
  0.8888889      0.888888895511627197265625000000000      
  0.9012346      0.901234567165374755859375000000000      
  0.9135802      0.913580238819122314453125000000000      
  0.9259259      0.925925910472869873046875000000000      
  0.9382716      0.938271582126617431640625000000000      
  0.9506173      0.950617313385009765625000000000000      
  0.9629630      0.962962985038757324218750000000000      
  0.9753087      0.975308656692504882812500000000000      
  0.9876543      0.987654328346252441406250000000000      
   1.000000       1.00000000000000000000000000000000      
