  1.2500000E-02  0.000000000000000000000000000000000E+0000
  2.5000000E-02  2.500000000000000000000000000000007E-0002
  3.7500001E-02  3.750000000000000000000000000000010E-0002
  5.0000001E-02  5.000000000000000000000000000000013E-0002
  6.2500000E-02  6.250000000000000000000000000000017E-0002
  7.5000003E-02  7.500000000000000000000000000000020E-0002
  8.7499999E-02  8.750000000000000000000000000000016E-0002
  0.1000000      0.100000000000000000000000000000000      
  0.1125000      0.112500000000000000000000000000000      
  0.1250000      0.125000000000000000000000000000000      
  0.1375000      0.137500000000000000000000000000000      
  0.1500000      0.150000000000000000000000000000000      
  0.1625000      0.162500000000000000000000000000000      
  0.1750000      0.175000000000000000000000000000000      
  0.1875000      0.187500000000000000000000000000000      
  0.2000000      0.200000000000000000000000000000000      
  0.2125000      0.212500000000000000000000000000000      
  0.2250000      0.225000000000000000000000000000001      
  0.2375000      0.237500000000000000000000000000000      
  0.2500000      0.250000000000000000000000000000000      
  0.2625000      0.262500000000000000000000000000000      
  0.2750000      0.275000000000000000000000000000000      
  0.2875000      0.287500000000000000000000000000000      
  0.3000000      0.300000000000000000000000000000000      
  0.3125000      0.312500000000000000000000000000000      
  0.3250000      0.325000000000000000000000000000000      
  0.3375000      0.337500000000000000000000000000000      
  0.3500000      0.350000000000000000000000000000000      
  0.3625000      0.362500000000000000000000000000000      
  0.3750000      0.375000000000000000000000000000000      
  0.3875000      0.387500000000000000000000000000000      
  0.4000000      0.400000000000000000000000000000000      
  0.4125000      0.412500000000000000000000000000001      
  0.4250000      0.425000000000000000000000000000000      
  0.4375000      0.437500000000000000000000000000000      
  0.4500000      0.450000000000000000000000000000000      
  0.4625000      0.462500000000000000000000000000000      
  0.4750000      0.475000000000000000000000000000000      
  0.4875000      0.487500000000000000000000000000000      
  0.5000000      0.500000000000000000000000000000000      
  0.5125000      0.512500000000000000000000000000000      
  0.5250000      0.525000000000000000000000000000000      
  0.5375000      0.537500000000000000000000000000000      
  0.5500000      0.550000000000000000000000000000000      
  0.5625000      0.562500000000000000000000000000000      
  0.5750000      0.575000000000000000000000000000000      
  0.5875000      0.587500000000000000000000000000000      
  0.6000000      0.599999999999999999999999999999999      
  0.6125000      0.612499999999999999999999999999999      
  0.6250000      0.625000000000000000000000000000000      
  0.6375000      0.637499999999999999999999999999999      
  0.6500000      0.650000000000000000000000000000000      
  0.6625000      0.662500000000000000000000000000000      
  0.6750000      0.675000000000000000000000000000000      
  0.6875000      0.687500000000000000000000000000000      
  0.7000000      0.700000000000000000000000000000000      
  0.7125000      0.712500000000000000000000000000000      
  0.7250000      0.725000000000000000000000000000000      
  0.7375000      0.737500000000000000000000000000000      
  0.7500000      0.750000000000000000000000000000000      
  0.7625000      0.762500000000000000000000000000000      
  0.7750000      0.775000000000000000000000000000000      
  0.7875000      0.787500000000000000000000000000000      
  0.8000000      0.800000000000000000000000000000000      
  0.8125000      0.812500000000000000000000000000000      
  0.8250000      0.825000000000000000000000000000000      
  0.8375000      0.837500000000000000000000000000000      
  0.8500000      0.850000000000000000000000000000000      
  0.8625000      0.862500000000000000000000000000000      
  0.8750000      0.875000000000000000000000000000000      
  0.8875000      0.887500000000000000000000000000000      
  0.9000000      0.900000000000000000000000000000000      
  0.9125000      0.912500000000000000000000000000000      
  0.9250000      0.925000000000000000000000000000000      
  0.9375000      0.937500000000000000000000000000000      
  0.9500000      0.950000000000000000000000000000000      
  0.9625000      0.962500000000000000000000000000000      
  0.9750000      0.975000000000000000000000000000000      
  0.9875000      0.987500000000000000000000000000000      
   1.000000       1.00000000000000000000000000000000      
