  1.1111111E-02  0.000000000000000E+000
  2.2222223E-02  2.222222222222214E-002
  3.3333335E-02  3.333333333333319E-002
  4.4444446E-02  4.444444444444427E-002
  5.5555556E-02  5.555555555555528E-002
  6.6666670E-02  6.666666666666635E-002
  7.7777781E-02  7.777777777777745E-002
  8.8888891E-02  8.888888888888855E-002
  0.1000000      0.100000000000000     
  0.1111111      0.111111111111111     
  0.1222222      0.122222222222222     
  0.1333333      0.133333333333333     
  0.1444445      0.144444444444444     
  0.1555556      0.155555555555555     
  0.1666667      0.166666666666666     
  0.1777778      0.177777777777777     
  0.1888889      0.188888888888888     
  0.2000000      0.199999999999999     
  0.2111111      0.211111111111110     
  0.2222222      0.222222222222221     
  0.2333333      0.233333333333332     
  0.2444444      0.244444444444443     
  0.2555556      0.255555555555555     
  0.2666667      0.266666666666666     
  0.2777778      0.277777777777777     
  0.2888889      0.288888888888888     
  0.3000000      0.299999999999999     
  0.3111111      0.311111111111110     
  0.3222222      0.322222222222221     
  0.3333333      0.333333333333332     
  0.3444445      0.344444444444443     
  0.3555556      0.355555555555554     
  0.3666667      0.366666666666665     
  0.3777778      0.377777777777776     
  0.3888889      0.388888888888888     
  0.4000000      0.399999999999999     
  0.4111111      0.411111111111110     
  0.4222222      0.422222222222221     
  0.4333333      0.433333333333332     
  0.4444444      0.444444444444443     
  0.4555556      0.455555555555553     
  0.4666667      0.466666666666665     
  0.4777778      0.477777777777776     
  0.4888889      0.488888888888887     
  0.5000000      0.499999999999998     
  0.5111111      0.511111111111109     
  0.5222222      0.522222222222220     
  0.5333334      0.533333333333331     
  0.5444444      0.544444444444443     
  0.5555556      0.555555555555553     
  0.5666667      0.566666666666665     
  0.5777778      0.577777777777776     
  0.5888889      0.588888888888887     
  0.6000000      0.599999999999998     
  0.6111111      0.611111111111109     
  0.6222222      0.622222222222221     
  0.6333333      0.633333333333332     
  0.6444445      0.644444444444443     
  0.6555555      0.655555555555554     
  0.6666667      0.666666666666666     
  0.6777778      0.677777777777777     
  0.6888889      0.688888888888888     
  0.7000000      0.699999999999999     
  0.7111111      0.711111111111111     
  0.7222222      0.722222222222222     
  0.7333333      0.733333333333333     
  0.7444444      0.744444444444445     
  0.7555556      0.755555555555556     
  0.7666667      0.766666666666667     
  0.7777778      0.777777777777779     
  0.7888889      0.788888888888890     
  0.8000000      0.800000000000001     
  0.8111111      0.811111111111112     
  0.8222222      0.822222222222223     
  0.8333333      0.833333333333335     
  0.8444445      0.844444444444446     
  0.8555555      0.855555555555557     
  0.8666667      0.866666666666668     
  0.8777778      0.877777777777780     
  0.8888889      0.888888888888891     
  0.9000000      0.900000000000002     
  0.9111111      0.911111111111113     
  0.9222222      0.922222222222224     
  0.9333333      0.933333333333335     
  0.9444444      0.944444444444446     
  0.9555556      0.955555555555557     
  0.9666666      0.966666666666668     
  0.9777778      0.977777777777779     
  0.9888889      0.988888888888889     
   1.000000       1.00000000000000     
