  1.0309278E-02  1.0309278E-02
  2.0618556E-02  2.0618556E-02
  3.0927835E-02  3.0927833E-02
  4.1237112E-02  4.1237112E-02
  5.1546391E-02  5.1546391E-02
  6.1855670E-02  6.1855666E-02
  7.2164945E-02  7.2164945E-02
  8.2474224E-02  8.2474224E-02
  9.2783503E-02  9.2783503E-02
  0.1030928      0.1030928    
  0.1134021      0.1134021    
  0.1237113      0.1237113    
  0.1340206      0.1340206    
  0.1443299      0.1443299    
  0.1546392      0.1546392    
  0.1649484      0.1649484    
  0.1752577      0.1752577    
  0.1855670      0.1855670    
  0.1958763      0.1958763    
  0.2061856      0.2061856    
  0.2164948      0.2164948    
  0.2268041      0.2268041    
  0.2371134      0.2371134    
  0.2474227      0.2474227    
  0.2577319      0.2577319    
  0.2680412      0.2680412    
  0.2783505      0.2783505    
  0.2886598      0.2886598    
  0.2989691      0.2989691    
  0.3092783      0.3092783    
  0.3195876      0.3195876    
  0.3298969      0.3298969    
  0.3402062      0.3402062    
  0.3505155      0.3505155    
  0.3608247      0.3608247    
  0.3711340      0.3711340    
  0.3814433      0.3814433    
  0.3917526      0.3917526    
  0.4020618      0.4020618    
  0.4123711      0.4123711    
  0.4226804      0.4226804    
  0.4329897      0.4329897    
  0.4432990      0.4432990    
  0.4536082      0.4536082    
  0.4639175      0.4639175    
  0.4742268      0.4742268    
  0.4845361      0.4845361    
  0.4948454      0.4948453    
  0.5051546      0.5051546    
  0.5154639      0.5154639    
  0.5257732      0.5257732    
  0.5360824      0.5360824    
  0.5463917      0.5463917    
  0.5567010      0.5567010    
  0.5670103      0.5670103    
  0.5773196      0.5773196    
  0.5876288      0.5876288    
  0.5979381      0.5979381    
  0.6082474      0.6082474    
  0.6185567      0.6185567    
  0.6288660      0.6288660    
  0.6391752      0.6391752    
  0.6494845      0.6494845    
  0.6597938      0.6597938    
  0.6701031      0.6701031    
  0.6804124      0.6804124    
  0.6907216      0.6907216    
  0.7010309      0.7010309    
  0.7113402      0.7113402    
  0.7216495      0.7216495    
  0.7319587      0.7319587    
  0.7422680      0.7422680    
  0.7525773      0.7525773    
  0.7628866      0.7628866    
  0.7731959      0.7731959    
  0.7835051      0.7835051    
  0.7938144      0.7938144    
  0.8041237      0.8041237    
  0.8144330      0.8144330    
  0.8247423      0.8247423    
  0.8350515      0.8350515    
  0.8453608      0.8453608    
  0.8556701      0.8556701    
  0.8659794      0.8659794    
  0.8762887      0.8762887    
  0.8865979      0.8865979    
  0.8969072      0.8969072    
  0.9072165      0.9072165    
  0.9175258      0.9175258    
  0.9278350      0.9278350    
  0.9381443      0.9381443    
  0.9484536      0.9484536    
  0.9587629      0.9587629    
  0.9690722      0.9690722    
  0.9793814      0.9793814    
  0.9896907      0.9896907    
   1.000000       1.000000    
