  5.0000001E-02  4.999999701976776E-002
  0.1000000      9.999999403953552E-002
  0.1500000      0.149999991059303     
  0.2000000      0.199999988079071     
  0.2500000      0.249999985098839     
  0.3000000      0.299999982118607     
  0.3500000      0.349999964237213     
  0.4000000      0.399999976158142     
  0.4500000      0.449999988079071     
  0.5000000      0.499999970197678     
  0.5500000      0.549999952316284     
  0.6000000      0.599999964237213     
  0.6500000      0.649999976158142     
  0.7000000      0.699999928474426     
  0.7500000      0.749999940395355     
  0.8000000      0.799999952316284     
  0.8500000      0.849999964237213     
  0.9000000      0.899999976158142     
  0.9500000      0.949999928474426     
   1.000000      0.999999940395355     
