  1.0752688E-02  1.075268816202879E-002
  2.1505376E-02  2.150537632405758E-002
  3.2258064E-02  3.225806355476379E-002
  4.3010753E-02  4.301075264811516E-002
  5.3763442E-02  5.376344174146652E-002
  6.4516127E-02  6.451612710952759E-002
  7.5268820E-02  7.526881992816925E-002
  8.6021505E-02  8.602150529623032E-002
  9.6774191E-02  9.677419066429138E-002
  0.1075269      0.107526883482933     
  0.1182796      0.118279568850994     
  0.1290323      0.129032254219055     
  0.1397849      0.139784947037697     
  0.1505376      0.150537639856339     
  0.1612903      0.161290317773819     
  0.1720430      0.172043010592461     
  0.1827957      0.182795703411102     
  0.1935484      0.193548381328583     
  0.2043011      0.204301074147224     
  0.2150538      0.215053766965866     
  0.2258064      0.225806444883347     
  0.2365591      0.236559137701988     
  0.2473118      0.247311830520630     
  0.2580645      0.258064508438110     
  0.2688172      0.268817216157913     
  0.2795699      0.279569894075394     
  0.2903226      0.290322571992874     
  0.3010753      0.301075279712677     
  0.3118280      0.311827957630157     
  0.3225806      0.322580635547638     
  0.3333333      0.333333343267441     
  0.3440860      0.344086021184921     
  0.3548387      0.354838699102402     
  0.3655914      0.365591406822205     
  0.3763441      0.376344084739685     
  0.3870968      0.387096762657166     
  0.3978495      0.397849470376968     
  0.4086021      0.408602148294449     
  0.4193548      0.419354826211929     
  0.4301075      0.430107533931732     
  0.4408602      0.440860211849213     
  0.4516129      0.451612889766693     
  0.4623656      0.462365597486496     
  0.4731183      0.473118275403976     
  0.4838710      0.483870953321457     
  0.4946237      0.494623661041260     
  0.5053763      0.505376338958740     
  0.5161290      0.516129016876221     
  0.5268817      0.526881694793701     
  0.5376344      0.537634432315826     
  0.5483871      0.548387110233307     
  0.5591398      0.559139788150787     
  0.5698925      0.569892466068268     
  0.5806451      0.580645143985748     
  0.5913978      0.591397821903229     
  0.6021506      0.602150559425354     
  0.6129032      0.612903237342834     
  0.6236559      0.623655915260315     
  0.6344086      0.634408593177795     
  0.6451613      0.645161271095276     
  0.6559139      0.655913949012756     
  0.6666667      0.666666686534882     
  0.6774194      0.677419364452362     
  0.6881720      0.688172042369843     
  0.6989247      0.698924720287323     
  0.7096774      0.709677398204803     
  0.7204301      0.720430135726929     
  0.7311828      0.731182813644409     
  0.7419355      0.741935491561890     
  0.7526882      0.752688169479370     
  0.7634408      0.763440847396851     
  0.7741935      0.774193525314331     
  0.7849463      0.784946262836456     
  0.7956989      0.795698940753937     
  0.8064516      0.806451618671417     
  0.8172043      0.817204296588898     
  0.8279570      0.827956974506378     
  0.8387097      0.838709652423859     
  0.8494624      0.849462389945984     
  0.8602151      0.860215067863464     
  0.8709677      0.870967745780945     
  0.8817204      0.881720423698425     
  0.8924731      0.892473101615906     
  0.9032258      0.903225779533386     
  0.9139785      0.913978517055511     
  0.9247312      0.924731194972992     
  0.9354839      0.935483872890472     
  0.9462366      0.946236550807953     
  0.9569892      0.956989228725433     
  0.9677419      0.967741906642914     
  0.9784946      0.978494644165039     
  0.9892473      0.989247322082520     
   1.000000       1.00000000000000     
