  1.0526316E-02  1.052631530910730E-002
  2.1052632E-02  2.105263061821461E-002
  3.1578947E-02  3.157894685864449E-002
  4.2105265E-02  4.210526123642921E-002
  5.2631579E-02  5.263157561421394E-002
  6.3157894E-02  6.315789371728897E-002
  7.3684208E-02  7.368420809507370E-002
  8.4210530E-02  8.421052247285843E-002
  9.4736844E-02  9.473683685064316E-002
  0.1052632      0.105263151228428     
  0.1157895      0.115789465606213     
  0.1263158      0.126315787434578     
  0.1368421      0.136842101812363     
  0.1473684      0.147368416190147     
  0.1578947      0.157894730567932     
  0.1684211      0.168421044945717     
  0.1789474      0.178947359323502     
  0.1894737      0.189473673701286     
  0.2000000      0.199999988079071     
  0.2105263      0.210526302456856     
  0.2210526      0.221052616834641     
  0.2315789      0.231578931212425     
  0.2421053      0.242105245590210     
  0.2526316      0.252631574869156     
  0.2631579      0.263157874345779     
  0.2736842      0.273684203624725     
  0.2842105      0.284210503101349     
  0.2947368      0.294736832380295     
  0.3052632      0.305263131856918     
  0.3157895      0.315789461135864     
  0.3263158      0.326315760612488     
  0.3368421      0.336842089891434     
  0.3473684      0.347368419170380     
  0.3578947      0.357894718647003     
  0.3684210      0.368421047925949     
  0.3789474      0.378947347402573     
  0.3894737      0.389473676681519     
  0.4000000      0.399999976158142     
  0.4105263      0.410526305437088     
  0.4210526      0.421052604913712     
  0.4315789      0.431578934192657     
  0.4421053      0.442105233669281     
  0.4526316      0.452631562948227     
  0.4631579      0.463157862424850     
  0.4736842      0.473684191703796     
  0.4842105      0.484210491180420     
  0.4947369      0.494736820459366     
  0.5052631      0.505263149738312     
  0.5157894      0.515789449214935     
  0.5263158      0.526315748691559     
  0.5368421      0.536842107772827     
  0.5473684      0.547368407249451     
  0.5578948      0.557894706726074     
  0.5684211      0.568421006202698     
  0.5789474      0.578947365283966     
  0.5894737      0.589473664760590     
  0.6000000      0.599999964237213     
  0.6105263      0.610526263713837     
  0.6210526      0.621052622795105     
  0.6315789      0.631578922271729     
  0.6421053      0.642105221748352     
  0.6526316      0.652631521224976     
  0.6631579      0.663157880306244     
  0.6736842      0.673684179782867     
  0.6842105      0.684210479259491     
  0.6947368      0.694736838340759     
  0.7052631      0.705263137817383     
  0.7157895      0.715789437294006     
  0.7263158      0.726315736770630     
  0.7368421      0.736842095851898     
  0.7473684      0.747368395328522     
  0.7578948      0.757894694805145     
  0.7684211      0.768420994281769     
  0.7789474      0.778947353363037     
  0.7894737      0.789473652839661     
  0.8000000      0.799999952316284     
  0.8105263      0.810526251792908     
  0.8210526      0.821052610874176     
  0.8315790      0.831578910350800     
  0.8421053      0.842105209827423     
  0.8526316      0.852631568908691     
  0.8631579      0.863157868385315     
  0.8736842      0.873684167861938     
  0.8842105      0.884210467338562     
  0.8947368      0.894736826419830     
  0.9052632      0.905263125896454     
  0.9157895      0.915789425373077     
  0.9263158      0.926315724849701     
  0.9368421      0.936842083930969     
  0.9473684      0.947368383407593     
  0.9578947      0.957894682884216     
  0.9684210      0.968420982360840     
  0.9789473      0.978947341442108     
  0.9894737      0.989473700523376     
   1.000000       1.00000000000000     
