  2.3809524E-02  2.3809522E-02
  4.7619049E-02  4.7619045E-02
  7.1428575E-02  7.1428567E-02
  9.5238097E-02  9.5238090E-02
  0.1190476      0.1190476    
  0.1428571      0.1428571    
  0.1666667      0.1666667    
  0.1904762      0.1904762    
  0.2142857      0.2142857    
  0.2380952      0.2380952    
  0.2619048      0.2619047    
  0.2857143      0.2857143    
  0.3095238      0.3095238    
  0.3333333      0.3333333    
  0.3571429      0.3571428    
  0.3809524      0.3809524    
  0.4047619      0.4047619    
  0.4285714      0.4285714    
  0.4523810      0.4523809    
  0.4761905      0.4761904    
  0.5000000      0.5000000    
  0.5238096      0.5238095    
  0.5476190      0.5476190    
  0.5714286      0.5714285    
  0.5952381      0.5952381    
  0.6190476      0.6190476    
  0.6428571      0.6428571    
  0.6666667      0.6666666    
  0.6904762      0.6904762    
  0.7142857      0.7142857    
  0.7380952      0.7380952    
  0.7619048      0.7619047    
  0.7857143      0.7857143    
  0.8095238      0.8095238    
  0.8333333      0.8333333    
  0.8571429      0.8571428    
  0.8809524      0.8809524    
  0.9047619      0.9047619    
  0.9285714      0.9285713    
  0.9523810      0.9523809    
  0.9761904      0.9761904    
   1.000000       1.000000    
