  1.0526316E-02  0.0000000E+00
  2.1052632E-02  2.1053439E-02
  3.1578947E-02  3.1580146E-02
  4.2105265E-02  4.2106878E-02
  5.2631579E-02  5.2633576E-02
  6.3157894E-02  6.3160293E-02
  7.3684208E-02  7.3687024E-02
  8.4210530E-02  8.4213711E-02
  9.4736844E-02  9.4740435E-02
  0.1052632      0.1052671    
  0.1157895      0.1157938    
  0.1263158      0.1263205    
  0.1368421      0.1368473    
  0.1473684      0.1473740    
  0.1578947      0.1579007    
  0.1684211      0.1684273    
  0.1789474      0.1789540    
  0.1894737      0.1894806    
  0.2000000      0.2000072    
  0.2105263      0.2105340    
  0.2210526      0.2210606    
  0.2315789      0.2315873    
  0.2421053      0.2421141    
  0.2526316      0.2526407    
  0.2631579      0.2631673    
  0.2736842      0.2736939    
  0.2842105      0.2842205    
  0.2947368      0.2947472    
  0.3052632      0.3052737    
  0.3157895      0.3158004    
  0.3263158      0.3263268    
  0.3368421      0.3368534    
  0.3473684      0.3473800    
  0.3578947      0.3579065    
  0.3684210      0.3684330    
  0.3789474      0.3789597    
  0.3894737      0.3894860    
  0.4000000      0.4000123    
  0.4105263      0.4105390    
  0.4210526      0.4210654    
  0.4315789      0.4315918    
  0.4421053      0.4421181    
  0.4526316      0.4526447    
  0.4631579      0.4631712    
  0.4736842      0.4736978    
  0.4842105      0.4842242    
  0.4947369      0.4947505    
  0.5052631      0.5052769    
  0.5157894      0.5158033    
  0.5263158      0.5263296    
  0.5368421      0.5368560    
  0.5473684      0.5473825    
  0.5578948      0.5579088    
  0.5684211      0.5684353    
  0.5789474      0.5789615    
  0.5894737      0.5894879    
  0.6000000      0.6000142    
  0.6105263      0.6105403    
  0.6210526      0.6210669    
  0.6315789      0.6315928    
  0.6421053      0.6421190    
  0.6526316      0.6526454    
  0.6631579      0.6631715    
  0.6736842      0.6736978    
  0.6842105      0.6842238    
  0.6947368      0.6947500    
  0.7052631      0.7052764    
  0.7157895      0.7158028    
  0.7263158      0.7263288    
  0.7368421      0.7368550    
  0.7473684      0.7473812    
  0.7578948      0.7579075    
  0.7684211      0.7684335    
  0.7789474      0.7789596    
  0.7894737      0.7894857    
  0.8000000      0.8000116    
  0.8105263      0.8105378    
  0.8210526      0.8210635    
  0.8315790      0.8315896    
  0.8421053      0.8421156    
  0.8526316      0.8526416    
  0.8631579      0.8631675    
  0.8736842      0.8736936    
  0.8842105      0.8842195    
  0.8947368      0.8947455    
  0.9052632      0.9052712    
  0.9157895      0.9157971    
  0.9263158      0.9263227    
  0.9368421      0.9368483    
  0.9473684      0.9473741    
  0.9578947      0.9578996    
  0.9684210      0.9684251    
  0.9789473      0.9789504    
  0.9894737      0.9894758    
   1.000000       1.000001    
