  3.2258064E-02  3.225806355476379E-002
  6.4516127E-02  6.451612710952759E-002
  9.6774191E-02  9.677419066429138E-002
  0.1290323      0.129032254219055     
  0.1612903      0.161290317773819     
  0.1935484      0.193548381328583     
  0.2258064      0.225806444883347     
  0.2580645      0.258064508438110     
  0.2903226      0.290322571992874     
  0.3225806      0.322580635547638     
  0.3548387      0.354838699102402     
  0.3870968      0.387096762657166     
  0.4193548      0.419354826211929     
  0.4516129      0.451612889766693     
  0.4838710      0.483870953321457     
  0.5161290      0.516129016876221     
  0.5483871      0.548387050628662     
  0.5806451      0.580645143985748     
  0.6129032      0.612903237342834     
  0.6451613      0.645161271095276     
  0.6774194      0.677419304847717     
  0.7096774      0.709677398204803     
  0.7419355      0.741935491561890     
  0.7741935      0.774193525314331     
  0.8064516      0.806451559066772     
  0.8387097      0.838709652423859     
  0.8709677      0.870967745780945     
  0.9032258      0.903225779533386     
  0.9354839      0.935483872890472     
  0.9677419      0.967741906642914     
   1.000000       1.00000000000000     
