  1.7241379E-02  1.724137924611568450927734375000000E-0002
  3.4482758E-02  3.448275849223136901855468750000000E-0002
  5.1724140E-02  5.172413960099220275878906250000000E-0002
  6.8965517E-02  6.896551698446273803710937500000000E-0002
  8.6206898E-02  8.620689809322357177734375000000000E-0002
  0.1034483      0.103448279201984405517578125000000      
  0.1206897      0.120689652860164642333984375000000      
  0.1379310      0.137931033968925476074218750000000      
  0.1551724      0.155172407627105712890625000000000      
  0.1724138      0.172413796186447143554687500000000      
  0.1896552      0.189655169844627380371093750000000      
  0.2068966      0.206896558403968811035156250000000      
  0.2241379      0.224137932062149047851562500000000      
  0.2413793      0.241379305720329284667968750000000      
  0.2586207      0.258620679378509521484375000000000      
  0.2758621      0.275862067937850952148437500000000      
  0.2931035      0.293103456497192382812500000000000      
  0.3103448      0.310344815254211425781250000000000      
  0.3275862      0.327586203813552856445312500000000      
  0.3448276      0.344827592372894287109375000000000      
  0.3620690      0.362068951129913330078125000000000      
  0.3793103      0.379310339689254760742187500000000      
  0.3965517      0.396551728248596191406250000000000      
  0.4137931      0.413793116807937622070312500000000      
  0.4310345      0.431034475564956665039062500000000      
  0.4482759      0.448275864124298095703125000000000      
  0.4655173      0.465517252683639526367187500000000      
  0.4827586      0.482758611440658569335937500000000      
  0.5000000      0.500000000000000000000000000000000      
  0.5172414      0.517241358757019042968750000000000      
  0.5344828      0.534482777118682861328125000000000      
  0.5517241      0.551724135875701904296875000000000      
  0.5689655      0.568965494632720947265625000000000      
  0.5862069      0.586206912994384765625000000000000      
  0.6034483      0.603448271751403808593750000000000      
  0.6206896      0.620689630508422851562500000000000      
  0.6379310      0.637931048870086669921875000000000      
  0.6551724      0.655172407627105712890625000000000      
  0.6724138      0.672413766384124755859375000000000      
  0.6896552      0.689655184745788574218750000000000      
  0.7068965      0.706896543502807617187500000000000      
  0.7241379      0.724137902259826660156250000000000      
  0.7413793      0.741379320621490478515625000000000      
  0.7586207      0.758620679378509521484375000000000      
  0.7758621      0.775862097740173339843750000000000      
  0.7931035      0.793103456497192382812500000000000      
  0.8103448      0.810344815254211425781250000000000      
  0.8275862      0.827586233615875244140625000000000      
  0.8448276      0.844827592372894287109375000000000      
  0.8620690      0.862068951129913330078125000000000      
  0.8793104      0.879310369491577148437500000000000      
  0.8965517      0.896551728248596191406250000000000      
  0.9137931      0.913793087005615234375000000000000      
  0.9310345      0.931034505367279052734375000000000      
  0.9482759      0.948275864124298095703125000000000      
  0.9655172      0.965517222881317138671875000000000      
  0.9827586      0.982758641242980957031250000000000      
   1.000000       1.00000000000000000000000000000000      
