  1.7857144E-02  1.785714179277420E-002
  3.5714287E-02  3.571428358554840E-002
  5.3571429E-02  5.357142537832260E-002
  7.1428575E-02  7.142856717109680E-002
  8.9285716E-02  8.928570896387100E-002
  0.1071429      0.107142850756645     
  0.1250000      0.124999992549419     
  0.1428571      0.142857134342194     
  0.1607143      0.160714268684387     
  0.1785714      0.178571417927742     
  0.1964286      0.196428567171097     
  0.2142857      0.214285701513290     
  0.2321429      0.232142835855484     
  0.2500000      0.249999985098839     
  0.2678571      0.267857134342194     
  0.2857143      0.285714268684387     
  0.3035714      0.303571403026581     
  0.3214286      0.321428537368774     
  0.3392857      0.339285701513290     
  0.3571429      0.357142835855484     
  0.3750000      0.374999970197678     
  0.3928571      0.392857134342194     
  0.4107143      0.410714268684387     
  0.4285714      0.428571403026581     
  0.4464286      0.446428537368774     
  0.4642857      0.464285671710968     
  0.4821429      0.482142835855484     
  0.5000000      0.499999970197678     
  0.5178571      0.517857134342194     
  0.5357143      0.535714268684387     
  0.5535714      0.553571403026581     
  0.5714286      0.571428537368774     
  0.5892857      0.589285671710968     
  0.6071429      0.607142806053162     
  0.6250000      0.624999940395355     
  0.6428571      0.642857074737549     
  0.6607143      0.660714268684387     
  0.6785714      0.678571403026581     
  0.6964286      0.696428537368774     
  0.7142857      0.714285671710968     
  0.7321429      0.732142806053162     
  0.7500000      0.749999940395355     
  0.7678571      0.767857074737549     
  0.7857143      0.785714268684387     
  0.8035714      0.803571403026581     
  0.8214286      0.821428537368774     
  0.8392857      0.839285671710968     
  0.8571429      0.857142806053162     
  0.8750000      0.874999940395355     
  0.8928571      0.892857074737549     
  0.9107143      0.910714209079742     
  0.9285714      0.928571343421936     
  0.9464286      0.946428537368774     
  0.9642857      0.964285671710968     
  0.9821429      0.982142806053162     
   1.000000      0.999999940395355     
