  3.1250000E-02  3.125000000000000000000000000000000E-0002
  6.2500000E-02  6.250000000000000000000000000000000E-0002
  9.3750000E-02  9.375000000000000000000000000000000E-0002
  0.1250000      0.125000000000000000000000000000000      
  0.1562500      0.156250000000000000000000000000000      
  0.1875000      0.187500000000000000000000000000000      
  0.2187500      0.218750000000000000000000000000000      
  0.2500000      0.250000000000000000000000000000000      
  0.2812500      0.281250000000000000000000000000000      
  0.3125000      0.312500000000000000000000000000000      
  0.3437500      0.343750000000000000000000000000000      
  0.3750000      0.375000000000000000000000000000000      
  0.4062500      0.406250000000000000000000000000000      
  0.4375000      0.437500000000000000000000000000000      
  0.4687500      0.468750000000000000000000000000000      
  0.5000000      0.500000000000000000000000000000000      
  0.5312500      0.531250000000000000000000000000000      
  0.5625000      0.562500000000000000000000000000000      
  0.5937500      0.593750000000000000000000000000000      
  0.6250000      0.625000000000000000000000000000000      
  0.6562500      0.656250000000000000000000000000000      
  0.6875000      0.687500000000000000000000000000000      
  0.7187500      0.718750000000000000000000000000000      
  0.7500000      0.750000000000000000000000000000000      
  0.7812500      0.781250000000000000000000000000000      
  0.8125000      0.812500000000000000000000000000000      
  0.8437500      0.843750000000000000000000000000000      
  0.8750000      0.875000000000000000000000000000000      
  0.9062500      0.906250000000000000000000000000000      
  0.9375000      0.937500000000000000000000000000000      
  0.9687500      0.968750000000000000000000000000000      
   1.000000       1.00000000000000000000000000000000      
