  1.5873017E-02  1.587301678955554962158203125000000E-0002
  3.1746034E-02  3.174603357911109924316406250000000E-0002
  4.7619049E-02  4.761904850602149963378906250000000E-0002
  6.3492067E-02  6.349206715822219848632812500000000E-0002
  7.9365082E-02  7.936508208513259887695312500000000E-0002
  9.5238097E-02  9.523809701204299926757812500000000E-0002
  0.1111111      0.111111111938953399658203125000000      
  0.1269841      0.126984134316444396972656250000000      
  0.1428571      0.142857149243354797363281250000000      
  0.1587302      0.158730164170265197753906250000000      
  0.1746032      0.174603179097175598144531250000000      
  0.1904762      0.190476194024085998535156250000000      
  0.2063492      0.206349208950996398925781250000000      
  0.2222222      0.222222223877906799316406250000000      
  0.2380952      0.238095238804817199707031250000000      
  0.2539683      0.253968268632888793945312500000000      
  0.2698413      0.269841283559799194335937500000000      
  0.2857143      0.285714298486709594726562500000000      
  0.3015873      0.301587313413619995117187500000000      
  0.3174603      0.317460328340530395507812500000000      
  0.3333333      0.333333343267440795898437500000000      
  0.3492064      0.349206358194351196289062500000000      
  0.3650794      0.365079373121261596679687500000000      
  0.3809524      0.380952388048171997070312500000000      
  0.3968254      0.396825402975082397460937500000000      
  0.4126984      0.412698417901992797851562500000000      
  0.4285714      0.428571432828903198242187500000000      
  0.4444444      0.444444447755813598632812500000000      
  0.4603175      0.460317462682723999023437500000000      
  0.4761905      0.476190477609634399414062500000000      
  0.4920635      0.492063492536544799804687500000000      
  0.5079365      0.507936537265777587890625000000000      
  0.5238096      0.523809552192687988281250000000000      
  0.5396826      0.539682567119598388671875000000000      
  0.5555556      0.555555582046508789062500000000000      
  0.5714286      0.571428596973419189453125000000000      
  0.5873016      0.587301611900329589843750000000000      
  0.6031746      0.603174626827239990234375000000000      
  0.6190476      0.619047641754150390625000000000000      
  0.6349207      0.634920656681060791015625000000000      
  0.6507937      0.650793671607971191406250000000000      
  0.6666667      0.666666686534881591796875000000000      
  0.6825397      0.682539701461791992187500000000000      
  0.6984127      0.698412716388702392578125000000000      
  0.7142857      0.714285731315612792968750000000000      
  0.7301587      0.730158746242523193359375000000000      
  0.7460318      0.746031761169433593750000000000000      
  0.7619048      0.761904776096343994140625000000000      
  0.7777778      0.777777791023254394531250000000000      
  0.7936508      0.793650805950164794921875000000000      
  0.8095238      0.809523820877075195312500000000000      
  0.8253968      0.825396835803985595703125000000000      
  0.8412699      0.841269850730895996093750000000000      
  0.8571429      0.857142865657806396484375000000000      
  0.8730159      0.873015880584716796875000000000000      
  0.8888889      0.888888895511627197265625000000000      
  0.9047619      0.904761910438537597656250000000000      
  0.9206349      0.920634925365447998046875000000000      
  0.9365079      0.936507940292358398437500000000000      
  0.9523810      0.952380955219268798828125000000000      
  0.9682540      0.968253970146179199218750000000000      
  0.9841270      0.984126985073089599609375000000000      
   1.000000       1.00000000000000000000000000000000      
