  2.1276595E-02  0.0000000E+00
  4.2553190E-02  4.2553604E-02
  6.3829787E-02  6.3830428E-02
  8.5106380E-02  8.5107192E-02
  0.1063830      0.1063840    
  0.1276596      0.1276608    
  0.1489362      0.1489376    
  0.1702128      0.1702143    
  0.1914894      0.1914911    
  0.2127660      0.2127679    
  0.2340426      0.2340447    
  0.2553191      0.2553215    
  0.2765957      0.2765982    
  0.2978723      0.2978750    
  0.3191489      0.3191518    
  0.3404255      0.3404285    
  0.3617021      0.3617052    
  0.3829787      0.3829818    
  0.4042553      0.4042585    
  0.4255319      0.4255353    
  0.4468085      0.4468120    
  0.4680851      0.4680886    
  0.4893617      0.4893655    
  0.5106383      0.5106420    
  0.5319149      0.5319187    
  0.5531915      0.5531954    
  0.5744681      0.5744720    
  0.5957447      0.5957485    
  0.6170213      0.6170250    
  0.6382979      0.6383015    
  0.6595744      0.6595778    
  0.6808510      0.6808544    
  0.7021276      0.7021310    
  0.7234042      0.7234074    
  0.7446808      0.7446840    
  0.7659575      0.7659604    
  0.7872341      0.7872369    
  0.8085107      0.8085133    
  0.8297873      0.8297898    
  0.8510638      0.8510662    
  0.8723404      0.8723426    
  0.8936170      0.8936188    
  0.9148936      0.9148954    
  0.9361702      0.9361718    
  0.9574468      0.9574481    
  0.9787234      0.9787242    
   1.000000       1.000000    
