  1.5151516E-02  0.0000000E+00
  3.0303031E-02  3.0303661E-02
  4.5454547E-02  4.5455519E-02
  6.0606062E-02  6.0607322E-02
  7.5757578E-02  7.5759165E-02
  9.0909094E-02  9.0911038E-02
  0.1060606      0.1060628    
  0.1212121      0.1212147    
  0.1363636      0.1363665    
  0.1515152      0.1515184    
  0.1666667      0.1666702    
  0.1818182      0.1818221    
  0.1969697      0.1969739    
  0.2121212      0.2121256    
  0.2272727      0.2272775    
  0.2424242      0.2424293    
  0.2575758      0.2575811    
  0.2727273      0.2727328    
  0.2878788      0.2878846    
  0.3030303      0.3030365    
  0.3181818      0.3181883    
  0.3333333      0.3333400    
  0.3484848      0.3484917    
  0.3636364      0.3636435    
  0.3787879      0.3787951    
  0.3939394      0.3939469    
  0.4090909      0.4090986    
  0.4242424      0.4242503    
  0.4393939      0.4394020    
  0.4545455      0.4545537    
  0.4696970      0.4697056    
  0.4848485      0.4848571    
  0.5000000      0.5000089    
  0.5151515      0.5151604    
  0.5303030      0.5303119    
  0.5454546      0.5454639    
  0.5606061      0.5606153    
  0.5757576      0.5757668    
  0.5909091      0.5909182    
  0.6060606      0.6060697    
  0.6212121      0.6212214    
  0.6363636      0.6363727    
  0.6515151      0.6515241    
  0.6666667      0.6666757    
  0.6818182      0.6818272    
  0.6969697      0.6969786    
  0.7121212      0.7121301    
  0.7272727      0.7272815    
  0.7424242      0.7424328    
  0.7575758      0.7575842    
  0.7727273      0.7727355    
  0.7878788      0.7878867    
  0.8030303      0.8030379    
  0.8181818      0.8181890    
  0.8333333      0.8333400    
  0.8484849      0.8484913    
  0.8636364      0.8636423    
  0.8787879      0.8787933    
  0.8939394      0.8939441    
  0.9090909      0.9090951    
  0.9242424      0.9242460    
  0.9393939      0.9393968    
  0.9545454      0.9545479    
  0.9696970      0.9696988    
  0.9848485      0.9848496    
   1.000000       1.000001    
