  1.5384615E-02  0.0000000E+00
  3.0769231E-02  3.0769790E-02
  4.6153847E-02  4.6154674E-02
  6.1538462E-02  6.1539564E-02
  7.6923080E-02  7.6924466E-02
  9.2307694E-02  9.2309296E-02
  0.1076923      0.1076942    
  0.1230769      0.1230791    
  0.1384615      0.1384639    
  0.1538462      0.1538488    
  0.1692308      0.1692337    
  0.1846154      0.1846186    
  0.2000000      0.2000034    
  0.2153846      0.2153883    
  0.2307692      0.2307732    
  0.2461538      0.2461581    
  0.2615385      0.2615429    
  0.2769231      0.2769276    
  0.2923077      0.2923125    
  0.3076923      0.3076972    
  0.3230769      0.3230820    
  0.3384615      0.3384667    
  0.3538462      0.3538514    
  0.3692308      0.3692362    
  0.3846154      0.3846209    
  0.4000000      0.4000056    
  0.4153846      0.4153902    
  0.4307692      0.4307750    
  0.4461538      0.4461595    
  0.4615385      0.4615442    
  0.4769231      0.4769289    
  0.4923077      0.4923137    
  0.5076923      0.5076984    
  0.5230770      0.5230830    
  0.5384616      0.5384676    
  0.5538462      0.5538524    
  0.5692308      0.5692368    
  0.5846154      0.5846214    
  0.6000000      0.6000061    
  0.6153846      0.6153907    
  0.6307693      0.6307751    
  0.6461539      0.6461596    
  0.6615385      0.6615442    
  0.6769231      0.6769289    
  0.6923077      0.6923133    
  0.7076923      0.7076978    
  0.7230769      0.7230824    
  0.7384616      0.7384667    
  0.7538462      0.7538514    
  0.7692308      0.7692360    
  0.7846154      0.7846203    
  0.8000000      0.8000047    
  0.8153846      0.8153890    
  0.8307692      0.8307737    
  0.8461539      0.8461580    
  0.8615385      0.8615425    
  0.8769231      0.8769268    
  0.8923077      0.8923111    
  0.9076923      0.9076957    
  0.9230769      0.9230797    
  0.9384615      0.9384640    
  0.9538462      0.9538483    
  0.9692308      0.9692325    
  0.9846154      0.9846166    
   1.000000       1.000001    
