  2.6315790E-02  2.6315788E-02
  5.2631579E-02  5.2631576E-02
  7.8947365E-02  7.8947365E-02
  0.1052632      0.1052632    
  0.1315790      0.1315789    
  0.1578947      0.1578947    
  0.1842105      0.1842105    
  0.2105263      0.2105263    
  0.2368421      0.2368421    
  0.2631579      0.2631579    
  0.2894737      0.2894737    
  0.3157895      0.3157895    
  0.3421053      0.3421052    
  0.3684210      0.3684210    
  0.3947369      0.3947368    
  0.4210526      0.4210526    
  0.4473684      0.4473684    
  0.4736842      0.4736842    
  0.5000000      0.5000000    
  0.5263158      0.5263157    
  0.5526316      0.5526316    
  0.5789474      0.5789473    
  0.6052632      0.6052631    
  0.6315789      0.6315789    
  0.6578947      0.6578947    
  0.6842105      0.6842105    
  0.7105263      0.7105263    
  0.7368421      0.7368420    
  0.7631579      0.7631578    
  0.7894737      0.7894737    
  0.8157895      0.8157894    
  0.8421053      0.8421052    
  0.8684211      0.8684210    
  0.8947368      0.8947368    
  0.9210526      0.9210526    
  0.9473684      0.9473684    
  0.9736842      0.9736842    
   1.000000       1.000000    
