  1.0309278E-02  0.0000000E+00
  2.0618556E-02  2.0619333E-02
  3.0927835E-02  3.0929010E-02
  4.1237112E-02  4.1238666E-02
  5.1546391E-02  5.1548328E-02
  6.1855670E-02  6.1858002E-02
  7.2164945E-02  7.2167650E-02
  8.2474224E-02  8.2477309E-02
  9.2783503E-02  9.2786960E-02
  0.1030928      0.1030966    
  0.1134021      0.1134063    
  0.1237113      0.1237160    
  0.1340206      0.1340256    
  0.1443299      0.1443352    
  0.1546392      0.1546448    
  0.1649484      0.1649545    
  0.1752577      0.1752641    
  0.1855670      0.1855738    
  0.1958763      0.1958835    
  0.2061856      0.2061930    
  0.2164948      0.2165027    
  0.2268041      0.2268122    
  0.2371134      0.2371219    
  0.2474227      0.2474315    
  0.2577319      0.2577412    
  0.2680412      0.2680506    
  0.2783505      0.2783601    
  0.2886598      0.2886697    
  0.2989691      0.2989793    
  0.3092783      0.3092889    
  0.3195876      0.3195983    
  0.3298969      0.3299080    
  0.3402062      0.3402175    
  0.3505155      0.3505271    
  0.3608247      0.3608366    
  0.3711340      0.3711461    
  0.3814433      0.3814557    
  0.3917526      0.3917652    
  0.4020618      0.4020747    
  0.4123711      0.4123842    
  0.4226804      0.4226936    
  0.4329897      0.4330030    
  0.4432990      0.4433125    
  0.4536082      0.4536218    
  0.4639175      0.4639313    
  0.4742268      0.4742407    
  0.4845361      0.4845501    
  0.4948454      0.4948597    
  0.5051546      0.5051691    
  0.5154639      0.5154785    
  0.5257732      0.5257879    
  0.5360824      0.5360973    
  0.5463917      0.5464067    
  0.5567010      0.5567159    
  0.5670103      0.5670254    
  0.5773196      0.5773347    
  0.5876288      0.5876442    
  0.5979381      0.5979536    
  0.6082474      0.6082627    
  0.6185567      0.6185722    
  0.6288660      0.6288814    
  0.6391752      0.6391907    
  0.6494845      0.6495000    
  0.6597938      0.6598091    
  0.6701031      0.6701183    
  0.6804124      0.6804272    
  0.6907216      0.6907367    
  0.7010309      0.7010456    
  0.7113402      0.7113547    
  0.7216495      0.7216637    
  0.7319587      0.7319728    
  0.7422680      0.7422816    
  0.7525773      0.7525907    
  0.7628866      0.7628998    
  0.7731959      0.7732087    
  0.7835051      0.7835175    
  0.7938144      0.7938262    
  0.8041237      0.8041350    
  0.8144330      0.8144437    
  0.8247423      0.8247525    
  0.8350515      0.8350612    
  0.8453608      0.8453699    
  0.8556701      0.8556789    
  0.8659794      0.8659875    
  0.8762887      0.8762961    
  0.8865979      0.8866050    
  0.8969072      0.8969138    
  0.9072165      0.9072225    
  0.9175258      0.9175312    
  0.9278350      0.9278400    
  0.9381443      0.9381487    
  0.9484536      0.9484574    
  0.9587629      0.9587661    
  0.9690722      0.9690747    
  0.9793814      0.9793832    
  0.9896907      0.9896920    
   1.000000       1.000001    
