  8.3333336E-02  0.000000000000000000000000000000000E+0000
  0.1666667      0.166666666666666666666666666666667      
  0.2500000      0.250000000000000000000000000000000      
  0.3333333      0.333333333333333333333333333333333      
  0.4166667      0.416666666666666666666666666666667      
  0.5000000      0.500000000000000000000000000000000      
  0.5833333      0.583333333333333333333333333333333      
  0.6666667      0.666666666666666666666666666666667      
  0.7500000      0.750000000000000000000000000000000      
  0.8333333      0.833333333333333333333333333333333      
  0.9166667      0.916666666666666666666666666666667      
   1.000000       1.00000000000000000000000000000000      
