  1.0204081E-02  0.000000000000000E+000
  2.0408163E-02  2.040816326530625E-002
  3.0612245E-02  3.061224489795938E-002
  4.0816326E-02  4.081632653061249E-002
  5.1020410E-02  5.102040816326565E-002
  6.1224490E-02  6.122448979591875E-002
  7.1428575E-02  7.142857142857180E-002
  8.1632651E-02  8.163265306122498E-002
  9.1836736E-02  9.183673469387808E-002
  0.1020408      0.102040816326531     
  0.1122449      0.112244897959184     
  0.1224490      0.122448979591837     
  0.1326531      0.132653061224490     
  0.1428571      0.142857142857144     
  0.1530612      0.153061224489797     
  0.1632653      0.163265306122450     
  0.1734694      0.173469387755103     
  0.1836735      0.183673469387756     
  0.1938775      0.193877551020409     
  0.2040816      0.204081632653062     
  0.2142857      0.214285714285715     
  0.2244898      0.224489795918368     
  0.2346939      0.234693877551021     
  0.2448980      0.244897959183674     
  0.2551020      0.255102040816327     
  0.2653061      0.265306122448980     
  0.2755102      0.275510204081633     
  0.2857143      0.285714285714286     
  0.2959184      0.295918367346939     
  0.3061225      0.306122448979592     
  0.3163265      0.316326530612246     
  0.3265306      0.326530612244898     
  0.3367347      0.336734693877552     
  0.3469388      0.346938775510205     
  0.3571429      0.357142857142858     
  0.3673469      0.367346938775511     
  0.3775510      0.377551020408163     
  0.3877551      0.387755102040817     
  0.3979592      0.397959183673470     
  0.4081633      0.408163265306123     
  0.4183674      0.418367346938776     
  0.4285714      0.428571428571429     
  0.4387755      0.438775510204082     
  0.4489796      0.448979591836735     
  0.4591837      0.459183673469388     
  0.4693878      0.469387755102041     
  0.4795918      0.479591836734694     
  0.4897959      0.489795918367347     
  0.5000000      0.500000000000000     
  0.5102041      0.510204081632653     
  0.5204082      0.520408163265306     
  0.5306122      0.530612244897959     
  0.5408163      0.540816326530612     
  0.5510204      0.551020408163265     
  0.5612245      0.561224489795918     
  0.5714286      0.571428571428572     
  0.5816327      0.581632653061225     
  0.5918368      0.591836734693877     
  0.6020408      0.602040816326531     
  0.6122449      0.612244897959184     
  0.6224490      0.622448979591837     
  0.6326531      0.632653061224490     
  0.6428571      0.642857142857143     
  0.6530612      0.653061224489796     
  0.6632653      0.663265306122449     
  0.6734694      0.673469387755103     
  0.6836734      0.683673469387756     
  0.6938776      0.693877551020409     
  0.7040817      0.704081632653062     
  0.7142857      0.714285714285716     
  0.7244898      0.724489795918369     
  0.7346939      0.734693877551022     
  0.7448980      0.744897959183675     
  0.7551020      0.755102040816328     
  0.7653061      0.765306122448982     
  0.7755102      0.775510204081635     
  0.7857143      0.785714285714288     
  0.7959183      0.795918367346941     
  0.8061224      0.806122448979594     
  0.8163266      0.816326530612247     
  0.8265306      0.826530612244900     
  0.8367347      0.836734693877553     
  0.8469388      0.846938775510206     
  0.8571429      0.857142857142859     
  0.8673469      0.867346938775512     
  0.8775510      0.877551020408165     
  0.8877551      0.887755102040818     
  0.8979592      0.897959183673471     
  0.9081632      0.908163265306124     
  0.9183673      0.918367346938777     
  0.9285714      0.928571428571429     
  0.9387755      0.938775510204082     
  0.9489796      0.948979591836735     
  0.9591837      0.959183673469388     
  0.9693878      0.969387755102041     
  0.9795918      0.979591836734694     
  0.9897959      0.989795918367347     
   1.000000       1.00000000000000     
