  0.1000000      0.100000001490116119384765625000000      
  0.2000000      0.200000002980232238769531250000000      
  0.3000000      0.300000011920928955078125000000000      
  0.4000000      0.400000005960464477539062500000000      
  0.5000000      0.500000000000000000000000000000000      
  0.6000000      0.600000023841857910156250000000000      
  0.7000000      0.699999988079071044921875000000000      
  0.8000000      0.800000011920928955078125000000000      
  0.9000000      0.899999976158142089843750000000000      
   1.000000       1.00000000000000000000000000000000      
