  1.0204081E-02  0.000000000000000000000000000000000E+0000
  2.0408163E-02  2.040816326530612244897959183673453E-0002
  3.0612245E-02  3.061224489795918367346938775510179E-0002
  4.0816326E-02  4.081632653061224489795918367346907E-0002
  5.1020410E-02  5.102040816326530612244897959183634E-0002
  6.1224490E-02  6.122448979591836734693877551020358E-0002
  7.1428575E-02  7.142857142857142857142857142857087E-0002
  8.1632651E-02  8.163265306122448979591836734693810E-0002
  9.1836736E-02  9.183673469387755102040816326530539E-0002
  0.1020408      0.102040816326530612244897959183673      
  0.1122449      0.112244897959183673469387755102040      
  0.1224490      0.122448979591836734693877551020407      
  0.1326531      0.132653061224489795918367346938774      
  0.1428571      0.142857142857142857142857142857142      
  0.1530612      0.153061224489795918367346938775509      
  0.1632653      0.163265306122448979591836734693876      
  0.1734694      0.173469387755102040816326530612243      
  0.1836735      0.183673469387755102040816326530611      
  0.1938775      0.193877551020408163265306122448978      
  0.2040816      0.204081632653061224489795918367345      
  0.2142857      0.214285714285714285714285714285713      
  0.2244898      0.224489795918367346938775510204080      
  0.2346939      0.234693877551020408163265306122447      
  0.2448980      0.244897959183673469387755102040814      
  0.2551020      0.255102040816326530612244897959181      
  0.2653061      0.265306122448979591836734693877548      
  0.2755102      0.275510204081632653061224489795915      
  0.2857143      0.285714285714285714285714285714283      
  0.2959184      0.295918367346938775510204081632650      
  0.3061225      0.306122448979591836734693877551017      
  0.3163265      0.316326530612244897959183673469384      
  0.3265306      0.326530612244897959183673469387751      
  0.3367347      0.336734693877551020408163265306118      
  0.3469388      0.346938775510204081632653061224486      
  0.3571429      0.357142857142857142857142857142853      
  0.3673469      0.367346938775510204081632653061220      
  0.3775510      0.377551020408163265306122448979587      
  0.3877551      0.387755102040816326530612244897954      
  0.3979592      0.397959183673469387755102040816322      
  0.4081633      0.408163265306122448979591836734689      
  0.4183674      0.418367346938775510204081632653056      
  0.4285714      0.428571428571428571428571428571423      
  0.4387755      0.438775510204081632653061224489790      
  0.4489796      0.448979591836734693877551020408158      
  0.4591837      0.459183673469387755102040816326525      
  0.4693878      0.469387755102040816326530612244892      
  0.4795918      0.479591836734693877551020408163259      
  0.4897959      0.489795918367346938775510204081627      
  0.5000000      0.499999999999999999999999999999994      
  0.5102041      0.510204081632653061224489795918361      
  0.5204082      0.520408163265306122448979591836728      
  0.5306122      0.530612244897959183673469387755096      
  0.5408163      0.540816326530612244897959183673463      
  0.5510204      0.551020408163265306122448979591830      
  0.5612245      0.561224489795918367346938775510197      
  0.5714286      0.571428571428571428571428571428565      
  0.5816327      0.581632653061224489795918367346932      
  0.5918368      0.591836734693877551020408163265299      
  0.6020408      0.602040816326530612244897959183666      
  0.6122449      0.612244897959183673469387755102034      
  0.6224490      0.622448979591836734693877551020401      
  0.6326531      0.632653061224489795918367346938768      
  0.6428571      0.642857142857142857142857142857136      
  0.6530612      0.653061224489795918367346938775503      
  0.6632653      0.663265306122448979591836734693870      
  0.6734694      0.673469387755102040816326530612237      
  0.6836734      0.683673469387755102040816326530605      
  0.6938776      0.693877551020408163265306122448972      
  0.7040817      0.704081632653061224489795918367340      
  0.7142857      0.714285714285714285714285714285707      
  0.7244898      0.724489795918367346938775510204074      
  0.7346939      0.734693877551020408163265306122442      
  0.7448980      0.744897959183673469387755102040809      
  0.7551020      0.755102040816326530612244897959177      
  0.7653061      0.765306122448979591836734693877544      
  0.7755102      0.775510204081632653061224489795912      
  0.7857143      0.785714285714285714285714285714279      
  0.7959183      0.795918367346938775510204081632647      
  0.8061224      0.806122448979591836734693877551015      
  0.8163266      0.816326530612244897959183673469383      
  0.8265306      0.826530612244897959183673469387750      
  0.8367347      0.836734693877551020408163265306118      
  0.8469388      0.846938775510204081632653061224486      
  0.8571429      0.857142857142857142857142857142853      
  0.8673469      0.867346938775510204081632653061221      
  0.8775510      0.877551020408163265306122448979589      
  0.8877551      0.887755102040816326530612244897956      
  0.8979592      0.897959183673469387755102040816324      
  0.9081632      0.908163265306122448979591836734692      
  0.9183673      0.918367346938775510204081632653059      
  0.9285714      0.928571428571428571428571428571427      
  0.9387755      0.938775510204081632653061224489795      
  0.9489796      0.948979591836734693877551020408162      
  0.9591837      0.959183673469387755102040816326530      
  0.9693878      0.969387755102040816326530612244897      
  0.9795918      0.979591836734693877551020408163265      
  0.9897959      0.989795918367346938775510204081632      
   1.000000       1.00000000000000000000000000000000      
