  1.5384615E-02  0.000000000000000000000000000000000E+0000
  3.0769231E-02  3.076923076923076923076923076923058E-0002
  4.6153847E-02  4.615384615384615384615384615384586E-0002
  6.1538462E-02  6.153846153846153846153846153846115E-0002
  7.6923080E-02  7.692307692307692307692307692307647E-0002
  9.2307694E-02  9.230769230769230769230769230769172E-0002
  0.1076923      0.107692307692307692307692307692307      
  0.1230769      0.123076923076923076923076923076922      
  0.1384615      0.138461538461538461538461538461538      
  0.1538462      0.153846153846153846153846153846153      
  0.1692308      0.169230769230769230769230769230768      
  0.1846154      0.184615384615384615384615384615384      
  0.2000000      0.199999999999999999999999999999999      
  0.2153846      0.215384615384615384615384615384614      
  0.2307692      0.230769230769230769230769230769230      
  0.2461538      0.246153846153846153846153846153845      
  0.2615385      0.261538461538461538461538461538460      
  0.2769231      0.276923076923076923076923076923076      
  0.2923077      0.292307692307692307692307692307691      
  0.3076923      0.307692307692307692307692307692306      
  0.3230769      0.323076923076923076923076923076922      
  0.3384615      0.338461538461538461538461538461537      
  0.3538462      0.353846153846153846153846153846152      
  0.3692308      0.369230769230769230769230769230768      
  0.3846154      0.384615384615384615384615384615383      
  0.4000000      0.399999999999999999999999999999999      
  0.4153846      0.415384615384615384615384615384614      
  0.4307692      0.430769230769230769230769230769230      
  0.4461538      0.446153846153846153846153846153845      
  0.4615385      0.461538461538461538461538461538461      
  0.4769231      0.476923076923076923076923076923076      
  0.4923077      0.492307692307692307692307692307691      
  0.5076923      0.507692307692307692307692307692307      
  0.5230770      0.523076923076923076923076923076922      
  0.5384616      0.538461538461538461538461538461537      
  0.5538462      0.553846153846153846153846153846153      
  0.5692308      0.569230769230769230769230769230768      
  0.5846154      0.584615384615384615384615384615383      
  0.6000000      0.599999999999999999999999999999998      
  0.6153846      0.615384615384615384615384615384613      
  0.6307693      0.630769230769230769230769230769229      
  0.6461539      0.646153846153846153846153846153844      
  0.6615385      0.661538461538461538461538461538460      
  0.6769231      0.676923076923076923076923076923075      
  0.6923077      0.692307692307692307692307692307690      
  0.7076923      0.707692307692307692307692307692306      
  0.7230769      0.723076923076923076923076923076921      
  0.7384616      0.738461538461538461538461538461537      
  0.7538462      0.753846153846153846153846153846153      
  0.7692308      0.769230769230769230769230769230768      
  0.7846154      0.784615384615384615384615384615384      
  0.8000000      0.799999999999999999999999999999999      
  0.8153846      0.815384615384615384615384615384615      
  0.8307692      0.830769230769230769230769230769231      
  0.8461539      0.846153846153846153846153846153846      
  0.8615385      0.861538461538461538461538461538462      
  0.8769231      0.876923076923076923076923076923077      
  0.8923077      0.892307692307692307692307692307693      
  0.9076923      0.907692307692307692307692307692308      
  0.9230769      0.923076923076923076923076923076924      
  0.9384615      0.938461538461538461538461538461539      
  0.9538462      0.953846153846153846153846153846154      
  0.9692308      0.969230769230769230769230769230770      
  0.9846154      0.984615384615384615384615384615385      
   1.000000       1.00000000000000000000000000000000      
