  1.0416667E-02  0.000000000000000000000000000000000E+0000
  2.0833334E-02  2.083333333333333333333333333333316E-0002
  3.1250000E-02  3.124999999999999999999999999999973E-0002
  4.1666668E-02  4.166666666666666666666666666666632E-0002
  5.2083332E-02  5.208333333333333333333333333333293E-0002
  6.2500000E-02  6.249999999999999999999999999999946E-0002
  7.2916664E-02  7.291666666666666666666666666666607E-0002
  8.3333336E-02  8.333333333333333333333333333333267E-0002
  9.3750000E-02  9.374999999999999999999999999999928E-0002
  0.1041667      0.104166666666666666666666666666666      
  0.1145833      0.114583333333333333333333333333332      
  0.1250000      0.124999999999999999999999999999999      
  0.1354167      0.135416666666666666666666666666666      
  0.1458333      0.145833333333333333333333333333332      
  0.1562500      0.156249999999999999999999999999999      
  0.1666667      0.166666666666666666666666666666665      
  0.1770833      0.177083333333333333333333333333332      
  0.1875000      0.187499999999999999999999999999999      
  0.1979167      0.197916666666666666666666666666665      
  0.2083333      0.208333333333333333333333333333332      
  0.2187500      0.218749999999999999999999999999998      
  0.2291667      0.229166666666666666666666666666665      
  0.2395833      0.239583333333333333333333333333331      
  0.2500000      0.249999999999999999999999999999998      
  0.2604167      0.260416666666666666666666666666664      
  0.2708333      0.270833333333333333333333333333331      
  0.2812500      0.281249999999999999999999999999998      
  0.2916667      0.291666666666666666666666666666664      
  0.3020833      0.302083333333333333333333333333331      
  0.3125000      0.312499999999999999999999999999998      
  0.3229167      0.322916666666666666666666666666664      
  0.3333333      0.333333333333333333333333333333331      
  0.3437500      0.343749999999999999999999999999998      
  0.3541667      0.354166666666666666666666666666664      
  0.3645833      0.364583333333333333333333333333331      
  0.3750000      0.374999999999999999999999999999997      
  0.3854167      0.385416666666666666666666666666664      
  0.3958333      0.395833333333333333333333333333331      
  0.4062500      0.406249999999999999999999999999997      
  0.4166667      0.416666666666666666666666666666664      
  0.4270833      0.427083333333333333333333333333331      
  0.4375000      0.437499999999999999999999999999998      
  0.4479167      0.447916666666666666666666666666664      
  0.4583333      0.458333333333333333333333333333331      
  0.4687500      0.468749999999999999999999999999998      
  0.4791667      0.479166666666666666666666666666664      
  0.4895833      0.489583333333333333333333333333331      
  0.5000000      0.499999999999999999999999999999997      
  0.5104167      0.510416666666666666666666666666664      
  0.5208333      0.520833333333333333333333333333331      
  0.5312500      0.531249999999999999999999999999997      
  0.5416667      0.541666666666666666666666666666664      
  0.5520833      0.552083333333333333333333333333331      
  0.5625000      0.562499999999999999999999999999997      
  0.5729167      0.572916666666666666666666666666664      
  0.5833333      0.583333333333333333333333333333331      
  0.5937500      0.593749999999999999999999999999997      
  0.6041667      0.604166666666666666666666666666664      
  0.6145833      0.614583333333333333333333333333331      
  0.6250000      0.624999999999999999999999999999997      
  0.6354167      0.635416666666666666666666666666664      
  0.6458333      0.645833333333333333333333333333331      
  0.6562500      0.656249999999999999999999999999997      
  0.6666667      0.666666666666666666666666666666664      
  0.6770833      0.677083333333333333333333333333331      
  0.6875000      0.687499999999999999999999999999997      
  0.6979167      0.697916666666666666666666666666664      
  0.7083333      0.708333333333333333333333333333331      
  0.7187500      0.718749999999999999999999999999997      
  0.7291667      0.729166666666666666666666666666664      
  0.7395833      0.739583333333333333333333333333331      
  0.7500000      0.749999999999999999999999999999998      
  0.7604167      0.760416666666666666666666666666664      
  0.7708333      0.770833333333333333333333333333331      
  0.7812500      0.781249999999999999999999999999998      
  0.7916667      0.791666666666666666666666666666665      
  0.8020833      0.802083333333333333333333333333331      
  0.8125000      0.812499999999999999999999999999998      
  0.8229167      0.822916666666666666666666666666664      
  0.8333333      0.833333333333333333333333333333331      
  0.8437500      0.843749999999999999999999999999998      
  0.8541667      0.854166666666666666666666666666665      
  0.8645833      0.864583333333333333333333333333331      
  0.8750000      0.874999999999999999999999999999998      
  0.8854167      0.885416666666666666666666666666665      
  0.8958333      0.895833333333333333333333333333331      
  0.9062500      0.906249999999999999999999999999998      
  0.9166667      0.916666666666666666666666666666665      
  0.9270833      0.927083333333333333333333333333332      
  0.9375000      0.937499999999999999999999999999998      
  0.9479167      0.947916666666666666666666666666665      
  0.9583333      0.958333333333333333333333333333332      
  0.9687500      0.968749999999999999999999999999999      
  0.9791667      0.979166666666666666666666666666666      
  0.9895833      0.989583333333333333333333333333333      
   1.000000       1.00000000000000000000000000000000      
