  2.5641026E-02  2.564102597534656524658203125000000E-0002
  5.1282052E-02  5.128205195069313049316406250000000E-0002
  7.6923080E-02  7.692307978868484497070312500000000E-0002
  0.1025641      0.102564103901386260986328125000000      
  0.1282051      0.128205135464668273925781250000000      
  0.1538462      0.153846159577369689941406250000000      
  0.1794872      0.179487183690071105957031250000000      
  0.2051282      0.205128207802772521972656250000000      
  0.2307692      0.230769231915473937988281250000000      
  0.2564103      0.256410270929336547851562500000000      
  0.2820513      0.282051295042037963867187500000000      
  0.3076923      0.307692319154739379882812500000000      
  0.3333333      0.333333343267440795898437500000000      
  0.3589744      0.358974367380142211914062500000000      
  0.3846154      0.384615391492843627929687500000000      
  0.4102564      0.410256415605545043945312500000000      
  0.4358974      0.435897439718246459960937500000000      
  0.4615385      0.461538463830947875976562500000000      
  0.4871795      0.487179487943649291992187500000000      
  0.5128205      0.512820541858673095703125000000000      
  0.5384616      0.538461565971374511718750000000000      
  0.5641026      0.564102590084075927734375000000000      
  0.5897436      0.589743614196777343750000000000000      
  0.6153846      0.615384638309478759765625000000000      
  0.6410257      0.641025662422180175781250000000000      
  0.6666667      0.666666686534881591796875000000000      
  0.6923077      0.692307710647583007812500000000000      
  0.7179487      0.717948734760284423828125000000000      
  0.7435898      0.743589758872985839843750000000000      
  0.7692308      0.769230782985687255859375000000000      
  0.7948718      0.794871807098388671875000000000000      
  0.8205128      0.820512831211090087890625000000000      
  0.8461539      0.846153855323791503906250000000000      
  0.8717949      0.871794879436492919921875000000000      
  0.8974359      0.897435903549194335937500000000000      
  0.9230769      0.923076927661895751953125000000000      
  0.9487180      0.948717951774597167968750000000000      
  0.9743590      0.974358975887298583984375000000000      
   1.000000       1.00000000000000000000000000000000      
