  1.2048192E-02  1.2048192E-02
  2.4096385E-02  2.4096385E-02
  3.6144577E-02  3.6144577E-02
  4.8192769E-02  4.8192769E-02
  6.0240965E-02  6.0240962E-02
  7.2289154E-02  7.2289154E-02
  8.4337346E-02  8.4337346E-02
  9.6385539E-02  9.6385539E-02
  0.1084337      0.1084337    
  0.1204819      0.1204819    
  0.1325301      0.1325301    
  0.1445783      0.1445783    
  0.1566265      0.1566265    
  0.1686747      0.1686747    
  0.1807229      0.1807229    
  0.1927711      0.1927711    
  0.2048193      0.2048193    
  0.2168675      0.2168675    
  0.2289157      0.2289157    
  0.2409639      0.2409638    
  0.2530121      0.2530120    
  0.2650602      0.2650602    
  0.2771084      0.2771084    
  0.2891566      0.2891566    
  0.3012048      0.3012048    
  0.3132530      0.3132530    
  0.3253012      0.3253012    
  0.3373494      0.3373494    
  0.3493976      0.3493976    
  0.3614458      0.3614458    
  0.3734940      0.3734940    
  0.3855422      0.3855422    
  0.3975904      0.3975903    
  0.4096386      0.4096385    
  0.4216867      0.4216867    
  0.4337350      0.4337349    
  0.4457831      0.4457831    
  0.4578313      0.4578313    
  0.4698795      0.4698795    
  0.4819277      0.4819277    
  0.4939759      0.4939759    
  0.5060241      0.5060241    
  0.5180723      0.5180722    
  0.5301205      0.5301205    
  0.5421687      0.5421687    
  0.5542169      0.5542169    
  0.5662650      0.5662650    
  0.5783132      0.5783132    
  0.5903614      0.5903614    
  0.6024097      0.6024096    
  0.6144578      0.6144578    
  0.6265060      0.6265060    
  0.6385542      0.6385542    
  0.6506024      0.6506024    
  0.6626506      0.6626506    
  0.6746988      0.6746988    
  0.6867470      0.6867470    
  0.6987952      0.6987951    
  0.7108434      0.7108433    
  0.7228916      0.7228916    
  0.7349398      0.7349398    
  0.7469879      0.7469879    
  0.7590361      0.7590361    
  0.7710843      0.7710843    
  0.7831326      0.7831325    
  0.7951807      0.7951807    
  0.8072289      0.8072289    
  0.8192771      0.8192770    
  0.8313253      0.8313253    
  0.8433735      0.8433735    
  0.8554217      0.8554217    
  0.8674699      0.8674698    
  0.8795181      0.8795180    
  0.8915663      0.8915662    
  0.9036145      0.9036144    
  0.9156626      0.9156626    
  0.9277108      0.9277108    
  0.9397590      0.9397590    
  0.9518072      0.9518072    
  0.9638554      0.9638554    
  0.9759036      0.9759036    
  0.9879518      0.9879518    
   1.000000       1.000000    
