  3.7037037E-02  3.703703731298446655273437500000000E-0002
  7.4074075E-02  7.407407462596893310546875000000000E-0002
  0.1111111      0.111111111938953399658203125000000      
  0.1481481      0.148148149251937866210937500000000      
  0.1851852      0.185185179114341735839843750000000      
  0.2222222      0.222222223877906799316406250000000      
  0.2592593      0.259259253740310668945312500000000      
  0.2962963      0.296296298503875732421875000000000      
  0.3333333      0.333333343267440795898437500000000      
  0.3703704      0.370370358228683471679687500000000      
  0.4074074      0.407407402992248535156250000000000      
  0.4444444      0.444444447755813598632812500000000      
  0.4814815      0.481481492519378662109375000000000      
  0.5185185      0.518518507480621337890625000000000      
  0.5555556      0.555555582046508789062500000000000      
  0.5925926      0.592592597007751464843750000000000      
  0.6296296      0.629629611968994140625000000000000      
  0.6666667      0.666666686534881591796875000000000      
  0.7037037      0.703703701496124267578125000000000      
  0.7407407      0.740740716457366943359375000000000      
  0.7777778      0.777777791023254394531250000000000      
  0.8148148      0.814814805984497070312500000000000      
  0.8518519      0.851851880550384521484375000000000      
  0.8888889      0.888888895511627197265625000000000      
  0.9259259      0.925925910472869873046875000000000      
  0.9629630      0.962962985038757324218750000000000      
   1.000000       1.00000000000000000000000000000000      
