  4.5454547E-02  4.545454308390617E-002
  9.0909094E-02  9.090908616781235E-002
  0.1363636      0.136363625526428     
  0.1818182      0.181818172335625     
  0.2272727      0.227272719144821     
  0.2727273      0.272727251052856     
  0.3181818      0.318181812763214     
  0.3636364      0.363636344671249     
  0.4090909      0.409090876579285     
  0.4545455      0.454545438289642     
  0.5000000      0.499999970197678     
  0.5454546      0.545454502105713     
  0.5909091      0.590909063816071     
  0.6363636      0.636363625526428     
  0.6818182      0.681818127632141     
  0.7272727      0.727272689342499     
  0.7727273      0.772727251052856     
  0.8181818      0.818181753158569     
  0.8636364      0.863636314868927     
  0.9090909      0.909090876579285     
  0.9545454      0.954545438289642     
   1.000000       1.00000000000000     
