  1.4705882E-02  1.4705881E-02
  2.9411765E-02  2.9411763E-02
  4.4117648E-02  4.4117644E-02
  5.8823530E-02  5.8823526E-02
  7.3529415E-02  7.3529407E-02
  8.8235296E-02  8.8235289E-02
  0.1029412      0.1029412    
  0.1176471      0.1176471    
  0.1323529      0.1323529    
  0.1470588      0.1470588    
  0.1617647      0.1617647    
  0.1764706      0.1764706    
  0.1911765      0.1911765    
  0.2058824      0.2058823    
  0.2205882      0.2205882    
  0.2352941      0.2352941    
  0.2500000      0.2500000    
  0.2647059      0.2647059    
  0.2794118      0.2794117    
  0.2941177      0.2941176    
  0.3088235      0.3088235    
  0.3235294      0.3235294    
  0.3382353      0.3382353    
  0.3529412      0.3529412    
  0.3676471      0.3676471    
  0.3823529      0.3823529    
  0.3970588      0.3970588    
  0.4117647      0.4117647    
  0.4264706      0.4264706    
  0.4411765      0.4411764    
  0.4558823      0.4558823    
  0.4705882      0.4705882    
  0.4852941      0.4852941    
  0.5000000      0.5000000    
  0.5147059      0.5147058    
  0.5294118      0.5294117    
  0.5441176      0.5441176    
  0.5588235      0.5588235    
  0.5735294      0.5735294    
  0.5882353      0.5882353    
  0.6029412      0.6029412    
  0.6176471      0.6176471    
  0.6323529      0.6323529    
  0.6470588      0.6470588    
  0.6617647      0.6617647    
  0.6764706      0.6764705    
  0.6911765      0.6911764    
  0.7058824      0.7058823    
  0.7205882      0.7205882    
  0.7352941      0.7352941    
  0.7500000      0.7499999    
  0.7647059      0.7647058    
  0.7794118      0.7794117    
  0.7941176      0.7941176    
  0.8088235      0.8088235    
  0.8235294      0.8235294    
  0.8382353      0.8382353    
  0.8529412      0.8529412    
  0.8676471      0.8676470    
  0.8823529      0.8823529    
  0.8970588      0.8970588    
  0.9117647      0.9117646    
  0.9264706      0.9264705    
  0.9411765      0.9411764    
  0.9558824      0.9558823    
  0.9705882      0.9705882    
  0.9852941      0.9852940    
   1.000000      0.9999999    
