  2.1276595E-02  2.127659507095814E-002
  4.2553190E-02  4.255319014191628E-002
  6.3829787E-02  6.382978707551956E-002
  8.5106380E-02  8.510638028383255E-002
  0.1063830      0.106382973492146     
  0.1276596      0.127659574151039     
  0.1489362      0.148936167359352     
  0.1702128      0.170212760567665     
  0.1914894      0.191489353775978     
  0.2127660      0.212765946984291     
  0.2340426      0.234042540192604     
  0.2553191      0.255319148302078     
  0.2765957      0.276595741510391     
  0.2978723      0.297872334718704     
  0.3191489      0.319148927927017     
  0.3404255      0.340425521135330     
  0.3617021      0.361702114343643     
  0.3829787      0.382978707551956     
  0.4042553      0.404255300760269     
  0.4255319      0.425531893968582     
  0.4468085      0.446808487176895     
  0.4680851      0.468085080385208     
  0.4893617      0.489361673593521     
  0.5106383      0.510638296604156     
  0.5319149      0.531914889812469     
  0.5531915      0.553191483020782     
  0.5744681      0.574468076229095     
  0.5957447      0.595744669437408     
  0.6170213      0.617021262645721     
  0.6382979      0.638297855854034     
  0.6595744      0.659574449062347     
  0.6808510      0.680851042270660     
  0.7021276      0.702127635478973     
  0.7234042      0.723404228687286     
  0.7446808      0.744680821895599     
  0.7659575      0.765957415103912     
  0.7872341      0.787234008312225     
  0.8085107      0.808510601520538     
  0.8297873      0.829787194728851     
  0.8510638      0.851063787937164     
  0.8723404      0.872340381145477     
  0.8936170      0.893616974353790     
  0.9148936      0.914893567562103     
  0.9361702      0.936170160770416     
  0.9574468      0.957446813583374     
  0.9787234      0.978723406791687     
   1.000000       1.00000000000000     
