  5.0000001E-02  4.9999997E-02
  0.1000000      0.1000000    
  0.1500000      0.1500000    
  0.2000000      0.2000000    
  0.2500000      0.2500000    
  0.3000000      0.3000000    
  0.3500000      0.3500000    
  0.4000000      0.4000000    
  0.4500000      0.4500000    
  0.5000000      0.5000000    
  0.5500000      0.5500000    
  0.6000000      0.6000000    
  0.6500000      0.6500000    
  0.7000000      0.6999999    
  0.7500000      0.7499999    
  0.8000000      0.8000000    
  0.8500000      0.8500000    
  0.9000000      0.9000000    
  0.9500000      0.9499999    
   1.000000      0.9999999    
