  3.0303031E-02  3.0303029E-02
  6.0606062E-02  6.0606059E-02
  9.0909094E-02  9.0909086E-02
  0.1212121      0.1212121    
  0.1515152      0.1515151    
  0.1818182      0.1818182    
  0.2121212      0.2121212    
  0.2424242      0.2424242    
  0.2727273      0.2727273    
  0.3030303      0.3030303    
  0.3333333      0.3333333    
  0.3636364      0.3636363    
  0.3939394      0.3939394    
  0.4242424      0.4242424    
  0.4545455      0.4545454    
  0.4848485      0.4848485    
  0.5151515      0.5151515    
  0.5454546      0.5454545    
  0.5757576      0.5757576    
  0.6060606      0.6060606    
  0.6363636      0.6363636    
  0.6666667      0.6666666    
  0.6969697      0.6969697    
  0.7272727      0.7272727    
  0.7575758      0.7575758    
  0.7878788      0.7878788    
  0.8181818      0.8181818    
  0.8484849      0.8484848    
  0.8787879      0.8787879    
  0.9090909      0.9090909    
  0.9393939      0.9393939    
  0.9696970      0.9696969    
   1.000000       1.000000    
