  1.4925373E-02  1.4925372E-02
  2.9850746E-02  2.9850744E-02
  4.4776119E-02  4.4776116E-02
  5.9701491E-02  5.9701487E-02
  7.4626863E-02  7.4626863E-02
  8.9552239E-02  8.9552231E-02
  0.1044776      0.1044776    
  0.1194030      0.1194030    
  0.1343284      0.1343284    
  0.1492537      0.1492537    
  0.1641791      0.1641791    
  0.1791045      0.1791045    
  0.1940299      0.1940298    
  0.2089552      0.2089552    
  0.2238806      0.2238806    
  0.2388060      0.2388059    
  0.2537313      0.2537313    
  0.2686567      0.2686567    
  0.2835821      0.2835821    
  0.2985075      0.2985075    
  0.3134328      0.3134328    
  0.3283582      0.3283582    
  0.3432836      0.3432836    
  0.3582090      0.3582089    
  0.3731343      0.3731343    
  0.3880597      0.3880597    
  0.4029851      0.4029850    
  0.4179105      0.4179104    
  0.4328358      0.4328358    
  0.4477612      0.4477611    
  0.4626866      0.4626865    
  0.4776119      0.4776119    
  0.4925373      0.4925373    
  0.5074627      0.5074626    
  0.5223880      0.5223880    
  0.5373135      0.5373134    
  0.5522388      0.5522388    
  0.5671642      0.5671641    
  0.5820895      0.5820895    
  0.5970149      0.5970149    
  0.6119403      0.6119403    
  0.6268657      0.6268656    
  0.6417910      0.6417910    
  0.6567164      0.6567163    
  0.6716418      0.6716417    
  0.6865672      0.6865671    
  0.7014925      0.7014925    
  0.7164179      0.7164178    
  0.7313433      0.7313432    
  0.7462686      0.7462686    
  0.7611941      0.7611940    
  0.7761194      0.7761194    
  0.7910448      0.7910447    
  0.8059701      0.8059701    
  0.8208955      0.8208954    
  0.8358209      0.8358208    
  0.8507463      0.8507462    
  0.8656716      0.8656716    
  0.8805970      0.8805969    
  0.8955224      0.8955223    
  0.9104478      0.9104477    
  0.9253731      0.9253731    
  0.9402985      0.9402984    
  0.9552239      0.9552238    
  0.9701493      0.9701493    
  0.9850746      0.9850746    
   1.000000       1.000000    
