  1.3333334E-02  0.0000000E+00
  2.6666667E-02  2.6667127E-02
  3.9999999E-02  4.0000711E-02
  5.3333335E-02  5.3334255E-02
  6.6666670E-02  6.6667810E-02
  7.9999998E-02  8.0001399E-02
  9.3333334E-02  9.3334943E-02
  0.1066667      0.1066685    
  0.1200000      0.1200021    
  0.1333333      0.1333356    
  0.1466667      0.1466692    
  0.1600000      0.1600028    
  0.1733333      0.1733364    
  0.1866667      0.1866699    
  0.2000000      0.2000034    
  0.2133333      0.2133369    
  0.2266667      0.2266705    
  0.2400000      0.2400040    
  0.2533333      0.2533376    
  0.2666667      0.2666711    
  0.2800000      0.2800047    
  0.2933333      0.2933382    
  0.3066667      0.3066717    
  0.3200000      0.3200053    
  0.3333333      0.3333386    
  0.3466667      0.3466722    
  0.3600000      0.3600055    
  0.3733333      0.3733391    
  0.3866667      0.3866727    
  0.4000000      0.4000059    
  0.4133333      0.4133393    
  0.4266667      0.4266727    
  0.4400000      0.4400063    
  0.4533333      0.4533398    
  0.4666667      0.4666732    
  0.4800000      0.4800066    
  0.4933333      0.4933400    
  0.5066667      0.5066735    
  0.5200000      0.5200070    
  0.5333334      0.5333403    
  0.5466667      0.5466735    
  0.5600000      0.5600069    
  0.5733333      0.5733402    
  0.5866666      0.5866736    
  0.6000000      0.6000070    
  0.6133333      0.6133402    
  0.6266667      0.6266733    
  0.6400000      0.6400068    
  0.6533333      0.6533400    
  0.6666667      0.6666735    
  0.6800000      0.6800067    
  0.6933333      0.6933399    
  0.7066666      0.7066733    
  0.7200000      0.7200066    
  0.7333333      0.7333398    
  0.7466667      0.7466730    
  0.7600000      0.7600061    
  0.7733333      0.7733392    
  0.7866667      0.7866724    
  0.8000000      0.8000054    
  0.8133333      0.8133385    
  0.8266667      0.8266715    
  0.8400000      0.8400047    
  0.8533334      0.8533377    
  0.8666667      0.8666706    
  0.8800000      0.8800038    
  0.8933333      0.8933367    
  0.9066667      0.9066696    
  0.9200000      0.9200027    
  0.9333333      0.9333357    
  0.9466667      0.9466686    
  0.9600000      0.9600015    
  0.9733334      0.9733345    
  0.9866667      0.9866674    
   1.000000       1.000000    
