  4.3478262E-02  4.347826167941093444824218750000000E-0002
  8.6956523E-02  8.695652335882186889648437500000000E-0002
  0.1304348      0.130434781312942504882812500000000      
  0.1739130      0.173913046717643737792968750000000      
  0.2173913      0.217391297221183776855468750000000      
  0.2608696      0.260869562625885009765625000000000      
  0.3043478      0.304347813129425048828125000000000      
  0.3478261      0.347826093435287475585937500000000      
  0.3913043      0.391304343938827514648437500000000      
  0.4347826      0.434782594442367553710937500000000      
  0.4782609      0.478260874748229980468750000000000      
  0.5217391      0.521739125251770019531250000000000      
  0.5652174      0.565217375755310058593750000000000      
  0.6086956      0.608695626258850097656250000000000      
  0.6521739      0.652173936367034912109375000000000      
  0.6956522      0.695652186870574951171875000000000      
  0.7391304      0.739130437374114990234375000000000      
  0.7826087      0.782608687877655029296875000000000      
  0.8260869      0.826086938381195068359375000000000      
  0.8695652      0.869565188884735107421875000000000      
  0.9130435      0.913043498992919921875000000000000      
  0.9565217      0.956521749496459960937500000000000      
   1.000000       1.00000000000000000000000000000000      
