  3.5714287E-02  3.571428358554840E-002
  7.1428575E-02  7.142856717109680E-002
  0.1071429      0.107142850756645     
  0.1428571      0.142857134342194     
  0.1785714      0.178571417927742     
  0.2142857      0.214285701513290     
  0.2500000      0.249999985098839     
  0.2857143      0.285714268684387     
  0.3214286      0.321428537368774     
  0.3571429      0.357142835855484     
  0.3928571      0.392857134342194     
  0.4285714      0.428571403026581     
  0.4642857      0.464285671710968     
  0.5000000      0.499999970197678     
  0.5357143      0.535714268684387     
  0.5714286      0.571428537368774     
  0.6071429      0.607142806053162     
  0.6428571      0.642857074737549     
  0.6785714      0.678571403026581     
  0.7142857      0.714285671710968     
  0.7500000      0.749999940395355     
  0.7857143      0.785714268684387     
  0.8214286      0.821428537368774     
  0.8571429      0.857142806053162     
  0.8928571      0.892857074737549     
  0.9285714      0.928571343421936     
  0.9642857      0.964285671710968     
   1.000000      0.999999940395355     
