  1.6129032E-02  0.0000000E+00
  3.2258064E-02  3.2258168E-02
  4.8387095E-02  4.8387248E-02
  6.4516127E-02  6.4516336E-02
  8.0645159E-02  8.0645435E-02
  9.6774191E-02  9.6774496E-02
  0.1129032      0.1129035    
  0.1290323      0.1290326    
  0.1451613      0.1451617    
  0.1612903      0.1612909    
  0.1774193      0.1774198    
  0.1935484      0.1935490    
  0.2096774      0.2096781    
  0.2258064      0.2258072    
  0.2419355      0.2419363    
  0.2580645      0.2580653    
  0.2741936      0.2741944    
  0.2903226      0.2903234    
  0.3064516      0.3064526    
  0.3225806      0.3225818    
  0.3387097      0.3387108    
  0.3548387      0.3548398    
  0.3709677      0.3709689    
  0.3870968      0.3870980    
  0.4032258      0.4032272    
  0.4193548      0.4193563    
  0.4354839      0.4354855    
  0.4516129      0.4516146    
  0.4677419      0.4677438    
  0.4838710      0.4838729    
  0.5000000      0.5000021    
  0.5161290      0.5161312    
  0.5322581      0.5322604    
  0.5483871      0.5483896    
  0.5645161      0.5645186    
  0.5806451      0.5806478    
  0.5967742      0.5967767    
  0.6129032      0.6129058    
  0.6290323      0.6290349    
  0.6451613      0.6451638    
  0.6612903      0.6612929    
  0.6774194      0.6774219    
  0.6935484      0.6935511    
  0.7096774      0.7096801    
  0.7258065      0.7258092    
  0.7419355      0.7419382    
  0.7580645      0.7580670    
  0.7741935      0.7741960    
  0.7903226      0.7903250    
  0.8064516      0.8064539    
  0.8225806      0.8225828    
  0.8387097      0.8387116    
  0.8548387      0.8548405    
  0.8709677      0.8709692    
  0.8870968      0.8870981    
  0.9032258      0.9032270    
  0.9193549      0.9193558    
  0.9354839      0.9354847    
  0.9516129      0.9516135    
  0.9677419      0.9677425    
  0.9838710      0.9838713    
   1.000000       1.000000    
