  1.2345679E-02  1.234567817300558E-002
  2.4691358E-02  2.469135634601116E-002
  3.7037037E-02  3.703703358769417E-002
  4.9382716E-02  4.938271269202232E-002
  6.1728396E-02  6.172839179635048E-002
  7.4074075E-02  7.407406717538834E-002
  8.6419754E-02  8.641974627971649E-002
  9.8765433E-02  9.876542538404465E-002
  0.1111111      0.111111104488373     
  0.1234568      0.123456783592701     
  0.1358025      0.135802462697029     
  0.1481481      0.148148134350777     
  0.1604938      0.160493820905685     
  0.1728395      0.172839492559433     
  0.1851852      0.185185179114342     
  0.1975309      0.197530850768089     
  0.2098765      0.209876522421837     
  0.2222222      0.222222208976746     
  0.2345679      0.234567880630493     
  0.2469136      0.246913567185402     
  0.2592593      0.259259253740311     
  0.2716049      0.271604925394058     
  0.2839506      0.283950597047806     
  0.2962963      0.296296268701553     
  0.3086420      0.308641940355301     
  0.3209876      0.320987641811371     
  0.3333333      0.333333313465118     
  0.3456790      0.345678985118866     
  0.3580247      0.358024656772614     
  0.3703704      0.370370358228683     
  0.3827161      0.382716029882431     
  0.3950617      0.395061701536179     
  0.4074074      0.407407373189926     
  0.4197531      0.419753044843674     
  0.4320988      0.432098746299744     
  0.4444444      0.444444417953491     
  0.4567901      0.456790089607239     
  0.4691358      0.469135761260986     
  0.4814815      0.481481462717056     
  0.4938272      0.493827134370804     
  0.5061728      0.506172776222229     
  0.5185185      0.518518507480621     
  0.5308642      0.530864179134369     
  0.5432099      0.543209850788116     
  0.5555556      0.555555522441864     
  0.5679013      0.567901194095612     
  0.5802469      0.580246865749359     
  0.5925926      0.592592537403107     
  0.6049383      0.604938209056854     
  0.6172839      0.617283880710602     
  0.6296296      0.629629611968994     
  0.6419753      0.641975283622742     
  0.6543210      0.654320955276489     
  0.6666667      0.666666626930237     
  0.6790124      0.679012298583984     
  0.6913580      0.691357970237732     
  0.7037037      0.703703641891479     
  0.7160494      0.716049313545227     
  0.7283950      0.728394985198975     
  0.7407407      0.740740716457367     
  0.7530864      0.753086388111115     
  0.7654321      0.765432059764862     
  0.7777778      0.777777731418610     
  0.7901235      0.790123403072357     
  0.8024691      0.802469074726105     
  0.8148148      0.814814746379852     
  0.8271605      0.827160418033600     
  0.8395061      0.839506089687347     
  0.8518519      0.851851820945740     
  0.8641976      0.864197492599487     
  0.8765432      0.876543164253235     
  0.8888889      0.888888835906982     
  0.9012346      0.901234507560730     
  0.9135802      0.913580179214478     
  0.9259259      0.925925850868225     
  0.9382716      0.938271522521973     
  0.9506173      0.950617194175720     
  0.9629630      0.962962925434113     
  0.9753087      0.975308597087860     
  0.9876543      0.987654268741608     
   1.000000       1.00000000000000     
