  2.5641026E-02  0.0000000E+00
  5.1282052E-02  5.1282246E-02
  7.6923080E-02  7.6923393E-02
  0.1025641      0.1025645    
  0.1282051      0.1282057    
  0.1538462      0.1538468    
  0.1794872      0.1794879    
  0.2051282      0.2051290    
  0.2307692      0.2307701    
  0.2564103      0.2564111    
  0.2820513      0.2820522    
  0.3076923      0.3076933    
  0.3333333      0.3333343    
  0.3589744      0.3589754    
  0.3846154      0.3846167    
  0.4102564      0.4102575    
  0.4358974      0.4358987    
  0.4615385      0.4615397    
  0.4871795      0.4871806    
  0.5128205      0.5128217    
  0.5384616      0.5384628    
  0.5641026      0.5641038    
  0.5897436      0.5897449    
  0.6153846      0.6153859    
  0.6410257      0.6410268    
  0.6666667      0.6666679    
  0.6923077      0.6923088    
  0.7179487      0.7179498    
  0.7435898      0.7435909    
  0.7692308      0.7692318    
  0.7948718      0.7948728    
  0.8205128      0.8205137    
  0.8461539      0.8461546    
  0.8717949      0.8717956    
  0.8974359      0.8974365    
  0.9230769      0.9230773    
  0.9487180      0.9487183    
  0.9743590      0.9743592    
   1.000000       1.000000    
