  5.8823530E-02  5.882352590560913E-002
  0.1176471      0.117647051811218     
  0.1764706      0.176470577716827     
  0.2352941      0.235294103622437     
  0.2941177      0.294117629528046     
  0.3529412      0.352941155433655     
  0.4117647      0.411764681339264     
  0.4705882      0.470588207244873     
  0.5294118      0.529411733150482     
  0.5882353      0.588235259056091     
  0.6470588      0.647058784961700     
  0.7058824      0.705882310867310     
  0.7647059      0.764705836772919     
  0.8235294      0.823529362678528     
  0.8823529      0.882352888584137     
  0.9411765      0.941176414489746     
   1.000000       1.00000000000000     
