  1.9607844E-02  0.000000000000000000000000000000000E+0000
  3.9215688E-02  3.921568627450980392156862745098044E-0002
  5.8823530E-02  5.882352941176470588235294117647068E-0002
  7.8431375E-02  7.843137254901960784313725490196088E-0002
  9.8039217E-02  9.803921568627450980392156862745108E-0002
  0.1176471      0.117647058823529411764705882352941      
  0.1372549      0.137254901960784313725490196078432      
  0.1568628      0.156862745098039215686274509803922      
  0.1764706      0.176470588235294117647058823529412      
  0.1960784      0.196078431372549019607843137254902      
  0.2156863      0.215686274509803921568627450980393      
  0.2352941      0.235294117647058823529411764705883      
  0.2549020      0.254901960784313725490196078431373      
  0.2745098      0.274509803921568627450980392156863      
  0.2941177      0.294117647058823529411764705882354      
  0.3137255      0.313725490196078431372549019607844      
  0.3333333      0.333333333333333333333333333333334      
  0.3529412      0.352941176470588235294117647058824      
  0.3725490      0.372549019607843137254901960784314      
  0.3921569      0.392156862745098039215686274509805      
  0.4117647      0.411764705882352941176470588235295      
  0.4313726      0.431372549019607843137254901960785      
  0.4509804      0.450980392156862745098039215686275      
  0.4705882      0.470588235294117647058823529411766      
  0.4901961      0.490196078431372549019607843137256      
  0.5098040      0.509803921568627450980392156862746      
  0.5294118      0.529411764705882352941176470588237      
  0.5490196      0.549019607843137254901960784313727      
  0.5686275      0.568627450980392156862745098039217      
  0.5882353      0.588235294117647058823529411764708      
  0.6078432      0.607843137254901960784313725490198      
  0.6274510      0.627450980392156862745098039215688      
  0.6470588      0.647058823529411764705882352941178      
  0.6666667      0.666666666666666666666666666666668      
  0.6862745      0.686274509803921568627450980392158      
  0.7058824      0.705882352941176470588235294117648      
  0.7254902      0.725490196078431372549019607843139      
  0.7450981      0.745098039215686274509803921568629      
  0.7647059      0.764705882352941176470588235294119      
  0.7843137      0.784313725490196078431372549019609      
  0.8039216      0.803921568627450980392156862745099      
  0.8235294      0.823529411764705882352941176470589      
  0.8431373      0.843137254901960784313725490196079      
  0.8627451      0.862745098039215686274509803921569      
  0.8823529      0.882352941176470588235294117647059      
  0.9019608      0.901960784313725490196078431372550      
  0.9215686      0.921568627450980392156862745098040      
  0.9411765      0.941176470588235294117647058823530      
  0.9607843      0.960784313725490196078431372549020      
  0.9803922      0.980392156862745098039215686274510      
   1.000000       1.00000000000000000000000000000000      
