  1.4285714E-02  1.428571436554193496704101562500000E-0002
  2.8571429E-02  2.857142873108386993408203125000000E-0002
  4.2857144E-02  4.285714402794837951660156250000000E-0002
  5.7142857E-02  5.714285746216773986816406250000000E-0002
  7.1428575E-02  7.142857462167739868164062500000000E-0002
  8.5714288E-02  8.571428805589675903320312500000000E-0002
  0.1000000      0.100000001490116119384765625000000      
  0.1142857      0.114285714924335479736328125000000      
  0.1285714      0.128571435809135437011718750000000      
  0.1428571      0.142857149243354797363281250000000      
  0.1571429      0.157142862677574157714843750000000      
  0.1714286      0.171428576111793518066406250000000      
  0.1857143      0.185714289546012878417968750000000      
  0.2000000      0.200000002980232238769531250000000      
  0.2142857      0.214285716414451599121093750000000      
  0.2285714      0.228571429848670959472656250000000      
  0.2428571      0.242857143282890319824218750000000      
  0.2571429      0.257142871618270874023437500000000      
  0.2714286      0.271428585052490234375000000000000      
  0.2857143      0.285714298486709594726562500000000      
  0.3000000      0.300000011920928955078125000000000      
  0.3142857      0.314285725355148315429687500000000      
  0.3285714      0.328571438789367675781250000000000      
  0.3428572      0.342857152223587036132812500000000      
  0.3571429      0.357142865657806396484375000000000      
  0.3714286      0.371428579092025756835937500000000      
  0.3857143      0.385714292526245117187500000000000      
  0.4000000      0.400000005960464477539062500000000      
  0.4142857      0.414285719394683837890625000000000      
  0.4285714      0.428571432828903198242187500000000      
  0.4428571      0.442857146263122558593750000000000      
  0.4571429      0.457142859697341918945312500000000      
  0.4714286      0.471428573131561279296875000000000      
  0.4857143      0.485714286565780639648437500000000      
  0.5000000      0.500000000000000000000000000000000      
  0.5142857      0.514285743236541748046875000000000      
  0.5285714      0.528571426868438720703125000000000      
  0.5428572      0.542857170104980468750000000000000      
  0.5571429      0.557142853736877441406250000000000      
  0.5714286      0.571428596973419189453125000000000      
  0.5857143      0.585714280605316162109375000000000      
  0.6000000      0.600000023841857910156250000000000      
  0.6142857      0.614285707473754882812500000000000      
  0.6285715      0.628571450710296630859375000000000      
  0.6428571      0.642857134342193603515625000000000      
  0.6571429      0.657142877578735351562500000000000      
  0.6714286      0.671428561210632324218750000000000      
  0.6857143      0.685714304447174072265625000000000      
  0.7000000      0.699999988079071044921875000000000      
  0.7142857      0.714285731315612792968750000000000      
  0.7285714      0.728571414947509765625000000000000      
  0.7428572      0.742857158184051513671875000000000      
  0.7571428      0.757142841815948486328125000000000      
  0.7714286      0.771428585052490234375000000000000      
  0.7857143      0.785714268684387207031250000000000      
  0.8000000      0.800000011920928955078125000000000      
  0.8142857      0.814285695552825927734375000000000      
  0.8285714      0.828571438789367675781250000000000      
  0.8428571      0.842857122421264648437500000000000      
  0.8571429      0.857142865657806396484375000000000      
  0.8714285      0.871428549289703369140625000000000      
  0.8857143      0.885714292526245117187500000000000      
  0.9000000      0.899999976158142089843750000000000      
  0.9142857      0.914285719394683837890625000000000      
  0.9285714      0.928571403026580810546875000000000      
  0.9428571      0.942857146263122558593750000000000      
  0.9571428      0.957142829895019531250000000000000      
  0.9714286      0.971428573131561279296875000000000      
  0.9857143      0.985714256763458251953125000000000      
   1.000000       1.00000000000000000000000000000000      
