  3.4482758E-02  0.0000000E+00
  6.8965517E-02  6.8965726E-02
  0.1034483      0.1034486    
  0.1379310      0.1379315    
  0.1724138      0.1724143    
  0.2068966      0.2068972    
  0.2413793      0.2413800    
  0.2758621      0.2758629    
  0.3103448      0.3103457    
  0.3448276      0.3448285    
  0.3793103      0.3793114    
  0.4137931      0.4137941    
  0.4482759      0.4482770    
  0.4827586      0.4827596    
  0.5172414      0.5172425    
  0.5517241      0.5517252    
  0.5862069      0.5862079    
  0.6206896      0.6206906    
  0.6551724      0.6551734    
  0.6896552      0.6896561    
  0.7241379      0.7241388    
  0.7586207      0.7586216    
  0.7931035      0.7931043    
  0.8275862      0.8275871    
  0.8620690      0.8620697    
  0.8965517      0.8965524    
  0.9310345      0.9310350    
  0.9655172      0.9655176    
   1.000000       1.000000    
