  2.6315790E-02  0.0000000E+00
  5.2631579E-02  5.2631650E-02
  7.8947365E-02  7.8947499E-02
  0.1052632      0.1052633    
  0.1315790      0.1315792    
  0.1578947      0.1578950    
  0.1842105      0.1842108    
  0.2105263      0.2105266    
  0.2368421      0.2368423    
  0.2631579      0.2631582    
  0.2894737      0.2894740    
  0.3157895      0.3157898    
  0.3421053      0.3421056    
  0.3684210      0.3684214    
  0.3947369      0.3947372    
  0.4210526      0.4210530    
  0.4473684      0.4473687    
  0.4736842      0.4736845    
  0.5000000      0.5000002    
  0.5263158      0.5263160    
  0.5526316      0.5526317    
  0.5789474      0.5789475    
  0.6052632      0.6052632    
  0.6315789      0.6315790    
  0.6578947      0.6578948    
  0.6842105      0.6842106    
  0.7105263      0.7105263    
  0.7368421      0.7368422    
  0.7631579      0.7631579    
  0.7894737      0.7894737    
  0.8157895      0.8157896    
  0.8421053      0.8421054    
  0.8684211      0.8684211    
  0.8947368      0.8947369    
  0.9210526      0.9210527    
  0.9473684      0.9473684    
  0.9736842      0.9736843    
   1.000000      0.9999999    
