  1.8518519E-02  0.000000000000000E+000
  3.7037037E-02  3.703703703703686E-002
  5.5555556E-02  5.555555555555532E-002
  7.4074075E-02  7.407407407407372E-002
  9.2592590E-02  9.259259259259216E-002
  0.1111111      0.111111111111111     
  0.1296296      0.129629629629629     
  0.1481481      0.148148148148147     
  0.1666667      0.166666666666666     
  0.1851852      0.185185185185184     
  0.2037037      0.203703703703703     
  0.2222222      0.222222222222221     
  0.2407407      0.240740740740740     
  0.2592593      0.259259259259258     
  0.2777778      0.277777777777777     
  0.2962963      0.296296296296295     
  0.3148148      0.314814814814814     
  0.3333333      0.333333333333332     
  0.3518519      0.351851851851851     
  0.3703704      0.370370370370369     
  0.3888889      0.388888888888888     
  0.4074074      0.407407407407406     
  0.4259259      0.425925925925924     
  0.4444444      0.444444444444443     
  0.4629630      0.462962962962961     
  0.4814815      0.481481481481480     
  0.5000000      0.499999999999998     
  0.5185185      0.518518518518517     
  0.5370370      0.537037037037035     
  0.5555556      0.555555555555554     
  0.5740741      0.574074074074072     
  0.5925926      0.592592592592590     
  0.6111111      0.611111111111109     
  0.6296296      0.629629629629627     
  0.6481481      0.648148148148146     
  0.6666667      0.666666666666664     
  0.6851852      0.685185185185183     
  0.7037037      0.703703703703701     
  0.7222222      0.722222222222220     
  0.7407407      0.740740740740739     
  0.7592593      0.759259259259257     
  0.7777778      0.777777777777776     
  0.7962963      0.796296296296295     
  0.8148148      0.814814814814813     
  0.8333333      0.833333333333332     
  0.8518519      0.851851851851851     
  0.8703704      0.870370370370369     
  0.8888889      0.888888888888888     
  0.9074074      0.907407407407407     
  0.9259259      0.925925925925925     
  0.9444444      0.944444444444444     
  0.9629630      0.962962962962963     
  0.9814815      0.981481481481481     
   1.000000       1.00000000000000     
