  1.6393442E-02  1.639344170689583E-002
  3.2786883E-02  3.278688341379166E-002
  4.9180329E-02  4.918032512068748E-002
  6.5573767E-02  6.557376682758331E-002
  8.1967212E-02  8.196720480918884E-002
  9.8360658E-02  9.836065024137497E-002
  0.1147541      0.114754095673561     
  0.1311475      0.131147533655167     
  0.1475410      0.147540971636772     
  0.1639344      0.163934409618378     
  0.1803279      0.180327862501144     
  0.1967213      0.196721300482750     
  0.2131148      0.213114738464355     
  0.2295082      0.229508191347122     
  0.2459016      0.245901629328728     
  0.2622951      0.262295067310333     
  0.2786885      0.278688520193100     
  0.2950820      0.295081943273544     
  0.3114754      0.311475396156311     
  0.3278688      0.327868819236755     
  0.3442623      0.344262272119522     
  0.3606557      0.360655725002289     
  0.3770492      0.377049148082733     
  0.3934426      0.393442600965500     
  0.4098361      0.409836053848267     
  0.4262295      0.426229476928711     
  0.4426230      0.442622929811478     
  0.4590164      0.459016382694244     
  0.4754098      0.475409805774689     
  0.4918033      0.491803258657455     
  0.5081967      0.508196711540222     
  0.5245901      0.524590134620667     
  0.5409836      0.540983557701111     
  0.5573770      0.557377040386200     
  0.5737705      0.573770463466644     
  0.5901639      0.590163886547089     
  0.6065574      0.606557369232178     
  0.6229508      0.622950792312622     
  0.6393443      0.639344215393066     
  0.6557377      0.655737638473511     
  0.6721311      0.672131121158600     
  0.6885246      0.688524544239044     
  0.7049180      0.704917967319489     
  0.7213115      0.721311450004578     
  0.7377049      0.737704873085022     
  0.7540984      0.754098296165466     
  0.7704918      0.770491778850555     
  0.7868853      0.786885201931000     
  0.8032787      0.803278625011444     
  0.8196721      0.819672107696533     
  0.8360656      0.836065530776978     
  0.8524590      0.852458953857422     
  0.8688524      0.868852436542511     
  0.8852459      0.885245859622955     
  0.9016393      0.901639282703400     
  0.9180328      0.918032765388489     
  0.9344262      0.934426188468933     
  0.9508197      0.950819611549377     
  0.9672131      0.967213034629822     
  0.9836066      0.983606517314911     
   1.000000       1.00000000000000     
