  1.1627907E-02  1.1627906E-02
  2.3255814E-02  2.3255812E-02
  3.4883723E-02  3.4883719E-02
  4.6511628E-02  4.6511624E-02
  5.8139537E-02  5.8139529E-02
  6.9767445E-02  6.9767438E-02
  8.1395350E-02  8.1395343E-02
  9.3023255E-02  9.3023248E-02
  0.1046512      0.1046512    
  0.1162791      0.1162791    
  0.1279070      0.1279070    
  0.1395349      0.1395349    
  0.1511628      0.1511628    
  0.1627907      0.1627907    
  0.1744186      0.1744186    
  0.1860465      0.1860465    
  0.1976744      0.1976744    
  0.2093023      0.2093023    
  0.2209302      0.2209302    
  0.2325581      0.2325581    
  0.2441860      0.2441860    
  0.2558140      0.2558139    
  0.2674419      0.2674418    
  0.2790698      0.2790698    
  0.2906977      0.2906977    
  0.3023256      0.3023255    
  0.3139535      0.3139535    
  0.3255814      0.3255814    
  0.3372093      0.3372093    
  0.3488372      0.3488372    
  0.3604651      0.3604651    
  0.3720930      0.3720930    
  0.3837209      0.3837209    
  0.3953488      0.3953488    
  0.4069767      0.4069767    
  0.4186046      0.4186046    
  0.4302326      0.4302325    
  0.4418605      0.4418604    
  0.4534884      0.4534883    
  0.4651163      0.4651162    
  0.4767442      0.4767441    
  0.4883721      0.4883721    
  0.5000000      0.5000000    
  0.5116279      0.5116279    
  0.5232558      0.5232558    
  0.5348837      0.5348837    
  0.5465117      0.5465116    
  0.5581396      0.5581395    
  0.5697674      0.5697674    
  0.5813953      0.5813953    
  0.5930232      0.5930232    
  0.6046512      0.6046511    
  0.6162791      0.6162790    
  0.6279070      0.6279069    
  0.6395349      0.6395348    
  0.6511628      0.6511627    
  0.6627907      0.6627907    
  0.6744186      0.6744186    
  0.6860465      0.6860465    
  0.6976744      0.6976743    
  0.7093023      0.7093022    
  0.7209302      0.7209302    
  0.7325581      0.7325581    
  0.7441860      0.7441860    
  0.7558140      0.7558139    
  0.7674419      0.7674418    
  0.7790698      0.7790697    
  0.7906977      0.7906976    
  0.8023256      0.8023255    
  0.8139535      0.8139534    
  0.8255814      0.8255813    
  0.8372093      0.8372092    
  0.8488372      0.8488371    
  0.8604651      0.8604650    
  0.8720930      0.8720930    
  0.8837209      0.8837209    
  0.8953488      0.8953488    
  0.9069768      0.9069766    
  0.9186047      0.9186046    
  0.9302326      0.9302325    
  0.9418604      0.9418604    
  0.9534883      0.9534883    
  0.9651163      0.9651162    
  0.9767442      0.9767441    
  0.9883721      0.9883721    
   1.000000       1.000000    
