  1.2048192E-02  0.0000000E+00
  2.4096385E-02  2.4096604E-02
  3.6144577E-02  3.6144920E-02
  4.8192769E-02  4.8193209E-02
  6.0240965E-02  6.0241502E-02
  7.2289154E-02  7.2289810E-02
  8.4337346E-02  8.4338091E-02
  9.6385539E-02  9.6386418E-02
  0.1084337      0.1084347    
  0.1204819      0.1204830    
  0.1325301      0.1325313    
  0.1445783      0.1445797    
  0.1566265      0.1566280    
  0.1686747      0.1686762    
  0.1807229      0.1807246    
  0.1927711      0.1927729    
  0.2048193      0.2048212    
  0.2168675      0.2168695    
  0.2289157      0.2289177    
  0.2409639      0.2409661    
  0.2530121      0.2530144    
  0.2650602      0.2650627    
  0.2771084      0.2771111    
  0.2891566      0.2891594    
  0.3012048      0.3012076    
  0.3132530      0.3132559    
  0.3253012      0.3253042    
  0.3373494      0.3373524    
  0.3493976      0.3494007    
  0.3614458      0.3614491    
  0.3734940      0.3734972    
  0.3855422      0.3855455    
  0.3975904      0.3975936    
  0.4096386      0.4096420    
  0.4216867      0.4216903    
  0.4337350      0.4337383    
  0.4457831      0.4457867    
  0.4578313      0.4578347    
  0.4698795      0.4698831    
  0.4819277      0.4819312    
  0.4939759      0.4939795    
  0.5060241      0.5060278    
  0.5180723      0.5180759    
  0.5301205      0.5301241    
  0.5421687      0.5421724    
  0.5542169      0.5542205    
  0.5662650      0.5662687    
  0.5783132      0.5783169    
  0.5903614      0.5903649    
  0.6024097      0.6024131    
  0.6144578      0.6144611    
  0.6265060      0.6265094    
  0.6385542      0.6385578    
  0.6506024      0.6506057    
  0.6626506      0.6626538    
  0.6746988      0.6747020    
  0.6867470      0.6867502    
  0.6987952      0.6987984    
  0.7108434      0.7108465    
  0.7228916      0.7228946    
  0.7349398      0.7349428    
  0.7469879      0.7469909    
  0.7590361      0.7590391    
  0.7710843      0.7710872    
  0.7831326      0.7831354    
  0.7951807      0.7951835    
  0.8072289      0.8072316    
  0.8192771      0.8192797    
  0.8313253      0.8313279    
  0.8433735      0.8433759    
  0.8554217      0.8554239    
  0.8674699      0.8674721    
  0.8795181      0.8795199    
  0.8915663      0.8915679    
  0.9036145      0.9036160    
  0.9156626      0.9156639    
  0.9277108      0.9277118    
  0.9397590      0.9397599    
  0.9518072      0.9518079    
  0.9638554      0.9638559    
  0.9759036      0.9759040    
  0.9879518      0.9879520    
   1.000000       1.000000    
