  1.3157895E-02  0.0000000E+00
  2.6315790E-02  2.6315967E-02
  3.9473683E-02  3.9473973E-02
  5.2631579E-02  5.2631933E-02
  6.5789476E-02  6.5789953E-02
  7.8947365E-02  7.8947946E-02
  9.2105262E-02  9.2105910E-02
  0.1052632      0.1052639    
  0.1184211      0.1184219    
  0.1315790      0.1315798    
  0.1447368      0.1447378    
  0.1578947      0.1578958    
  0.1710526      0.1710538    
  0.1842105      0.1842117    
  0.1973684      0.1973697    
  0.2105263      0.2105277    
  0.2236842      0.2236856    
  0.2368421      0.2368436    
  0.2500000      0.2500015    
  0.2631579      0.2631595    
  0.2763158      0.2763174    
  0.2894737      0.2894754    
  0.3026316      0.3026333    
  0.3157895      0.3157912    
  0.3289474      0.3289493    
  0.3421053      0.3421072    
  0.3552631      0.3552651    
  0.3684210      0.3684233    
  0.3815790      0.3815810    
  0.3947369      0.3947391    
  0.4078947      0.4078971    
  0.4210526      0.4210550    
  0.4342105      0.4342129    
  0.4473684      0.4473710    
  0.4605263      0.4605288    
  0.4736842      0.4736869    
  0.4868421      0.4868447    
  0.5000000      0.5000029    
  0.5131579      0.5131606    
  0.5263158      0.5263187    
  0.5394737      0.5394766    
  0.5526316      0.5526346    
  0.5657895      0.5657923    
  0.5789474      0.5789504    
  0.5921053      0.5921082    
  0.6052632      0.6052661    
  0.6184211      0.6184242    
  0.6315789      0.6315820    
  0.6447368      0.6447399    
  0.6578947      0.6578977    
  0.6710526      0.6710554    
  0.6842105      0.6842135    
  0.6973684      0.6973712    
  0.7105263      0.7105291    
  0.7236842      0.7236871    
  0.7368421      0.7368449    
  0.7500000      0.7500028    
  0.7631579      0.7631606    
  0.7763158      0.7763184    
  0.7894737      0.7894762    
  0.8026316      0.8026341    
  0.8157895      0.8157920    
  0.8289474      0.8289497    
  0.8421053      0.8421075    
  0.8552632      0.8552653    
  0.8684211      0.8684230    
  0.8815789      0.8815809    
  0.8947368      0.8947386    
  0.9078947      0.9078964    
  0.9210526      0.9210542    
  0.9342105      0.9342119    
  0.9473684      0.9473696    
  0.9605263      0.9605274    
  0.9736842      0.9736850    
  0.9868421      0.9868426    
   1.000000       1.000000    
