  5.0000001E-02  0.000000000000000E+000
  0.1000000      0.100000000000000     
  0.1500000      0.150000000000000     
  0.2000000      0.200000000000000     
  0.2500000      0.250000000000000     
  0.3000000      0.300000000000000     
  0.3500000      0.350000000000000     
  0.4000000      0.400000000000000     
  0.4500000      0.450000000000000     
  0.5000000      0.500000000000000     
  0.5500000      0.550000000000000     
  0.6000000      0.600000000000000     
  0.6500000      0.650000000000000     
  0.7000000      0.700000000000000     
  0.7500000      0.750000000000000     
  0.8000000      0.800000000000000     
  0.8500000      0.850000000000000     
  0.9000000      0.900000000000000     
  0.9500000      0.950000000000000     
   1.000000       1.00000000000000     
