  1.4084507E-02  1.408450677990913E-002
  2.8169014E-02  2.816901355981827E-002
  4.2253520E-02  4.225352033972740E-002
  5.6338027E-02  5.633802711963654E-002
  7.0422538E-02  7.042253017425537E-002
  8.4507041E-02  8.450704067945480E-002
  9.8591551E-02  9.859155118465424E-002
  0.1126761      0.112676054239273     
  0.1267606      0.126760557293892     
  0.1408451      0.140845060348511     
  0.1549296      0.154929578304291     
  0.1690141      0.169014081358910     
  0.1830986      0.183098584413528     
  0.1971831      0.197183102369308     
  0.2112676      0.211267605423927     
  0.2253521      0.225352108478546     
  0.2394366      0.239436611533165     
  0.2535211      0.253521114587784     
  0.2676056      0.267605632543564     
  0.2816902      0.281690120697021     
  0.2957746      0.295774638652802     
  0.3098592      0.309859156608582     
  0.3239437      0.323943644762039     
  0.3380282      0.338028162717819     
  0.3521127      0.352112680673599     
  0.3661972      0.366197168827057     
  0.3802817      0.380281686782837     
  0.3943662      0.394366204738617     
  0.4084507      0.408450692892075     
  0.4225352      0.422535210847855     
  0.4366197      0.436619699001312     
  0.4507042      0.450704216957092     
  0.4647887      0.464788734912872     
  0.4788733      0.478873223066330     
  0.4929577      0.492957741022110     
  0.5070422      0.507042229175568     
  0.5211267      0.521126747131348     
  0.5352113      0.535211265087128     
  0.5492958      0.549295783042908     
  0.5633803      0.563380241394043     
  0.5774648      0.577464759349823     
  0.5915493      0.591549277305603     
  0.6056338      0.605633795261383     
  0.6197183      0.619718313217163     
  0.6338028      0.633802831172943     
  0.6478873      0.647887289524078     
  0.6619718      0.661971807479858     
  0.6760563      0.676056325435638     
  0.6901408      0.690140843391418     
  0.7042254      0.704225361347198     
  0.7183099      0.718309819698334     
  0.7323943      0.732394337654114     
  0.7464789      0.746478855609894     
  0.7605634      0.760563373565674     
  0.7746479      0.774647891521454     
  0.7887324      0.788732409477234     
  0.8028169      0.802816867828369     
  0.8169014      0.816901385784149     
  0.8309859      0.830985903739929     
  0.8450704      0.845070421695709     
  0.8591549      0.859154939651489     
  0.8732395      0.873239398002625     
  0.8873239      0.887323915958405     
  0.9014084      0.901408433914185     
  0.9154930      0.915492951869965     
  0.9295775      0.929577469825745     
  0.9436620      0.943661928176880     
  0.9577465      0.957746446132660     
  0.9718310      0.971830964088440     
  0.9859155      0.985915482044220     
   1.000000       1.00000000000000     
