  1.0526316E-02  1.052631624042987823486328125000000E-0002
  2.1052632E-02  2.105263248085975646972656250000000E-0002
  3.1578947E-02  3.157894685864448547363281250000000E-0002
  4.2105265E-02  4.210526496171951293945312500000000E-0002
  5.2631579E-02  5.263157933950424194335937500000000E-0002
  6.3157894E-02  6.315789371728897094726562500000000E-0002
  7.3684208E-02  7.368420809507369995117187500000000E-0002
  8.4210530E-02  8.421052992343902587890625000000000E-0002
  9.4736844E-02  9.473684430122375488281250000000000E-0002
  0.1052632      0.105263158679008483886718750000000      
  0.1157895      0.115789473056793212890625000000000      
  0.1263158      0.126315787434577941894531250000000      
  0.1368421      0.136842101812362670898437500000000      
  0.1473684      0.147368416190147399902343750000000      
  0.1578947      0.157894730567932128906250000000000      
  0.1684211      0.168421059846878051757812500000000      
  0.1789474      0.178947374224662780761718750000000      
  0.1894737      0.189473688602447509765625000000000      
  0.2000000      0.200000002980232238769531250000000      
  0.2105263      0.210526317358016967773437500000000      
  0.2210526      0.221052631735801696777343750000000      
  0.2315789      0.231578946113586425781250000000000      
  0.2421053      0.242105260491371154785156250000000      
  0.2526316      0.252631574869155883789062500000000      
  0.2631579      0.263157904148101806640625000000000      
  0.2736842      0.273684203624725341796875000000000      
  0.2842105      0.284210532903671264648437500000000      
  0.2947368      0.294736832380294799804687500000000      
  0.3052632      0.305263161659240722656250000000000      
  0.3157895      0.315789461135864257812500000000000      
  0.3263158      0.326315790414810180664062500000000      
  0.3368421      0.336842119693756103515625000000000      
  0.3473684      0.347368419170379638671875000000000      
  0.3578947      0.357894748449325561523437500000000      
  0.3684210      0.368421047925949096679687500000000      
  0.3789474      0.378947377204895019531250000000000      
  0.3894737      0.389473676681518554687500000000000      
  0.4000000      0.400000005960464477539062500000000      
  0.4105263      0.410526305437088012695312500000000      
  0.4210526      0.421052634716033935546875000000000      
  0.4315789      0.431578934192657470703125000000000      
  0.4421053      0.442105263471603393554687500000000      
  0.4526316      0.452631592750549316406250000000000      
  0.4631579      0.463157892227172851562500000000000      
  0.4736842      0.473684221506118774414062500000000      
  0.4842105      0.484210520982742309570312500000000      
  0.4947369      0.494736850261688232421875000000000      
  0.5052631      0.505263149738311767578125000000000      
  0.5157894      0.515789449214935302734375000000000      
  0.5263158      0.526315808296203613281250000000000      
  0.5368421      0.536842107772827148437500000000000      
  0.5473684      0.547368407249450683593750000000000      
  0.5578948      0.557894766330718994140625000000000      
  0.5684211      0.568421065807342529296875000000000      
  0.5789474      0.578947365283966064453125000000000      
  0.5894737      0.589473664760589599609375000000000      
  0.6000000      0.600000023841857910156250000000000      
  0.6105263      0.610526323318481445312500000000000      
  0.6210526      0.621052622795104980468750000000000      
  0.6315789      0.631578922271728515625000000000000      
  0.6421053      0.642105281352996826171875000000000      
  0.6526316      0.652631580829620361328125000000000      
  0.6631579      0.663157880306243896484375000000000      
  0.6736842      0.673684239387512207031250000000000      
  0.6842105      0.684210538864135742187500000000000      
  0.6947368      0.694736838340759277343750000000000      
  0.7052631      0.705263137817382812500000000000000      
  0.7157895      0.715789496898651123046875000000000      
  0.7263158      0.726315796375274658203125000000000      
  0.7368421      0.736842095851898193359375000000000      
  0.7473684      0.747368395328521728515625000000000      
  0.7578948      0.757894754409790039062500000000000      
  0.7684211      0.768421053886413574218750000000000      
  0.7789474      0.778947353363037109375000000000000      
  0.7894737      0.789473712444305419921875000000000      
  0.8000000      0.800000011920928955078125000000000      
  0.8105263      0.810526311397552490234375000000000      
  0.8210526      0.821052610874176025390625000000000      
  0.8315790      0.831578969955444335937500000000000      
  0.8421053      0.842105269432067871093750000000000      
  0.8526316      0.852631568908691406250000000000000      
  0.8631579      0.863157868385314941406250000000000      
  0.8736842      0.873684227466583251953125000000000      
  0.8842105      0.884210526943206787109375000000000      
  0.8947368      0.894736826419830322265625000000000      
  0.9052632      0.905263185501098632812500000000000      
  0.9157895      0.915789484977722167968750000000000      
  0.9263158      0.926315784454345703125000000000000      
  0.9368421      0.936842083930969238281250000000000      
  0.9473684      0.947368443012237548828125000000000      
  0.9578947      0.957894742488861083984375000000000      
  0.9684210      0.968421041965484619140625000000000      
  0.9789473      0.978947341442108154296875000000000      
  0.9894737      0.989473700523376464843750000000000      
   1.000000       1.00000000000000000000000000000000      
