  2.9411765E-02  2.941176295280457E-002
  5.8823530E-02  5.882352590560913E-002
  8.8235296E-02  8.823528885841370E-002
  0.1176471      0.117647051811218     
  0.1470588      0.147058814764023     
  0.1764706      0.176470577716827     
  0.2058824      0.205882340669632     
  0.2352941      0.235294103622437     
  0.2647059      0.264705866575241     
  0.2941177      0.294117629528046     
  0.3235294      0.323529392480850     
  0.3529412      0.352941155433655     
  0.3823529      0.382352918386459     
  0.4117647      0.411764681339264     
  0.4411765      0.441176444292068     
  0.4705882      0.470588207244873     
  0.5000000      0.499999970197678     
  0.5294118      0.529411733150482     
  0.5588235      0.558823466300964     
  0.5882353      0.588235259056091     
  0.6176471      0.617647051811218     
  0.6470588      0.647058784961700     
  0.6764706      0.676470518112183     
  0.7058824      0.705882310867310     
  0.7352941      0.735294103622437     
  0.7647059      0.764705836772919     
  0.7941176      0.794117569923401     
  0.8235294      0.823529362678528     
  0.8529412      0.852941155433655     
  0.8823529      0.882352888584137     
  0.9117647      0.911764621734619     
  0.9411765      0.941176414489746     
  0.9705882      0.970588207244873     
   1.000000       1.00000000000000     
