  2.1739131E-02  0.0000000E+00
  4.3478262E-02  4.3478623E-02
  6.5217391E-02  6.5217927E-02
  8.6956523E-02  8.6957246E-02
  0.1086956      0.1086966    
  0.1304348      0.1304358    
  0.1521739      0.1521751    
  0.1739130      0.1739144    
  0.1956522      0.1956537    
  0.2173913      0.2173930    
  0.2391304      0.2391323    
  0.2608696      0.2608715    
  0.2826087      0.2826108    
  0.3043478      0.3043501    
  0.3260870      0.3260893    
  0.3478261      0.3478286    
  0.3695652      0.3695679    
  0.3913043      0.3913071    
  0.4130435      0.4130462    
  0.4347826      0.4347854    
  0.4565217      0.4565247    
  0.4782609      0.4782639    
  0.5000000      0.5000031    
  0.5217391      0.5217423    
  0.5434783      0.5434816    
  0.5652174      0.5652208    
  0.5869565      0.5869599    
  0.6086956      0.6086990    
  0.6304348      0.6304381    
  0.6521739      0.6521775    
  0.6739131      0.6739166    
  0.6956522      0.6956557    
  0.7173913      0.7173949    
  0.7391304      0.7391340    
  0.7608696      0.7608732    
  0.7826087      0.7826121    
  0.8043478      0.8043512    
  0.8260869      0.8260902    
  0.8478261      0.8478291    
  0.8695652      0.8695679    
  0.8913044      0.8913068    
  0.9130435      0.9130455    
  0.9347826      0.9347842    
  0.9565217      0.9565229    
  0.9782609      0.9782617    
   1.000000       1.000000    
