  1.5151516E-02  1.5151515E-02
  3.0303031E-02  3.0303029E-02
  4.5454547E-02  4.5454543E-02
  6.0606062E-02  6.0606059E-02
  7.5757578E-02  7.5757571E-02
  9.0909094E-02  9.0909086E-02
  0.1060606      0.1060606    
  0.1212121      0.1212121    
  0.1363636      0.1363636    
  0.1515152      0.1515151    
  0.1666667      0.1666667    
  0.1818182      0.1818182    
  0.1969697      0.1969697    
  0.2121212      0.2121212    
  0.2272727      0.2272727    
  0.2424242      0.2424242    
  0.2575758      0.2575758    
  0.2727273      0.2727273    
  0.2878788      0.2878788    
  0.3030303      0.3030303    
  0.3181818      0.3181818    
  0.3333333      0.3333333    
  0.3484848      0.3484848    
  0.3636364      0.3636363    
  0.3787879      0.3787879    
  0.3939394      0.3939394    
  0.4090909      0.4090909    
  0.4242424      0.4242424    
  0.4393939      0.4393939    
  0.4545455      0.4545454    
  0.4696970      0.4696970    
  0.4848485      0.4848485    
  0.5000000      0.5000000    
  0.5151515      0.5151515    
  0.5303030      0.5303030    
  0.5454546      0.5454545    
  0.5606061      0.5606061    
  0.5757576      0.5757576    
  0.5909091      0.5909091    
  0.6060606      0.6060606    
  0.6212121      0.6212121    
  0.6363636      0.6363636    
  0.6515151      0.6515151    
  0.6666667      0.6666666    
  0.6818182      0.6818182    
  0.6969697      0.6969697    
  0.7121212      0.7121212    
  0.7272727      0.7272727    
  0.7424242      0.7424242    
  0.7575758      0.7575758    
  0.7727273      0.7727273    
  0.7878788      0.7878788    
  0.8030303      0.8030303    
  0.8181818      0.8181818    
  0.8333333      0.8333333    
  0.8484849      0.8484848    
  0.8636364      0.8636363    
  0.8787879      0.8787879    
  0.8939394      0.8939394    
  0.9090909      0.9090909    
  0.9242424      0.9242424    
  0.9393939      0.9393939    
  0.9545454      0.9545454    
  0.9696970      0.9696969    
  0.9848485      0.9848485    
   1.000000       1.000000    
