  1.9607844E-02  1.960784196853638E-002
  3.9215688E-02  3.921568393707275E-002
  5.8823530E-02  5.882352590560913E-002
  7.8431375E-02  7.843136787414551E-002
  9.8039217E-02  9.803920984268188E-002
  0.1176471      0.117647051811218     
  0.1372549      0.137254893779755     
  0.1568628      0.156862735748291     
  0.1764706      0.176470577716827     
  0.1960784      0.196078419685364     
  0.2156863      0.215686261653900     
  0.2352941      0.235294103622437     
  0.2549020      0.254901945590973     
  0.2745098      0.274509787559509     
  0.2941177      0.294117629528046     
  0.3137255      0.313725471496582     
  0.3333333      0.333333313465118     
  0.3529412      0.352941155433655     
  0.3725490      0.372548997402191     
  0.3921569      0.392156839370728     
  0.4117647      0.411764681339264     
  0.4313726      0.431372523307800     
  0.4509804      0.450980365276337     
  0.4705882      0.470588207244873     
  0.4901961      0.490196049213409     
  0.5098040      0.509803891181946     
  0.5294118      0.529411733150482     
  0.5490196      0.549019575119019     
  0.5686275      0.568627417087555     
  0.5882353      0.588235259056091     
  0.6078432      0.607843101024628     
  0.6274510      0.627450942993164     
  0.6470588      0.647058784961700     
  0.6666667      0.666666626930237     
  0.6862745      0.686274468898773     
  0.7058824      0.705882310867310     
  0.7254902      0.725490152835846     
  0.7450981      0.745097994804382     
  0.7647059      0.764705836772919     
  0.7843137      0.784313678741455     
  0.8039216      0.803921520709991     
  0.8235294      0.823529362678528     
  0.8431373      0.843137204647064     
  0.8627451      0.862745046615601     
  0.8823529      0.882352888584137     
  0.9019608      0.901960730552673     
  0.9215686      0.921568572521210     
  0.9411765      0.941176414489746     
  0.9607843      0.960784316062927     
  0.9803922      0.980392158031464     
   1.000000       1.00000000000000     
