  5.0000001E-02  0.0000000E+00
  0.1000000      0.1000001    
  0.1500000      0.1500002    
  0.2000000      0.2000003    
  0.2500000      0.2500003    
  0.3000000      0.3000004    
  0.3500000      0.3500005    
  0.4000000      0.4000005    
  0.4500000      0.4500007    
  0.5000000      0.5000006    
  0.5500000      0.5500007    
  0.6000000      0.6000006    
  0.6500000      0.6500005    
  0.7000000      0.7000006    
  0.7500000      0.7500005    
  0.8000000      0.8000004    
  0.8500000      0.8500004    
  0.9000000      0.9000003    
  0.9500000      0.9500002    
   1.000000       1.000000    
