  1.0989011E-02  0.0000000E+00
  2.1978023E-02  2.1978725E-02
  3.2967035E-02  3.2968055E-02
  4.3956045E-02  4.3957442E-02
  5.4945055E-02  5.4946776E-02
  6.5934069E-02  6.5936111E-02
  7.6923080E-02  7.6925479E-02
  8.7912090E-02  8.7914839E-02
  9.8901100E-02  9.8904155E-02
  0.1098901      0.1098936    
  0.1208791      0.1208829    
  0.1318681      0.1318722    
  0.1428571      0.1428616    
  0.1538462      0.1538510    
  0.1648352      0.1648403    
  0.1758242      0.1758297    
  0.1868132      0.1868190    
  0.1978022      0.1978083    
  0.2087912      0.2087977    
  0.2197802      0.2197870    
  0.2307692      0.2307764    
  0.2417582      0.2417657    
  0.2527473      0.2527552    
  0.2637363      0.2637444    
  0.2747253      0.2747338    
  0.2857143      0.2857232    
  0.2967033      0.2967124    
  0.3076923      0.3077017    
  0.3186813      0.3186910    
  0.3296703      0.3296803    
  0.3406594      0.3406696    
  0.3516484      0.3516587    
  0.3626374      0.3626481    
  0.3736264      0.3736373    
  0.3846154      0.3846265    
  0.3956044      0.3956158    
  0.4065934      0.4066050    
  0.4175824      0.4175942    
  0.4285714      0.4285833    
  0.4395604      0.4395725    
  0.4505495      0.4505616    
  0.4615385      0.4615507    
  0.4725275      0.4725401    
  0.4835165      0.4835291    
  0.4945055      0.4945181    
  0.5054945      0.5055072    
  0.5164835      0.5164963    
  0.5274726      0.5274854    
  0.5384616      0.5384745    
  0.5494506      0.5494636    
  0.5604396      0.5604528    
  0.5714286      0.5714417    
  0.5824176      0.5824307    
  0.5934066      0.5934196    
  0.6043956      0.6044086    
  0.6153846      0.6153975    
  0.6263736      0.6263863    
  0.6373627      0.6373754    
  0.6483517      0.6483644    
  0.6593407      0.6593533    
  0.6703297      0.6703421    
  0.6813187      0.6813310    
  0.6923077      0.6923199    
  0.7032967      0.7033087    
  0.7142857      0.7142975    
  0.7252747      0.7252863    
  0.7362638      0.7362750    
  0.7472528      0.7472639    
  0.7582418      0.7582526    
  0.7692308      0.7692416    
  0.7802198      0.7802303    
  0.7912088      0.7912189    
  0.8021978      0.8022077    
  0.8131868      0.8131963    
  0.8241758      0.8241850    
  0.8351648      0.8351736    
  0.8461539      0.8461622    
  0.8571429      0.8571507    
  0.8681319      0.8681393    
  0.8791209      0.8791278    
  0.8901099      0.8901164    
  0.9010989      0.9011049    
  0.9120879      0.9120935    
  0.9230769      0.9230818    
  0.9340659      0.9340703    
  0.9450549      0.9450588    
  0.9560440      0.9560472    
  0.9670330      0.9670355    
  0.9780220      0.9780238    
  0.9890110      0.9890122    
   1.000000       1.000001    
