  1.7857144E-02  1.7857142E-02
  3.5714287E-02  3.5714284E-02
  5.3571429E-02  5.3571425E-02
  7.1428575E-02  7.1428567E-02
  8.9285716E-02  8.9285709E-02
  0.1071429      0.1071429    
  0.1250000      0.1250000    
  0.1428571      0.1428571    
  0.1607143      0.1607143    
  0.1785714      0.1785714    
  0.1964286      0.1964286    
  0.2142857      0.2142857    
  0.2321429      0.2321428    
  0.2500000      0.2500000    
  0.2678571      0.2678571    
  0.2857143      0.2857143    
  0.3035714      0.3035714    
  0.3214286      0.3214285    
  0.3392857      0.3392857    
  0.3571429      0.3571428    
  0.3750000      0.3750000    
  0.3928571      0.3928571    
  0.4107143      0.4107143    
  0.4285714      0.4285714    
  0.4464286      0.4464285    
  0.4642857      0.4642857    
  0.4821429      0.4821428    
  0.5000000      0.5000000    
  0.5178571      0.5178571    
  0.5357143      0.5357143    
  0.5535714      0.5535714    
  0.5714286      0.5714285    
  0.5892857      0.5892857    
  0.6071429      0.6071428    
  0.6250000      0.6249999    
  0.6428571      0.6428571    
  0.6607143      0.6607143    
  0.6785714      0.6785714    
  0.6964286      0.6964285    
  0.7142857      0.7142857    
  0.7321429      0.7321428    
  0.7500000      0.7499999    
  0.7678571      0.7678571    
  0.7857143      0.7857143    
  0.8035714      0.8035714    
  0.8214286      0.8214285    
  0.8392857      0.8392857    
  0.8571429      0.8571428    
  0.8750000      0.8749999    
  0.8928571      0.8928571    
  0.9107143      0.9107142    
  0.9285714      0.9285713    
  0.9464286      0.9464285    
  0.9642857      0.9642857    
  0.9821429      0.9821428    
   1.000000      0.9999999    
