  1.3513514E-02  0.0000000E+00
  2.7027028E-02  2.7027503E-02
  4.0540539E-02  4.0541243E-02
  5.4054055E-02  5.4054979E-02
  6.7567565E-02  6.7568764E-02
  8.1081077E-02  8.1082486E-02
  9.4594598E-02  9.4596207E-02
  0.1081081      0.1081099    
  0.1216216      0.1216237    
  0.1351351      0.1351374    
  0.1486486      0.1486511    
  0.1621622      0.1621648    
  0.1756757      0.1756786    
  0.1891892      0.1891923    
  0.2027027      0.2027061    
  0.2162162      0.2162197    
  0.2297297      0.2297335    
  0.2432432      0.2432473    
  0.2567568      0.2567609    
  0.2702703      0.2702746    
  0.2837838      0.2837884    
  0.2972973      0.2973022    
  0.3108108      0.3108159    
  0.3243243      0.3243296    
  0.3378378      0.3378434    
  0.3513514      0.3513570    
  0.3648649      0.3648709    
  0.3783784      0.3783845    
  0.3918919      0.3918982    
  0.4054054      0.4054118    
  0.4189189      0.4189256    
  0.4324324      0.4324392    
  0.4459459      0.4459528    
  0.4594595      0.4594666    
  0.4729730      0.4729802    
  0.4864865      0.4864938    
  0.5000000      0.5000075    
  0.5135135      0.5135210    
  0.5270270      0.5270347    
  0.5405405      0.5405482    
  0.5540541      0.5540619    
  0.5675676      0.5675755    
  0.5810811      0.5810890    
  0.5945946      0.5946026    
  0.6081081      0.6081160    
  0.6216216      0.6216295    
  0.6351351      0.6351429    
  0.6486486      0.6486564    
  0.6621622      0.6621699    
  0.6756757      0.6756835    
  0.6891892      0.6891969    
  0.7027027      0.7027104    
  0.7162162      0.7162238    
  0.7297297      0.7297370    
  0.7432432      0.7432504    
  0.7567568      0.7567638    
  0.7702703      0.7702772    
  0.7837838      0.7837904    
  0.7972973      0.7973038    
  0.8108108      0.8108170    
  0.8243243      0.8243302    
  0.8378378      0.8378437    
  0.8513514      0.8513567    
  0.8648649      0.8648701    
  0.8783784      0.8783831    
  0.8918919      0.8918964    
  0.9054054      0.9054095    
  0.9189189      0.9189225    
  0.9324324      0.9324356    
  0.9459459      0.9459487    
  0.9594595      0.9594619    
  0.9729730      0.9729747    
  0.9864865      0.9864877    
   1.000000       1.000001    
