  2.2222223E-02  0.0000000E+00
  4.4444446E-02  4.4444367E-02
  6.6666670E-02  6.6666588E-02
  8.8888891E-02  8.8888735E-02
  0.1111111      0.1111109    
  0.1333333      0.1333332    
  0.1555556      0.1555554    
  0.1777778      0.1777775    
  0.2000000      0.1999997    
  0.2222222      0.2222218    
  0.2444444      0.2444441    
  0.2666667      0.2666662    
  0.2888889      0.2888884    
  0.3111111      0.3111106    
  0.3333333      0.3333328    
  0.3555556      0.3555549    
  0.3777778      0.3777771    
  0.4000000      0.3999994    
  0.4222222      0.4222216    
  0.4444444      0.4444438    
  0.4666667      0.4666661    
  0.4888889      0.4888882    
  0.5111111      0.5111103    
  0.5333334      0.5333325    
  0.5555556      0.5555546    
  0.5777778      0.5777768    
  0.6000000      0.5999991    
  0.6222222      0.6222212    
  0.6444445      0.6444433    
  0.6666667      0.6666656    
  0.6888889      0.6888877    
  0.7111111      0.7111098    
  0.7333333      0.7333321    
  0.7555556      0.7555543    
  0.7777778      0.7777764    
  0.8000000      0.7999987    
  0.8222222      0.8222209    
  0.8444445      0.8444433    
  0.8666667      0.8666654    
  0.8888889      0.8888879    
  0.9111111      0.9111102    
  0.9333333      0.9333326    
  0.9555556      0.9555550    
  0.9777778      0.9777774    
   1.000000      0.9999998    
