  3.2258064E-02  3.2258064E-02
  6.4516127E-02  6.4516127E-02
  9.6774191E-02  9.6774191E-02
  0.1290323      0.1290323    
  0.1612903      0.1612903    
  0.1935484      0.1935484    
  0.2258064      0.2258064    
  0.2580645      0.2580645    
  0.2903226      0.2903226    
  0.3225806      0.3225806    
  0.3548387      0.3548387    
  0.3870968      0.3870968    
  0.4193548      0.4193548    
  0.4516129      0.4516129    
  0.4838710      0.4838710    
  0.5161290      0.5161290    
  0.5483871      0.5483871    
  0.5806451      0.5806451    
  0.6129032      0.6129032    
  0.6451613      0.6451613    
  0.6774194      0.6774193    
  0.7096774      0.7096774    
  0.7419355      0.7419355    
  0.7741935      0.7741935    
  0.8064516      0.8064516    
  0.8387097      0.8387097    
  0.8709677      0.8709677    
  0.9032258      0.9032258    
  0.9354839      0.9354839    
  0.9677419      0.9677419    
   1.000000       1.000000    
