  1.3513514E-02  1.351351384073495864868164062500000E-0002
  2.7027028E-02  2.702702768146991729736328125000000E-0002
  4.0540539E-02  4.054053872823715209960937500000000E-0002
  5.4054055E-02  5.405405536293983459472656250000000E-0002
  6.7567565E-02  6.756756454706192016601562500000000E-0002
  8.1081077E-02  8.108107745647430419921875000000000E-0002
  9.4594598E-02  9.459459781646728515625000000000000E-0002
  0.1081081      0.108108110725879669189453125000000      
  0.1216216      0.121621623635292053222656250000000      
  0.1351351      0.135135129094123840332031250000000      
  0.1486486      0.148648649454116821289062500000000      
  0.1621622      0.162162154912948608398437500000000      
  0.1756757      0.175675675272941589355468750000000      
  0.1891892      0.189189195632934570312500000000000      
  0.2027027      0.202702701091766357421875000000000      
  0.2162162      0.216216221451759338378906250000000      
  0.2297297      0.229729726910591125488281250000000      
  0.2432432      0.243243247270584106445312500000000      
  0.2567568      0.256756752729415893554687500000000      
  0.2702703      0.270270258188247680664062500000000      
  0.2837838      0.283783793449401855468750000000000      
  0.2972973      0.297297298908233642578125000000000      
  0.3108108      0.310810804367065429687500000000000      
  0.3243243      0.324324309825897216796875000000000      
  0.3378378      0.337837845087051391601562500000000      
  0.3513514      0.351351350545883178710937500000000      
  0.3648649      0.364864856004714965820312500000000      
  0.3783784      0.378378391265869140625000000000000      
  0.3918919      0.391891896724700927734375000000000      
  0.4054054      0.405405402183532714843750000000000      
  0.4189189      0.418918907642364501953125000000000      
  0.4324324      0.432432442903518676757812500000000      
  0.4459459      0.445945948362350463867187500000000      
  0.4594595      0.459459453821182250976562500000000      
  0.4729730      0.472972959280014038085937500000000      
  0.4864865      0.486486494541168212890625000000000      
  0.5000000      0.500000000000000000000000000000000      
  0.5135135      0.513513505458831787109375000000000      
  0.5270270      0.527027010917663574218750000000000      
  0.5405405      0.540540516376495361328125000000000      
  0.5540541      0.554054081439971923828125000000000      
  0.5675676      0.567567586898803710937500000000000      
  0.5810811      0.581081092357635498046875000000000      
  0.5945946      0.594594597816467285156250000000000      
  0.6081081      0.608108103275299072265625000000000      
  0.6216216      0.621621608734130859375000000000000      
  0.6351351      0.635135114192962646484375000000000      
  0.6486486      0.648648619651794433593750000000000      
  0.6621622      0.662162184715270996093750000000000      
  0.6756757      0.675675690174102783203125000000000      
  0.6891892      0.689189195632934570312500000000000      
  0.7027027      0.702702701091766357421875000000000      
  0.7162162      0.716216206550598144531250000000000      
  0.7297297      0.729729712009429931640625000000000      
  0.7432432      0.743243217468261718750000000000000      
  0.7567568      0.756756782531738281250000000000000      
  0.7702703      0.770270287990570068359375000000000      
  0.7837838      0.783783793449401855468750000000000      
  0.7972973      0.797297298908233642578125000000000      
  0.8108108      0.810810804367065429687500000000000      
  0.8243243      0.824324309825897216796875000000000      
  0.8378378      0.837837815284729003906250000000000      
  0.8513514      0.851351380348205566406250000000000      
  0.8648649      0.864864885807037353515625000000000      
  0.8783784      0.878378391265869140625000000000000      
  0.8918919      0.891891896724700927734375000000000      
  0.9054054      0.905405402183532714843750000000000      
  0.9189189      0.918918907642364501953125000000000      
  0.9324324      0.932432413101196289062500000000000      
  0.9459459      0.945945918560028076171875000000000      
  0.9594595      0.959459483623504638671875000000000      
  0.9729730      0.972972989082336425781250000000000      
  0.9864865      0.986486494541168212890625000000000      
   1.000000       1.00000000000000000000000000000000      
