  7.6923080E-02  0.000000000000000000000000000000000E+0000
  0.1538462      0.153846153846153846153846153846154      
  0.2307692      0.230769230769230769230769230769231      
  0.3076923      0.307692307692307692307692307692308      
  0.3846154      0.384615384615384615384615384615385      
  0.4615385      0.461538461538461538461538461538461      
  0.5384616      0.538461538461538461538461538461538      
  0.6153846      0.615384615384615384615384615384615      
  0.6923077      0.692307692307692307692307692307692      
  0.7692308      0.769230769230769230769230769230769      
  0.8461539      0.846153846153846153846153846153846      
  0.9230769      0.923076923076923076923076923076923      
   1.000000       1.00000000000000000000000000000000      
