  1.2500000E-02  1.2499999E-02
  2.5000000E-02  2.4999999E-02
  3.7500001E-02  3.7499998E-02
  5.0000001E-02  4.9999997E-02
  6.2500000E-02  6.2499996E-02
  7.5000003E-02  7.4999996E-02
  8.7499999E-02  8.7499991E-02
  0.1000000      0.1000000    
  0.1125000      0.1125000    
  0.1250000      0.1250000    
  0.1375000      0.1375000    
  0.1500000      0.1500000    
  0.1625000      0.1625000    
  0.1750000      0.1750000    
  0.1875000      0.1875000    
  0.2000000      0.2000000    
  0.2125000      0.2125000    
  0.2250000      0.2250000    
  0.2375000      0.2375000    
  0.2500000      0.2500000    
  0.2625000      0.2625000    
  0.2750000      0.2750000    
  0.2875000      0.2875000    
  0.3000000      0.3000000    
  0.3125000      0.3125000    
  0.3250000      0.3250000    
  0.3375000      0.3375000    
  0.3500000      0.3500000    
  0.3625000      0.3625000    
  0.3750000      0.3750000    
  0.3875000      0.3875000    
  0.4000000      0.4000000    
  0.4125000      0.4125000    
  0.4250000      0.4250000    
  0.4375000      0.4375000    
  0.4500000      0.4500000    
  0.4625000      0.4625000    
  0.4750000      0.4750000    
  0.4875000      0.4875000    
  0.5000000      0.5000000    
  0.5125000      0.5125000    
  0.5250000      0.5250000    
  0.5375000      0.5375000    
  0.5500000      0.5500000    
  0.5625000      0.5624999    
  0.5750000      0.5750000    
  0.5875000      0.5875000    
  0.6000000      0.6000000    
  0.6125000      0.6125000    
  0.6250000      0.6249999    
  0.6375000      0.6375000    
  0.6500000      0.6500000    
  0.6625000      0.6625000    
  0.6750000      0.6750000    
  0.6875000      0.6874999    
  0.7000000      0.6999999    
  0.7125000      0.7125000    
  0.7250000      0.7250000    
  0.7375000      0.7375000    
  0.7500000      0.7499999    
  0.7625000      0.7624999    
  0.7750000      0.7750000    
  0.7875000      0.7875000    
  0.8000000      0.8000000    
  0.8125000      0.8124999    
  0.8250000      0.8249999    
  0.8375000      0.8375000    
  0.8500000      0.8500000    
  0.8625000      0.8625000    
  0.8750000      0.8749999    
  0.8875000      0.8874999    
  0.9000000      0.9000000    
  0.9125000      0.9125000    
  0.9250000      0.9250000    
  0.9375000      0.9374999    
  0.9500000      0.9499999    
  0.9625000      0.9624999    
  0.9750000      0.9750000    
  0.9875000      0.9875000    
   1.000000      0.9999999    
