  1.1363637E-02  1.1363636E-02
  2.2727273E-02  2.2727272E-02
  3.4090910E-02  3.4090906E-02
  4.5454547E-02  4.5454543E-02
  5.6818184E-02  5.6818180E-02
  6.8181820E-02  6.8181813E-02
  7.9545453E-02  7.9545453E-02
  9.0909094E-02  9.0909086E-02
  0.1022727      0.1022727    
  0.1136364      0.1136364    
  0.1250000      0.1250000    
  0.1363636      0.1363636    
  0.1477273      0.1477273    
  0.1590909      0.1590909    
  0.1704545      0.1704545    
  0.1818182      0.1818182    
  0.1931818      0.1931818    
  0.2045455      0.2045454    
  0.2159091      0.2159091    
  0.2272727      0.2272727    
  0.2386364      0.2386363    
  0.2500000      0.2500000    
  0.2613636      0.2613636    
  0.2727273      0.2727273    
  0.2840909      0.2840909    
  0.2954545      0.2954545    
  0.3068182      0.3068182    
  0.3181818      0.3181818    
  0.3295455      0.3295454    
  0.3409091      0.3409091    
  0.3522727      0.3522727    
  0.3636364      0.3636363    
  0.3750000      0.3750000    
  0.3863636      0.3863636    
  0.3977273      0.3977273    
  0.4090909      0.4090909    
  0.4204545      0.4204545    
  0.4318182      0.4318182    
  0.4431818      0.4431818    
  0.4545455      0.4545454    
  0.4659091      0.4659091    
  0.4772727      0.4772727    
  0.4886364      0.4886363    
  0.5000000      0.5000000    
  0.5113636      0.5113636    
  0.5227273      0.5227273    
  0.5340909      0.5340909    
  0.5454546      0.5454545    
  0.5568182      0.5568181    
  0.5681818      0.5681818    
  0.5795454      0.5795454    
  0.5909091      0.5909091    
  0.6022727      0.6022727    
  0.6136364      0.6136363    
  0.6250000      0.6249999    
  0.6363636      0.6363636    
  0.6477273      0.6477273    
  0.6590909      0.6590909    
  0.6704546      0.6704545    
  0.6818182      0.6818181    
  0.6931818      0.6931818    
  0.7045454      0.7045454    
  0.7159091      0.7159091    
  0.7272727      0.7272727    
  0.7386364      0.7386363    
  0.7500000      0.7499999    
  0.7613636      0.7613636    
  0.7727273      0.7727273    
  0.7840909      0.7840909    
  0.7954546      0.7954545    
  0.8068182      0.8068181    
  0.8181818      0.8181818    
  0.8295454      0.8295454    
  0.8409091      0.8409091    
  0.8522727      0.8522727    
  0.8636364      0.8636363    
  0.8750000      0.8749999    
  0.8863636      0.8863636    
  0.8977273      0.8977273    
  0.9090909      0.9090909    
  0.9204546      0.9204545    
  0.9318182      0.9318181    
  0.9431818      0.9431818    
  0.9545454      0.9545454    
  0.9659091      0.9659091    
  0.9772727      0.9772727    
  0.9886364      0.9886363    
   1.000000      0.9999999    
