  2.3255814E-02  0.0000000E+00
  4.6511628E-02  4.6511695E-02
  6.9767445E-02  6.9767565E-02
  9.3023255E-02  9.3023412E-02
  0.1162791      0.1162793    
  0.1395349      0.1395351    
  0.1627907      0.1627910    
  0.1860465      0.1860468    
  0.2093023      0.2093026    
  0.2325581      0.2325584    
  0.2558140      0.2558143    
  0.2790698      0.2790701    
  0.3023256      0.3023259    
  0.3255814      0.3255818    
  0.3488372      0.3488375    
  0.3720930      0.3720934    
  0.3953488      0.3953491    
  0.4186046      0.4186050    
  0.4418605      0.4418608    
  0.4651163      0.4651167    
  0.4883721      0.4883724    
  0.5116279      0.5116283    
  0.5348837      0.5348840    
  0.5581396      0.5581399    
  0.5813953      0.5813957    
  0.6046512      0.6046516    
  0.6279070      0.6279075    
  0.6511628      0.6511633    
  0.6744186      0.6744190    
  0.6976744      0.6976749    
  0.7209302      0.7209306    
  0.7441860      0.7441865    
  0.7674419      0.7674421    
  0.7906977      0.7906980    
  0.8139535      0.8139538    
  0.8372093      0.8372094    
  0.8604651      0.8604653    
  0.8837209      0.8837211    
  0.9069768      0.9069768    
  0.9302326      0.9302326    
  0.9534883      0.9534883    
  0.9767442      0.9767442    
   1.000000       1.000000    
