  2.3255814E-02  2.325581200420856E-002
  4.6511628E-02  4.651162400841713E-002
  6.9767445E-02  6.976743787527084E-002
  9.3023255E-02  9.302324801683426E-002
  0.1162791      0.116279058158398     
  0.1395349      0.139534875750542     
  0.1627907      0.162790685892105     
  0.1860465      0.186046496033669     
  0.2093023      0.209302306175232     
  0.2325581      0.232558116316795     
  0.2558140      0.255813926458359     
  0.2790698      0.279069751501083     
  0.3023256      0.302325546741486     
  0.3255814      0.325581371784210     
  0.3488372      0.348837167024612     
  0.3720930      0.372092992067337     
  0.3953488      0.395348817110062     
  0.4186046      0.418604612350464     
  0.4418605      0.441860437393188     
  0.4651163      0.465116232633591     
  0.4883721      0.488372057676315     
  0.5116279      0.511627852916718     
  0.5348837      0.534883677959442     
  0.5581396      0.558139503002167     
  0.5813953      0.581395328044891     
  0.6046512      0.604651093482971     
  0.6279070      0.627906918525696     
  0.6511628      0.651162743568420     
  0.6744186      0.674418568611145     
  0.6976744      0.697674334049225     
  0.7209302      0.720930159091949     
  0.7441860      0.744185984134674     
  0.7674419      0.767441809177399     
  0.7906977      0.790697634220123     
  0.8139535      0.813953399658203     
  0.8372093      0.837209224700928     
  0.8604651      0.860465049743652     
  0.8837209      0.883720874786377     
  0.9069768      0.906976640224457     
  0.9302326      0.930232465267181     
  0.9534883      0.953488349914551     
  0.9767442      0.976744174957275     
   1.000000       1.00000000000000     
