  1.8518519E-02  0.0000000E+00
  3.7037037E-02  3.7037198E-02
  5.5555556E-02  5.5555802E-02
  7.4074075E-02  7.4074373E-02
  9.2592590E-02  9.2592970E-02
  0.1111111      0.1111116    
  0.1296296      0.1296301    
  0.1481481      0.1481487    
  0.1666667      0.1666673    
  0.1851852      0.1851859    
  0.2037037      0.2037044    
  0.2222222      0.2222230    
  0.2407407      0.2407416    
  0.2592593      0.2592601    
  0.2777778      0.2777787    
  0.2962963      0.2962973    
  0.3148148      0.3148158    
  0.3333333      0.3333344    
  0.3518519      0.3518530    
  0.3703704      0.3703715    
  0.3888889      0.3888899    
  0.4074074      0.4074085    
  0.4259259      0.4259270    
  0.4444444      0.4444455    
  0.4629630      0.4629641    
  0.4814815      0.4814827    
  0.5000000      0.5000014    
  0.5185185      0.5185198    
  0.5370370      0.5370385    
  0.5555556      0.5555569    
  0.5740741      0.5740756    
  0.5925926      0.5925940    
  0.6111111      0.6111127    
  0.6296296      0.6296312    
  0.6481481      0.6481498    
  0.6666667      0.6666685    
  0.6851852      0.6851869    
  0.7037037      0.7037057    
  0.7222222      0.7222243    
  0.7407407      0.7407427    
  0.7592593      0.7592614    
  0.7777778      0.7777798    
  0.7962963      0.7962983    
  0.8148148      0.8148168    
  0.8333333      0.8333352    
  0.8518519      0.8518537    
  0.8703704      0.8703719    
  0.8888889      0.8888903    
  0.9074074      0.9074087    
  0.9259259      0.9259270    
  0.9444444      0.9444453    
  0.9629630      0.9629637    
  0.9814815      0.9814819    
   1.000000       1.000000    
