  1.9230770E-02  0.0000000E+00
  3.8461540E-02  3.8461745E-02
  5.7692308E-02  5.7692602E-02
  7.6923080E-02  7.6923490E-02
  9.6153848E-02  9.6154355E-02
  0.1153846      0.1153852    
  0.1346154      0.1346162    
  0.1538462      0.1538470    
  0.1730769      0.1730779    
  0.1923077      0.1923087    
  0.2115385      0.2115396    
  0.2307692      0.2307705    
  0.2500000      0.2500012    
  0.2692308      0.2692322    
  0.2884615      0.2884630    
  0.3076923      0.3076938    
  0.3269231      0.3269247    
  0.3461539      0.3461553    
  0.3653846      0.3653861    
  0.3846154      0.3846171    
  0.4038461      0.4038479    
  0.4230769      0.4230786    
  0.4423077      0.4423094    
  0.4615385      0.4615402    
  0.4807692      0.4807709    
  0.5000000      0.5000017    
  0.5192308      0.5192325    
  0.5384616      0.5384632    
  0.5576923      0.5576941    
  0.5769231      0.5769249    
  0.5961539      0.5961558    
  0.6153846      0.6153864    
  0.6346154      0.6346172    
  0.6538461      0.6538480    
  0.6730769      0.6730787    
  0.6923077      0.6923097    
  0.7115384      0.7115403    
  0.7307692      0.7307712    
  0.7500000      0.7500020    
  0.7692308      0.7692327    
  0.7884616      0.7884637    
  0.8076923      0.8076941    
  0.8269231      0.8269249    
  0.8461539      0.8461557    
  0.8653846      0.8653864    
  0.8846154      0.8846170    
  0.9038461      0.9038475    
  0.9230769      0.9230781    
  0.9423077      0.9423087    
  0.9615384      0.9615392    
  0.9807692      0.9807699    
   1.000000       1.000000    
