  1.1494253E-02  1.149425283074378967285156250000000E-0002
  2.2988506E-02  2.298850566148757934570312500000000E-0002
  3.4482758E-02  3.448275849223136901855468750000000E-0002
  4.5977011E-02  4.597701132297515869140625000000000E-0002
  5.7471264E-02  5.747126415371894836425781250000000E-0002
  6.8965517E-02  6.896551698446273803710937500000000E-0002
  8.0459774E-02  8.045977354049682617187500000000000E-0002
  9.1954023E-02  9.195402264595031738281250000000000E-0002
  0.1034483      0.103448279201984405517578125000000      
  0.1149425      0.114942528307437896728515625000000      
  0.1264368      0.126436784863471984863281250000000      
  0.1379310      0.137931033968925476074218750000000      
  0.1494253      0.149425283074378967285156250000000      
  0.1609195      0.160919547080993652343750000000000      
  0.1724138      0.172413796186447143554687500000000      
  0.1839080      0.183908045291900634765625000000000      
  0.1954023      0.195402294397354125976562500000000      
  0.2068966      0.206896558403968811035156250000000      
  0.2183908      0.218390807509422302246093750000000      
  0.2298851      0.229885056614875793457031250000000      
  0.2413793      0.241379305720329284667968750000000      
  0.2528736      0.252873569726943969726562500000000      
  0.2643678      0.264367818832397460937500000000000      
  0.2758621      0.275862067937850952148437500000000      
  0.2873563      0.287356317043304443359375000000000      
  0.2988506      0.298850566148757934570312500000000      
  0.3103448      0.310344815254211425781250000000000      
  0.3218391      0.321839094161987304687500000000000      
  0.3333333      0.333333343267440795898437500000000      
  0.3448276      0.344827592372894287109375000000000      
  0.3563218      0.356321841478347778320312500000000      
  0.3678161      0.367816090583801269531250000000000      
  0.3793103      0.379310339689254760742187500000000      
  0.3908046      0.390804588794708251953125000000000      
  0.4022988      0.402298837900161743164062500000000      
  0.4137931      0.413793116807937622070312500000000      
  0.4252874      0.425287365913391113281250000000000      
  0.4367816      0.436781615018844604492187500000000      
  0.4482759      0.448275864124298095703125000000000      
  0.4597701      0.459770113229751586914062500000000      
  0.4712644      0.471264362335205078125000000000000      
  0.4827586      0.482758611440658569335937500000000      
  0.4942529      0.494252860546112060546875000000000      
  0.5057471      0.505747139453887939453125000000000      
  0.5172414      0.517241358757019042968750000000000      
  0.5287356      0.528735637664794921875000000000000      
  0.5402299      0.540229856967926025390625000000000      
  0.5517241      0.551724135875701904296875000000000      
  0.5632184      0.563218414783477783203125000000000      
  0.5747126      0.574712634086608886718750000000000      
  0.5862069      0.586206912994384765625000000000000      
  0.5977011      0.597701132297515869140625000000000      
  0.6091954      0.609195411205291748046875000000000      
  0.6206896      0.620689630508422851562500000000000      
  0.6321839      0.632183909416198730468750000000000      
  0.6436782      0.643678188323974609375000000000000      
  0.6551724      0.655172407627105712890625000000000      
  0.6666667      0.666666686534881591796875000000000      
  0.6781609      0.678160905838012695312500000000000      
  0.6896552      0.689655184745788574218750000000000      
  0.7011494      0.701149404048919677734375000000000      
  0.7126437      0.712643682956695556640625000000000      
  0.7241379      0.724137902259826660156250000000000      
  0.7356322      0.735632181167602539062500000000000      
  0.7471265      0.747126460075378417968750000000000      
  0.7586207      0.758620679378509521484375000000000      
  0.7701150      0.770114958286285400390625000000000      
  0.7816092      0.781609177589416503906250000000000      
  0.7931035      0.793103456497192382812500000000000      
  0.8045977      0.804597675800323486328125000000000      
  0.8160920      0.816091954708099365234375000000000      
  0.8275862      0.827586233615875244140625000000000      
  0.8390805      0.839080452919006347656250000000000      
  0.8505747      0.850574731826782226562500000000000      
  0.8620690      0.862068951129913330078125000000000      
  0.8735632      0.873563230037689208984375000000000      
  0.8850574      0.885057449340820312500000000000000      
  0.8965517      0.896551728248596191406250000000000      
  0.9080459      0.908045947551727294921875000000000      
  0.9195402      0.919540226459503173828125000000000      
  0.9310345      0.931034505367279052734375000000000      
  0.9425287      0.942528724670410156250000000000000      
  0.9540230      0.954023003578186035156250000000000      
  0.9655172      0.965517222881317138671875000000000      
  0.9770115      0.977011501789093017578125000000000      
  0.9885057      0.988505721092224121093750000000000      
   1.000000       1.00000000000000000000000000000000      
