  5.8823530E-02  0.000000000000000000000000000000000E+0000
  0.1176471      0.117647058823529411764705882352941      
  0.1764706      0.176470588235294117647058823529412      
  0.2352941      0.235294117647058823529411764705882      
  0.2941177      0.294117647058823529411764705882353      
  0.3529412      0.352941176470588235294117647058823      
  0.4117647      0.411764705882352941176470588235294      
  0.4705882      0.470588235294117647058823529411765      
  0.5294118      0.529411764705882352941176470588235      
  0.5882353      0.588235294117647058823529411764706      
  0.6470588      0.647058823529411764705882352941176      
  0.7058824      0.705882352941176470588235294117647      
  0.7647059      0.764705882352941176470588235294118      
  0.8235294      0.823529411764705882352941176470588      
  0.8823529      0.882352941176470588235294117647059      
  0.9411765      0.941176470588235294117647058823529      
   1.000000       1.00000000000000000000000000000000      
