  2.3255814E-02  2.3255812E-02
  4.6511628E-02  4.6511624E-02
  6.9767445E-02  6.9767438E-02
  9.3023255E-02  9.3023248E-02
  0.1162791      0.1162791    
  0.1395349      0.1395349    
  0.1627907      0.1627907    
  0.1860465      0.1860465    
  0.2093023      0.2093023    
  0.2325581      0.2325581    
  0.2558140      0.2558139    
  0.2790698      0.2790698    
  0.3023256      0.3023255    
  0.3255814      0.3255814    
  0.3488372      0.3488372    
  0.3720930      0.3720930    
  0.3953488      0.3953488    
  0.4186046      0.4186046    
  0.4418605      0.4418604    
  0.4651163      0.4651162    
  0.4883721      0.4883721    
  0.5116279      0.5116279    
  0.5348837      0.5348837    
  0.5581396      0.5581395    
  0.5813953      0.5813953    
  0.6046512      0.6046511    
  0.6279070      0.6279069    
  0.6511628      0.6511627    
  0.6744186      0.6744186    
  0.6976744      0.6976743    
  0.7209302      0.7209302    
  0.7441860      0.7441860    
  0.7674419      0.7674418    
  0.7906977      0.7906976    
  0.8139535      0.8139534    
  0.8372093      0.8372092    
  0.8604651      0.8604650    
  0.8837209      0.8837209    
  0.9069768      0.9069766    
  0.9302326      0.9302325    
  0.9534883      0.9534883    
  0.9767442      0.9767442    
   1.000000       1.000000    
