  1.0309278E-02  1.030927803367376327514648437500000E-0002
  2.0618556E-02  2.061855606734752655029296875000000E-0002
  3.0927835E-02  3.092783503234386444091796875000000E-0002
  4.1237112E-02  4.123711213469505310058593750000000E-0002
  5.1546391E-02  5.154639109969139099121093750000000E-0002
  6.1855670E-02  6.185567006468772888183593750000000E-0002
  7.2164945E-02  7.216494530439376831054687500000000E-0002
  8.2474224E-02  8.247422426939010620117187500000000E-0002
  9.2783503E-02  9.278350323438644409179687500000000E-0002
  0.1030928      0.103092782199382781982421875000000      
  0.1134021      0.113402061164379119873046875000000      
  0.1237113      0.123711340129375457763671875000000      
  0.1340206      0.134020611643791198730468750000000      
  0.1443299      0.144329890608787536621093750000000      
  0.1546392      0.154639169573783874511718750000000      
  0.1649484      0.164948448538780212402343750000000      
  0.1752577      0.175257727503776550292968750000000      
  0.1855670      0.185567006468772888183593750000000      
  0.1958763      0.195876285433769226074218750000000      
  0.2061856      0.206185564398765563964843750000000      
  0.2164948      0.216494843363761901855468750000000      
  0.2268041      0.226804122328758239746093750000000      
  0.2371134      0.237113401293754577636718750000000      
  0.2474227      0.247422680258750915527343750000000      
  0.2577319      0.257731944322586059570312500000000      
  0.2680412      0.268041223287582397460937500000000      
  0.2783505      0.278350502252578735351562500000000      
  0.2886598      0.288659781217575073242187500000000      
  0.2989691      0.298969060182571411132812500000000      
  0.3092783      0.309278339147567749023437500000000      
  0.3195876      0.319587618112564086914062500000000      
  0.3298969      0.329896897077560424804687500000000      
  0.3402062      0.340206176042556762695312500000000      
  0.3505155      0.350515455007553100585937500000000      
  0.3608247      0.360824733972549438476562500000000      
  0.3711340      0.371134012937545776367187500000000      
  0.3814433      0.381443291902542114257812500000000      
  0.3917526      0.391752570867538452148437500000000      
  0.4020618      0.402061849832534790039062500000000      
  0.4123711      0.412371128797531127929687500000000      
  0.4226804      0.422680407762527465820312500000000      
  0.4329897      0.432989686727523803710937500000000      
  0.4432990      0.443298965692520141601562500000000      
  0.4536082      0.453608244657516479492187500000000      
  0.4639175      0.463917523622512817382812500000000      
  0.4742268      0.474226802587509155273437500000000      
  0.4845361      0.484536081552505493164062500000000      
  0.4948454      0.494845360517501831054687500000000      
  0.5051546      0.505154609680175781250000000000000      
  0.5154639      0.515463888645172119140625000000000      
  0.5257732      0.525773167610168457031250000000000      
  0.5360824      0.536082446575164794921875000000000      
  0.5463917      0.546391725540161132812500000000000      
  0.5567010      0.556701004505157470703125000000000      
  0.5670103      0.567010283470153808593750000000000      
  0.5773196      0.577319562435150146484375000000000      
  0.5876288      0.587628841400146484375000000000000      
  0.5979381      0.597938120365142822265625000000000      
  0.6082474      0.608247399330139160156250000000000      
  0.6185567      0.618556678295135498046875000000000      
  0.6288660      0.628865957260131835937500000000000      
  0.6391752      0.639175236225128173828125000000000      
  0.6494845      0.649484515190124511718750000000000      
  0.6597938      0.659793794155120849609375000000000      
  0.6701031      0.670103073120117187500000000000000      
  0.6804124      0.680412352085113525390625000000000      
  0.6907216      0.690721631050109863281250000000000      
  0.7010309      0.701030910015106201171875000000000      
  0.7113402      0.711340188980102539062500000000000      
  0.7216495      0.721649467945098876953125000000000      
  0.7319587      0.731958746910095214843750000000000      
  0.7422680      0.742268025875091552734375000000000      
  0.7525773      0.752577304840087890625000000000000      
  0.7628866      0.762886583805084228515625000000000      
  0.7731959      0.773195862770080566406250000000000      
  0.7835051      0.783505141735076904296875000000000      
  0.7938144      0.793814420700073242187500000000000      
  0.8041237      0.804123699665069580078125000000000      
  0.8144330      0.814432978630065917968750000000000      
  0.8247423      0.824742257595062255859375000000000      
  0.8350515      0.835051536560058593750000000000000      
  0.8453608      0.845360815525054931640625000000000      
  0.8556701      0.855670094490051269531250000000000      
  0.8659794      0.865979373455047607421875000000000      
  0.8762887      0.876288652420043945312500000000000      
  0.8865979      0.886597931385040283203125000000000      
  0.8969072      0.896907210350036621093750000000000      
  0.9072165      0.907216489315032958984375000000000      
  0.9175258      0.917525768280029296875000000000000      
  0.9278350      0.927835047245025634765625000000000      
  0.9381443      0.938144326210021972656250000000000      
  0.9484536      0.948453605175018310546875000000000      
  0.9587629      0.958762884140014648437500000000000      
  0.9690722      0.969072163105010986328125000000000      
  0.9793814      0.979381442070007324218750000000000      
  0.9896907      0.989690721035003662109375000000000      
   1.000000       1.00000000000000000000000000000000      
