  3.9999999E-02  0.000000000000000000000000000000000E+0000
  7.9999998E-02  7.999999999999999999999999999999997E-0002
  0.1200000      0.120000000000000000000000000000000      
  0.1600000      0.160000000000000000000000000000000      
  0.2000000      0.200000000000000000000000000000000      
  0.2400000      0.240000000000000000000000000000000      
  0.2800000      0.280000000000000000000000000000000      
  0.3200000      0.320000000000000000000000000000000      
  0.3600000      0.360000000000000000000000000000000      
  0.4000000      0.400000000000000000000000000000000      
  0.4400000      0.440000000000000000000000000000000      
  0.4800000      0.479999999999999999999999999999999      
  0.5200000      0.520000000000000000000000000000000      
  0.5600000      0.559999999999999999999999999999999      
  0.6000000      0.599999999999999999999999999999999      
  0.6400000      0.639999999999999999999999999999999      
  0.6800000      0.679999999999999999999999999999999      
  0.7200000      0.719999999999999999999999999999999      
  0.7600000      0.759999999999999999999999999999999      
  0.8000000      0.800000000000000000000000000000000      
  0.8400000      0.839999999999999999999999999999999      
  0.8800000      0.880000000000000000000000000000000      
  0.9200000      0.920000000000000000000000000000000      
  0.9600000      0.960000000000000000000000000000000      
   1.000000       1.00000000000000000000000000000000      
