  2.1739131E-02  0.000000000000000E+000
  4.3478262E-02  4.347826086956483E-002
  6.5217391E-02  6.521739130434727E-002
  8.6956523E-02  8.695652173912967E-002
  0.1086956      0.108695652173912     
  0.1304348      0.130434782608694     
  0.1521739      0.152173913043477     
  0.1739130      0.173913043478259     
  0.1956522      0.195652173913042     
  0.2173913      0.217391304347824     
  0.2391304      0.239130434782607     
  0.2608696      0.260869565217389     
  0.2826087      0.282608695652172     
  0.3043478      0.304347826086954     
  0.3260870      0.326086956521737     
  0.3478261      0.347826086956519     
  0.3695652      0.369565217391302     
  0.3913043      0.391304347826084     
  0.4130435      0.413043478260867     
  0.4347826      0.434782608695650     
  0.4565217      0.456521739130432     
  0.4782609      0.478260869565215     
  0.5000000      0.499999999999998     
  0.5217391      0.521739130434781     
  0.5434783      0.543478260869563     
  0.5652174      0.565217391304346     
  0.5869565      0.586956521739128     
  0.6086956      0.608695652173912     
  0.6304348      0.630434782608694     
  0.6521739      0.652173913043477     
  0.6739131      0.673913043478260     
  0.6956522      0.695652173913042     
  0.7173913      0.717391304347825     
  0.7391304      0.739130434782608     
  0.7608696      0.760869565217391     
  0.7826087      0.782608695652174     
  0.8043478      0.804347826086957     
  0.8260869      0.826086956521739     
  0.8478261      0.847826086956522     
  0.8695652      0.869565217391305     
  0.8913044      0.891304347826087     
  0.9130435      0.913043478260870     
  0.9347826      0.934782608695653     
  0.9565217      0.956521739130435     
  0.9782609      0.978260869565218     
   1.000000       1.00000000000000     
