  1.0416667E-02  1.0416666E-02
  2.0833334E-02  2.0833332E-02
  3.1250000E-02  3.1249998E-02
  4.1666668E-02  4.1666664E-02
  5.2083332E-02  5.2083328E-02
  6.2500000E-02  6.2499996E-02
  7.2916664E-02  7.2916664E-02
  8.3333336E-02  8.3333328E-02
  9.3750000E-02  9.3749993E-02
  0.1041667      0.1041667    
  0.1145833      0.1145833    
  0.1250000      0.1250000    
  0.1354167      0.1354167    
  0.1458333      0.1458333    
  0.1562500      0.1562500    
  0.1666667      0.1666667    
  0.1770833      0.1770833    
  0.1875000      0.1875000    
  0.1979167      0.1979167    
  0.2083333      0.2083333    
  0.2187500      0.2187500    
  0.2291667      0.2291667    
  0.2395833      0.2395833    
  0.2500000      0.2500000    
  0.2604167      0.2604167    
  0.2708333      0.2708333    
  0.2812500      0.2812500    
  0.2916667      0.2916667    
  0.3020833      0.3020833    
  0.3125000      0.3125000    
  0.3229167      0.3229167    
  0.3333333      0.3333333    
  0.3437500      0.3437500    
  0.3541667      0.3541667    
  0.3645833      0.3645833    
  0.3750000      0.3750000    
  0.3854167      0.3854167    
  0.3958333      0.3958333    
  0.4062500      0.4062500    
  0.4166667      0.4166666    
  0.4270833      0.4270833    
  0.4375000      0.4375000    
  0.4479167      0.4479166    
  0.4583333      0.4583333    
  0.4687500      0.4687500    
  0.4791667      0.4791666    
  0.4895833      0.4895833    
  0.5000000      0.5000000    
  0.5104167      0.5104166    
  0.5208333      0.5208333    
  0.5312500      0.5312499    
  0.5416667      0.5416666    
  0.5520833      0.5520833    
  0.5625000      0.5624999    
  0.5729167      0.5729166    
  0.5833333      0.5833333    
  0.5937500      0.5937499    
  0.6041667      0.6041666    
  0.6145833      0.6145833    
  0.6250000      0.6249999    
  0.6354167      0.6354166    
  0.6458333      0.6458333    
  0.6562500      0.6562499    
  0.6666667      0.6666666    
  0.6770833      0.6770833    
  0.6875000      0.6874999    
  0.6979167      0.6979166    
  0.7083333      0.7083333    
  0.7187500      0.7187499    
  0.7291667      0.7291666    
  0.7395833      0.7395833    
  0.7500000      0.7499999    
  0.7604167      0.7604166    
  0.7708333      0.7708333    
  0.7812500      0.7812499    
  0.7916667      0.7916666    
  0.8020833      0.8020833    
  0.8125000      0.8124999    
  0.8229167      0.8229166    
  0.8333333      0.8333333    
  0.8437500      0.8437499    
  0.8541667      0.8541666    
  0.8645833      0.8645833    
  0.8750000      0.8749999    
  0.8854167      0.8854166    
  0.8958333      0.8958333    
  0.9062500      0.9062499    
  0.9166667      0.9166666    
  0.9270833      0.9270833    
  0.9375000      0.9374999    
  0.9479167      0.9479166    
  0.9583333      0.9583333    
  0.9687500      0.9687499    
  0.9791667      0.9791666    
  0.9895833      0.9895833    
   1.000000      0.9999999    
