  1.2500000E-02  0.0000000E+00
  2.5000000E-02  2.5000451E-02
  3.7500001E-02  3.7500679E-02
  5.0000001E-02  5.0000906E-02
  6.2500000E-02  6.2501103E-02
  7.5000003E-02  7.5001359E-02
  8.7499999E-02  8.7501585E-02
  0.1000000      0.1000018    
  0.1125000      0.1125020    
  0.1250000      0.1250022    
  0.1375000      0.1375025    
  0.1500000      0.1500027    
  0.1625000      0.1625029    
  0.1750000      0.1750031    
  0.1875000      0.1875033    
  0.2000000      0.2000034    
  0.2125000      0.2125038    
  0.2250000      0.2250039    
  0.2375000      0.2375041    
  0.2500000      0.2500043    
  0.2625000      0.2625045    
  0.2750000      0.2750047    
  0.2875000      0.2875047    
  0.3000000      0.3000049    
  0.3125000      0.3125051    
  0.3250000      0.3250053    
  0.3375000      0.3375055    
  0.3500000      0.3500057    
  0.3625000      0.3625059    
  0.3750000      0.3750060    
  0.3875000      0.3875061    
  0.4000000      0.4000063    
  0.4125000      0.4125064    
  0.4250000      0.4250066    
  0.4375000      0.4375067    
  0.4500000      0.4500068    
  0.4625000      0.4625070    
  0.4750000      0.4750070    
  0.4875000      0.4875071    
  0.5000000      0.5000070    
  0.5125000      0.5125068    
  0.5250000      0.5250069    
  0.5375000      0.5375068    
  0.5500000      0.5500068    
  0.5625000      0.5625071    
  0.5750000      0.5750069    
  0.5875000      0.5875067    
  0.6000000      0.6000067    
  0.6125000      0.6125067    
  0.6250000      0.6250069    
  0.6375000      0.6375068    
  0.6500000      0.6500068    
  0.6625000      0.6625068    
  0.6750000      0.6750066    
  0.6875000      0.6875067    
  0.7000000      0.7000064    
  0.7125000      0.7125064    
  0.7250000      0.7250062    
  0.7375000      0.7375061    
  0.7500000      0.7500059    
  0.7625000      0.7625057    
  0.7750000      0.7750056    
  0.7875000      0.7875054    
  0.8000000      0.8000051    
  0.8125000      0.8125050    
  0.8250000      0.8250047    
  0.8375000      0.8375047    
  0.8500000      0.8500041    
  0.8625000      0.8625043    
  0.8750000      0.8750041    
  0.8875000      0.8875037    
  0.9000000      0.9000034    
  0.9125000      0.9125031    
  0.9250000      0.9250028    
  0.9375000      0.9375024    
  0.9500000      0.9500020    
  0.9625000      0.9625016    
  0.9750000      0.9750012    
  0.9875000      0.9875008    
   1.000000       1.000000    
