  1.4285714E-02  1.4285713E-02
  2.8571429E-02  2.8571427E-02
  4.2857144E-02  4.2857140E-02
  5.7142857E-02  5.7142854E-02
  7.1428575E-02  7.1428567E-02
  8.5714288E-02  8.5714281E-02
  0.1000000      0.1000000    
  0.1142857      0.1142857    
  0.1285714      0.1285714    
  0.1428571      0.1428571    
  0.1571429      0.1571428    
  0.1714286      0.1714286    
  0.1857143      0.1857143    
  0.2000000      0.2000000    
  0.2142857      0.2142857    
  0.2285714      0.2285714    
  0.2428571      0.2428571    
  0.2571429      0.2571428    
  0.2714286      0.2714286    
  0.2857143      0.2857143    
  0.3000000      0.3000000    
  0.3142857      0.3142857    
  0.3285714      0.3285714    
  0.3428572      0.3428571    
  0.3571429      0.3571428    
  0.3714286      0.3714285    
  0.3857143      0.3857143    
  0.4000000      0.4000000    
  0.4142857      0.4142857    
  0.4285714      0.4285714    
  0.4428571      0.4428571    
  0.4571429      0.4571428    
  0.4714286      0.4714285    
  0.4857143      0.4857143    
  0.5000000      0.5000000    
  0.5142857      0.5142857    
  0.5285714      0.5285714    
  0.5428572      0.5428571    
  0.5571429      0.5571429    
  0.5714286      0.5714285    
  0.5857143      0.5857142    
  0.6000000      0.6000000    
  0.6142857      0.6142857    
  0.6285715      0.6285714    
  0.6428571      0.6428571    
  0.6571429      0.6571428    
  0.6714286      0.6714286    
  0.6857143      0.6857142    
  0.7000000      0.6999999    
  0.7142857      0.7142857    
  0.7285714      0.7285714    
  0.7428572      0.7428571    
  0.7571428      0.7571428    
  0.7714286      0.7714285    
  0.7857143      0.7857143    
  0.8000000      0.8000000    
  0.8142857      0.8142856    
  0.8285714      0.8285714    
  0.8428571      0.8428571    
  0.8571429      0.8571428    
  0.8714285      0.8714285    
  0.8857143      0.8857142    
  0.9000000      0.9000000    
  0.9142857      0.9142857    
  0.9285714      0.9285713    
  0.9428571      0.9428571    
  0.9571428      0.9571428    
  0.9714286      0.9714285    
  0.9857143      0.9857143    
   1.000000       1.000000    
