  1.5625000E-02  0.000000000000000E+000
  3.1250000E-02  3.124999999999967E-002
  4.6875000E-02  4.687499999999949E-002
  6.2500000E-02  6.249999999999935E-002
  7.8125000E-02  7.812499999999918E-002
  9.3750000E-02  9.374999999999899E-002
  0.1093750      0.109374999999999     
  0.1250000      0.124999999999999     
  0.1406250      0.140624999999999     
  0.1562500      0.156249999999998     
  0.1718750      0.171874999999998     
  0.1875000      0.187499999999998     
  0.2031250      0.203124999999998     
  0.2187500      0.218749999999998     
  0.2343750      0.234374999999998     
  0.2500000      0.249999999999997     
  0.2656250      0.265624999999997     
  0.2812500      0.281249999999997     
  0.2968750      0.296874999999997     
  0.3125000      0.312499999999997     
  0.3281250      0.328124999999997     
  0.3437500      0.343749999999997     
  0.3593750      0.359374999999997     
  0.3750000      0.374999999999997     
  0.3906250      0.390624999999997     
  0.4062500      0.406249999999997     
  0.4218750      0.421874999999997     
  0.4375000      0.437499999999997     
  0.4531250      0.453124999999997     
  0.4687500      0.468749999999996     
  0.4843750      0.484374999999997     
  0.5000000      0.499999999999997     
  0.5156250      0.515624999999997     
  0.5312500      0.531249999999997     
  0.5468750      0.546874999999997     
  0.5625000      0.562499999999997     
  0.5781250      0.578124999999997     
  0.5937500      0.593749999999997     
  0.6093750      0.609374999999997     
  0.6250000      0.624999999999998     
  0.6406250      0.640624999999998     
  0.6562500      0.656249999999998     
  0.6718750      0.671874999999998     
  0.6875000      0.687499999999999     
  0.7031250      0.703124999999999     
  0.7187500      0.718749999999999     
  0.7343750      0.734374999999999     
  0.7500000      0.749999999999999     
  0.7656250      0.765624999999999     
  0.7812500      0.781250000000000     
  0.7968750      0.796875000000000     
  0.8125000      0.812500000000000     
  0.8281250      0.828125000000000     
  0.8437500      0.843750000000000     
  0.8593750      0.859375000000001     
  0.8750000      0.875000000000001     
  0.8906250      0.890625000000001     
  0.9062500      0.906250000000001     
  0.9218750      0.921875000000001     
  0.9375000      0.937500000000001     
  0.9531250      0.953125000000001     
  0.9687500      0.968750000000001     
  0.9843750      0.984375000000000     
   1.000000       1.00000000000000     
