  1.4084507E-02  1.408450677990913391113281250000000E-0002
  2.8169014E-02  2.816901355981826782226562500000000E-0002
  4.2253520E-02  4.225352033972740173339843750000000E-0002
  5.6338027E-02  5.633802711963653564453125000000000E-0002
  7.0422538E-02  7.042253762483596801757812500000000E-0002
  8.4507041E-02  8.450704067945480346679687500000000E-0002
  9.8591551E-02  9.859155118465423583984375000000000E-0002
  0.1126761      0.112676054239273071289062500000000      
  0.1267606      0.126760557293891906738281250000000      
  0.1408451      0.140845075249671936035156250000000      
  0.1549296      0.154929578304290771484375000000000      
  0.1690141      0.169014081358909606933593750000000      
  0.1830986      0.183098584413528442382812500000000      
  0.1971831      0.197183102369308471679687500000000      
  0.2112676      0.211267605423927307128906250000000      
  0.2253521      0.225352108478546142578125000000000      
  0.2394366      0.239436626434326171875000000000000      
  0.2535211      0.253521114587783813476562500000000      
  0.2676056      0.267605632543563842773437500000000      
  0.2816902      0.281690150499343872070312500000000      
  0.2957746      0.295774638652801513671875000000000      
  0.3098592      0.309859156608581542968750000000000      
  0.3239437      0.323943674564361572265625000000000      
  0.3380282      0.338028162717819213867187500000000      
  0.3521127      0.352112680673599243164062500000000      
  0.3661972      0.366197168827056884765625000000000      
  0.3802817      0.380281686782836914062500000000000      
  0.3943662      0.394366204738616943359375000000000      
  0.4084507      0.408450692892074584960937500000000      
  0.4225352      0.422535210847854614257812500000000      
  0.4366197      0.436619728803634643554687500000000      
  0.4507042      0.450704216957092285156250000000000      
  0.4647887      0.464788734912872314453125000000000      
  0.4788733      0.478873252868652343750000000000000      
  0.4929577      0.492957741022109985351562500000000      
  0.5070422      0.507042229175567626953125000000000      
  0.5211267      0.521126747131347656250000000000000      
  0.5352113      0.535211265087127685546875000000000      
  0.5492958      0.549295783042907714843750000000000      
  0.5633803      0.563380300998687744140625000000000      
  0.5774648      0.577464759349822998046875000000000      
  0.5915493      0.591549277305603027343750000000000      
  0.6056338      0.605633795261383056640625000000000      
  0.6197183      0.619718313217163085937500000000000      
  0.6338028      0.633802831172943115234375000000000      
  0.6478873      0.647887349128723144531250000000000      
  0.6619718      0.661971807479858398437500000000000      
  0.6760563      0.676056325435638427734375000000000      
  0.6901408      0.690140843391418457031250000000000      
  0.7042254      0.704225361347198486328125000000000      
  0.7183099      0.718309879302978515625000000000000      
  0.7323943      0.732394337654113769531250000000000      
  0.7464789      0.746478855609893798828125000000000      
  0.7605634      0.760563373565673828125000000000000      
  0.7746479      0.774647891521453857421875000000000      
  0.7887324      0.788732409477233886718750000000000      
  0.8028169      0.802816927433013916015625000000000      
  0.8169014      0.816901385784149169921875000000000      
  0.8309859      0.830985903739929199218750000000000      
  0.8450704      0.845070421695709228515625000000000      
  0.8591549      0.859154939651489257812500000000000      
  0.8732395      0.873239457607269287109375000000000      
  0.8873239      0.887323915958404541015625000000000      
  0.9014084      0.901408433914184570312500000000000      
  0.9154930      0.915492951869964599609375000000000      
  0.9295775      0.929577469825744628906250000000000      
  0.9436620      0.943661987781524658203125000000000      
  0.9577465      0.957746505737304687500000000000000      
  0.9718310      0.971830964088439941406250000000000      
  0.9859155      0.985915482044219970703125000000000      
   1.000000       1.00000000000000000000000000000000      
