  2.0000000E-02  0.0000000E+00
  3.9999999E-02  4.0000021E-02
  5.9999999E-02  6.0000047E-02
  7.9999998E-02  8.0000028E-02
  0.1000000      0.1000000    
  0.1200000      0.1200000    
  0.1400000      0.1400000    
  0.1600000      0.1600000    
  0.1800000      0.1800000    
  0.2000000      0.2000000    
  0.2200000      0.2200000    
  0.2400000      0.2400001    
  0.2600000      0.2600000    
  0.2800000      0.2800000    
  0.3000000      0.2999999    
  0.3200000      0.3199999    
  0.3400000      0.3399998    
  0.3600000      0.3599998    
  0.3800000      0.3799999    
  0.4000000      0.3999998    
  0.4200000      0.4199998    
  0.4400000      0.4399998    
  0.4600000      0.4599999    
  0.4800000      0.4799998    
  0.5000000      0.5000000    
  0.5200000      0.5199999    
  0.5400000      0.5400000    
  0.5600000      0.5599998    
  0.5800000      0.5799999    
  0.6000000      0.5999998    
  0.6200000      0.6199999    
  0.6400000      0.6399999    
  0.6600000      0.6599998    
  0.6800000      0.6799998    
  0.7000000      0.6999999    
  0.7200000      0.7200000    
  0.7400000      0.7399999    
  0.7600000      0.7600000    
  0.7800000      0.7800000    
  0.8000000      0.8000001    
  0.8200000      0.8200000    
  0.8400000      0.8400002    
  0.8600000      0.8600002    
  0.8800000      0.8800002    
  0.9000000      0.9000001    
  0.9200000      0.9200002    
  0.9400000      0.9400001    
  0.9600000      0.9600002    
  0.9800000      0.9800001    
   1.000000       1.000000    
