  2.4390243E-02  2.439024299383163E-002
  4.8780486E-02  4.878048598766327E-002
  7.3170729E-02  7.317072898149490E-002
  9.7560972E-02  9.756097197532654E-002
  0.1219512      0.121951214969158     
  0.1463415      0.146341457962990     
  0.1707317      0.170731693506241     
  0.1951219      0.195121943950653     
  0.2195122      0.219512194395065     
  0.2439024      0.243902429938316     
  0.2682927      0.268292665481567     
  0.2926829      0.292682915925980     
  0.3170732      0.317073166370392     
  0.3414634      0.341463387012482     
  0.3658537      0.365853637456894     
  0.3902439      0.390243887901306     
  0.4146341      0.414634138345718     
  0.4390244      0.439024388790131     
  0.4634146      0.463414609432220     
  0.4878049      0.487804859876633     
  0.5121951      0.512195110321045     
  0.5365854      0.536585330963135     
  0.5609756      0.560975611209869     
  0.5853658      0.585365831851959     
  0.6097561      0.609756052494049     
  0.6341463      0.634146332740784     
  0.6585366      0.658536553382874     
  0.6829268      0.682926774024963     
  0.7073171      0.707317054271698     
  0.7317073      0.731707274913788     
  0.7560976      0.756097555160522     
  0.7804878      0.780487775802612     
  0.8048781      0.804877996444702     
  0.8292683      0.829268276691437     
  0.8536586      0.853658497333527     
  0.8780488      0.878048777580261     
  0.9024390      0.902438998222351     
  0.9268293      0.926829218864441     
  0.9512195      0.951219499111176     
  0.9756098      0.975609719753265     
   1.000000       1.00000000000000     
