  2.6315790E-02  0.000000000000000000000000000000000E+0000
  5.2631579E-02  5.263157894736842105263157894736836E-0002
  7.8947365E-02  7.894736842105263157894736842105258E-0002
  0.1052632      0.105263157894736842105263157894737      
  0.1315790      0.131578947368421052631578947368421      
  0.1578947      0.157894736842105263157894736842105      
  0.1842105      0.184210526315789473684210526315789      
  0.2105263      0.210526315789473684210526315789474      
  0.2368421      0.236842105263157894736842105263158      
  0.2631579      0.263157894736842105263157894736842      
  0.2894737      0.289473684210526315789473684210526      
  0.3157895      0.315789473684210526315789473684210      
  0.3421053      0.342105263157894736842105263157895      
  0.3684210      0.368421052631578947368421052631579      
  0.3947369      0.394736842105263157894736842105263      
  0.4210526      0.421052631578947368421052631578947      
  0.4473684      0.447368421052631578947368421052631      
  0.4736842      0.473684210526315789473684210526315      
  0.5000000      0.500000000000000000000000000000000      
  0.5263158      0.526315789473684210526315789473684      
  0.5526316      0.552631578947368421052631578947368      
  0.5789474      0.578947368421052631578947368421052      
  0.6052632      0.605263157894736842105263157894737      
  0.6315789      0.631578947368421052631578947368421      
  0.6578947      0.657894736842105263157894736842105      
  0.6842105      0.684210526315789473684210526315789      
  0.7105263      0.710526315789473684210526315789473      
  0.7368421      0.736842105263157894736842105263158      
  0.7631579      0.763157894736842105263157894736842      
  0.7894737      0.789473684210526315789473684210526      
  0.8157895      0.815789473684210526315789473684210      
  0.8421053      0.842105263157894736842105263157894      
  0.8684211      0.868421052631578947368421052631578      
  0.8947368      0.894736842105263157894736842105263      
  0.9210526      0.921052631578947368421052631578947      
  0.9473684      0.947368421052631578947368421052631      
  0.9736842      0.973684210526315789473684210526316      
   1.000000       1.00000000000000000000000000000000      
