  1.1764706E-02  1.1764705E-02
  2.3529412E-02  2.3529410E-02
  3.5294119E-02  3.5294116E-02
  4.7058824E-02  4.7058821E-02
  5.8823530E-02  5.8823526E-02
  7.0588239E-02  7.0588231E-02
  8.2352944E-02  8.2352936E-02
  9.4117649E-02  9.4117641E-02
  0.1058824      0.1058823    
  0.1176471      0.1176471    
  0.1294118      0.1294118    
  0.1411765      0.1411765    
  0.1529412      0.1529412    
  0.1647059      0.1647059    
  0.1764706      0.1764706    
  0.1882353      0.1882353    
  0.2000000      0.2000000    
  0.2117647      0.2117647    
  0.2235294      0.2235294    
  0.2352941      0.2352941    
  0.2470588      0.2470588    
  0.2588235      0.2588235    
  0.2705882      0.2705882    
  0.2823530      0.2823529    
  0.2941177      0.2941176    
  0.3058824      0.3058823    
  0.3176471      0.3176470    
  0.3294118      0.3294117    
  0.3411765      0.3411765    
  0.3529412      0.3529412    
  0.3647059      0.3647059    
  0.3764706      0.3764706    
  0.3882353      0.3882353    
  0.4000000      0.4000000    
  0.4117647      0.4117647    
  0.4235294      0.4235294    
  0.4352941      0.4352941    
  0.4470588      0.4470588    
  0.4588235      0.4588235    
  0.4705882      0.4705882    
  0.4823529      0.4823529    
  0.4941176      0.4941176    
  0.5058824      0.5058823    
  0.5176471      0.5176470    
  0.5294118      0.5294117    
  0.5411765      0.5411764    
  0.5529412      0.5529411    
  0.5647059      0.5647058    
  0.5764706      0.5764706    
  0.5882353      0.5882353    
  0.6000000      0.6000000    
  0.6117647      0.6117647    
  0.6235294      0.6235294    
  0.6352941      0.6352941    
  0.6470588      0.6470588    
  0.6588235      0.6588235    
  0.6705883      0.6705882    
  0.6823530      0.6823529    
  0.6941177      0.6941176    
  0.7058824      0.7058823    
  0.7176471      0.7176470    
  0.7294118      0.7294117    
  0.7411765      0.7411764    
  0.7529412      0.7529411    
  0.7647059      0.7647058    
  0.7764706      0.7764705    
  0.7882353      0.7882352    
  0.8000000      0.8000000    
  0.8117647      0.8117647    
  0.8235294      0.8235294    
  0.8352941      0.8352941    
  0.8470588      0.8470588    
  0.8588235      0.8588235    
  0.8705882      0.8705882    
  0.8823529      0.8823529    
  0.8941177      0.8941176    
  0.9058824      0.9058823    
  0.9176471      0.9176470    
  0.9294118      0.9294117    
  0.9411765      0.9411764    
  0.9529412      0.9529411    
  0.9647059      0.9647058    
  0.9764706      0.9764705    
  0.9882353      0.9882352    
   1.000000       1.000000    
