  1.2195121E-02  0.000000000000000E+000
  2.4390243E-02  2.439024390243920E-002
  3.6585364E-02  3.658536585365878E-002
  4.8780486E-02  4.878048780487839E-002
  6.0975611E-02  6.097560975609793E-002
  7.3170729E-02  7.317073170731755E-002
  8.5365854E-02  8.536585365853713E-002
  9.7560972E-02  9.756097560975678E-002
  0.1097561      0.109756097560976     
  0.1219512      0.121951219512196     
  0.1341463      0.134146341463416     
  0.1463415      0.146341463414635     
  0.1585366      0.158536585365855     
  0.1707317      0.170731707317074     
  0.1829268      0.182926829268294     
  0.1951219      0.195121951219513     
  0.2073171      0.207317073170733     
  0.2195122      0.219512195121953     
  0.2317073      0.231707317073172     
  0.2439024      0.243902439024392     
  0.2560976      0.256097560975612     
  0.2682927      0.268292682926831     
  0.2804878      0.280487804878051     
  0.2926829      0.292682926829270     
  0.3048781      0.304878048780490     
  0.3170732      0.317073170731709     
  0.3292683      0.329268292682929     
  0.3414634      0.341463414634148     
  0.3536585      0.353658536585368     
  0.3658537      0.365853658536587     
  0.3780488      0.378048780487807     
  0.3902439      0.390243902439027     
  0.4024390      0.402439024390246     
  0.4146341      0.414634146341466     
  0.4268293      0.426829268292685     
  0.4390244      0.439024390243905     
  0.4512195      0.451219512195124     
  0.4634146      0.463414634146344     
  0.4756097      0.475609756097563     
  0.4878049      0.487804878048783     
  0.5000000      0.500000000000002     
  0.5121951      0.512195121951222     
  0.5243902      0.524390243902441     
  0.5365854      0.536585365853661     
  0.5487805      0.548780487804880     
  0.5609756      0.560975609756100     
  0.5731707      0.573170731707319     
  0.5853658      0.585365853658539     
  0.5975610      0.597560975609758     
  0.6097561      0.609756097560977     
  0.6219512      0.621951219512198     
  0.6341463      0.634146341463417     
  0.6463414      0.646341463414636     
  0.6585366      0.658536585365856     
  0.6707317      0.670731707317075     
  0.6829268      0.682926829268295     
  0.6951219      0.695121951219514     
  0.7073171      0.707317073170733     
  0.7195122      0.719512195121953     
  0.7317073      0.731707317073172     
  0.7439024      0.743902439024392     
  0.7560976      0.756097560975611     
  0.7682927      0.768292682926831     
  0.7804878      0.780487804878050     
  0.7926829      0.792682926829269     
  0.8048781      0.804878048780489     
  0.8170732      0.817073170731709     
  0.8292683      0.829268292682928     
  0.8414634      0.841463414634147     
  0.8536586      0.853658536585367     
  0.8658537      0.865853658536586     
  0.8780488      0.878048780487806     
  0.8902439      0.890243902439025     
  0.9024390      0.902439024390244     
  0.9146342      0.914634146341464     
  0.9268293      0.926829268292683     
  0.9390244      0.939024390243903     
  0.9512195      0.951219512195122     
  0.9634146      0.963414634146342     
  0.9756098      0.975609756097561     
  0.9878049      0.987804878048781     
   1.000000       1.00000000000000     
