  2.9411765E-02  0.0000000E+00
  5.8823530E-02  5.8823921E-02
  8.8235296E-02  8.8235863E-02
  0.1176471      0.1176478    
  0.1470588      0.1470598    
  0.1764706      0.1764717    
  0.2058824      0.2058837    
  0.2352941      0.2352957    
  0.2647059      0.2647075    
  0.2941177      0.2941195    
  0.3235294      0.3235315    
  0.3529412      0.3529434    
  0.3823529      0.3823552    
  0.4117647      0.4117671    
  0.4411765      0.4411789    
  0.4705882      0.4705909    
  0.5000000      0.5000026    
  0.5294118      0.5294147    
  0.5588235      0.5588263    
  0.5882353      0.5882381    
  0.6176471      0.6176497    
  0.6470588      0.6470613    
  0.6764706      0.6764732    
  0.7058824      0.7058848    
  0.7352941      0.7352964    
  0.7647059      0.7647080    
  0.7941176      0.7941195    
  0.8235294      0.8235311    
  0.8529412      0.8529426    
  0.8823529      0.8823541    
  0.9117647      0.9117657    
  0.9411765      0.9411772    
  0.9705882      0.9705889    
   1.000000       1.000000    
