  6.6666670E-02  0.000000000000000E+000
  0.1333333      0.133333333333333     
  0.2000000      0.200000000000000     
  0.2666667      0.266666666666667     
  0.3333333      0.333333333333333     
  0.4000000      0.400000000000000     
  0.4666667      0.466666666666667     
  0.5333334      0.533333333333333     
  0.6000000      0.600000000000000     
  0.6666667      0.666666666666667     
  0.7333333      0.733333333333333     
  0.8000000      0.800000000000000     
  0.8666667      0.866666666666667     
  0.9333333      0.933333333333333     
   1.000000       1.00000000000000     
