  1.1904762E-02  0.000000000000000000000000000000000E+0000
  2.3809524E-02  2.380952380952380952380952380952389E-0002
  3.5714287E-02  3.571428571428571428571428571428583E-0002
  4.7619049E-02  4.761904761904761904761904761904779E-0002
  5.9523810E-02  5.952380952380952380952380952380971E-0002
  7.1428575E-02  7.142857142857142857142857142857165E-0002
  8.3333336E-02  8.333333333333333333333333333333357E-0002
  9.5238097E-02  9.523809523809523809523809523809557E-0002
  0.1071429      0.107142857142857142857142857142857      
  0.1190476      0.119047619047619047619047619047620      
  0.1309524      0.130952380952380952380952380952381      
  0.1428571      0.142857142857142857142857142857143      
  0.1547619      0.154761904761904761904761904761905      
  0.1666667      0.166666666666666666666666666666667      
  0.1785714      0.178571428571428571428571428571429      
  0.1904762      0.190476190476190476190476190476191      
  0.2023810      0.202380952380952380952380952380953      
  0.2142857      0.214285714285714285714285714285715      
  0.2261905      0.226190476190476190476190476190477      
  0.2380952      0.238095238095238095238095238095239      
  0.2500000      0.250000000000000000000000000000000      
  0.2619048      0.261904761904761904761904761904762      
  0.2738095      0.273809523809523809523809523809524      
  0.2857143      0.285714285714285714285714285714286      
  0.2976190      0.297619047619047619047619047619048      
  0.3095238      0.309523809523809523809523809523810      
  0.3214286      0.321428571428571428571428571428572      
  0.3333333      0.333333333333333333333333333333334      
  0.3452381      0.345238095238095238095238095238096      
  0.3571429      0.357142857142857142857142857142858      
  0.3690476      0.369047619047619047619047619047620      
  0.3809524      0.380952380952380952380952380952382      
  0.3928571      0.392857142857142857142857142857144      
  0.4047619      0.404761904761904761904761904761906      
  0.4166667      0.416666666666666666666666666666668      
  0.4285714      0.428571428571428571428571428571430      
  0.4404762      0.440476190476190476190476190476191      
  0.4523810      0.452380952380952380952380952380953      
  0.4642857      0.464285714285714285714285714285715      
  0.4761905      0.476190476190476190476190476190477      
  0.4880952      0.488095238095238095238095238095239      
  0.5000000      0.500000000000000000000000000000001      
  0.5119048      0.511904761904761904761904761904763      
  0.5238096      0.523809523809523809523809523809525      
  0.5357143      0.535714285714285714285714285714286      
  0.5476190      0.547619047619047619047619047619048      
  0.5595238      0.559523809523809523809523809523810      
  0.5714286      0.571428571428571428571428571428572      
  0.5833333      0.583333333333333333333333333333334      
  0.5952381      0.595238095238095238095238095238095      
  0.6071429      0.607142857142857142857142857142857      
  0.6190476      0.619047619047619047619047619047619      
  0.6309524      0.630952380952380952380952380952381      
  0.6428571      0.642857142857142857142857142857143      
  0.6547619      0.654761904761904761904761904761905      
  0.6666667      0.666666666666666666666666666666667      
  0.6785714      0.678571428571428571428571428571429      
  0.6904762      0.690476190476190476190476190476191      
  0.7023810      0.702380952380952380952380952380953      
  0.7142857      0.714285714285714285714285714285715      
  0.7261904      0.726190476190476190476190476190477      
  0.7380952      0.738095238095238095238095238095238      
  0.7500000      0.750000000000000000000000000000001      
  0.7619048      0.761904761904761904761904761904762      
  0.7738096      0.773809523809523809523809523809524      
  0.7857143      0.785714285714285714285714285714286      
  0.7976190      0.797619047619047619047619047619048      
  0.8095238      0.809523809523809523809523809523810      
  0.8214286      0.821428571428571428571428571428571      
  0.8333333      0.833333333333333333333333333333333      
  0.8452381      0.845238095238095238095238095238095      
  0.8571429      0.857142857142857142857142857142857      
  0.8690476      0.869047619047619047619047619047619      
  0.8809524      0.880952380952380952380952380952381      
  0.8928571      0.892857142857142857142857142857143      
  0.9047619      0.904761904761904761904761904761905      
  0.9166667      0.916666666666666666666666666666667      
  0.9285714      0.928571428571428571428571428571428      
  0.9404762      0.940476190476190476190476190476190      
  0.9523810      0.952380952380952380952380952380952      
  0.9642857      0.964285714285714285714285714285714      
  0.9761904      0.976190476190476190476190476190476      
  0.9880952      0.988095238095238095238095238095238      
   1.000000       1.00000000000000000000000000000000      
