  1.1494253E-02  0.000000000000000000000000000000000E+0000
  2.2988506E-02  2.298850574712643678160919540229898E-0002
  3.4482758E-02  3.448275862068965517241379310344843E-0002
  4.5977011E-02  4.597701149425287356321839080459796E-0002
  5.7471264E-02  5.747126436781609195402298850574733E-0002
  6.8965517E-02  6.896551724137931034482758620689684E-0002
  8.0459774E-02  8.045977011494252873563218390804632E-0002
  9.1954023E-02  9.195402298850574712643678160919585E-0002
  0.1034483      0.103448275862068965517241379310345      
  0.1149425      0.114942528735632183908045977011495      
  0.1264368      0.126436781609195402298850574712644      
  0.1379310      0.137931034482758620689655172413794      
  0.1494253      0.149425287356321839080459770114943      
  0.1609195      0.160919540229885057471264367816093      
  0.1724138      0.172413793103448275862068965517242      
  0.1839080      0.183908045977011494252873563218392      
  0.1954023      0.195402298850574712643678160919541      
  0.2068966      0.206896551724137931034482758620690      
  0.2183908      0.218390804597701149425287356321840      
  0.2298851      0.229885057471264367816091954022989      
  0.2413793      0.241379310344827586206896551724139      
  0.2528736      0.252873563218390804597701149425288      
  0.2643678      0.264367816091954022988505747126438      
  0.2758621      0.275862068965517241379310344827587      
  0.2873563      0.287356321839080459770114942528737      
  0.2988506      0.298850574712643678160919540229886      
  0.3103448      0.310344827586206896551724137931036      
  0.3218391      0.321839080459770114942528735632185      
  0.3333333      0.333333333333333333333333333333334      
  0.3448276      0.344827586206896551724137931034484      
  0.3563218      0.356321839080459770114942528735633      
  0.3678161      0.367816091954022988505747126436783      
  0.3793103      0.379310344827586206896551724137932      
  0.3908046      0.390804597701149425287356321839082      
  0.4022988      0.402298850574712643678160919540231      
  0.4137931      0.413793103448275862068965517241381      
  0.4252874      0.425287356321839080459770114942530      
  0.4367816      0.436781609195402298850574712643680      
  0.4482759      0.448275862068965517241379310344829      
  0.4597701      0.459770114942528735632183908045979      
  0.4712644      0.471264367816091954022988505747128      
  0.4827586      0.482758620689655172413793103448278      
  0.4942529      0.494252873563218390804597701149427      
  0.5057471      0.505747126436781609195402298850577      
  0.5172414      0.517241379310344827586206896551726      
  0.5287356      0.528735632183908045977011494252876      
  0.5402299      0.540229885057471264367816091954025      
  0.5517241      0.551724137931034482758620689655174      
  0.5632184      0.563218390804597701149425287356324      
  0.5747126      0.574712643678160919540229885057473      
  0.5862069      0.586206896551724137931034482758623      
  0.5977011      0.597701149425287356321839080459772      
  0.6091954      0.609195402298850574712643678160922      
  0.6206896      0.620689655172413793103448275862071      
  0.6321839      0.632183908045977011494252873563220      
  0.6436782      0.643678160919540229885057471264370      
  0.6551724      0.655172413793103448275862068965520      
  0.6666667      0.666666666666666666666666666666669      
  0.6781609      0.678160919540229885057471264367818      
  0.6896552      0.689655172413793103448275862068968      
  0.7011494      0.701149425287356321839080459770117      
  0.7126437      0.712643678160919540229885057471267      
  0.7241379      0.724137931034482758620689655172417      
  0.7356322      0.735632183908045977011494252873566      
  0.7471265      0.747126436781609195402298850574715      
  0.7586207      0.758620689655172413793103448275865      
  0.7701150      0.770114942528735632183908045977014      
  0.7816092      0.781609195402298850574712643678164      
  0.7931035      0.793103448275862068965517241379313      
  0.8045977      0.804597701149425287356321839080462      
  0.8160920      0.816091954022988505747126436781612      
  0.8275862      0.827586206896551724137931034482761      
  0.8390805      0.839080459770114942528735632183910      
  0.8505747      0.850574712643678160919540229885060      
  0.8620690      0.862068965517241379310344827586209      
  0.8735632      0.873563218390804597701149425287358      
  0.8850574      0.885057471264367816091954022988508      
  0.8965517      0.896551724137931034482758620689657      
  0.9080459      0.908045977011494252873563218390806      
  0.9195402      0.919540229885057471264367816091956      
  0.9310345      0.931034482758620689655172413793105      
  0.9425287      0.942528735632183908045977011494254      
  0.9540230      0.954022988505747126436781609195403      
  0.9655172      0.965517241379310344827586206896553      
  0.9770115      0.977011494252873563218390804597702      
  0.9885057      0.988505747126436781609195402298851      
   1.000000       1.00000000000000000000000000000000      
