  1.3333334E-02  1.333333272486925E-002
  2.6666667E-02  2.666666544973850E-002
  3.9999999E-02  3.999999910593033E-002
  5.3333335E-02  5.333333089947701E-002
  6.6666670E-02  6.666666269302368E-002
  7.9999998E-02  7.999999821186066E-002
  9.3333334E-02  9.333332628011703E-002
  0.1066667      0.106666661798954     
  0.1200000      0.119999997317791     
  0.1333333      0.133333325386047     
  0.1466667      0.146666660904884     
  0.1600000      0.159999996423721     
  0.1733333      0.173333331942558     
  0.1866667      0.186666652560234     
  0.2000000      0.199999988079071     
  0.2133333      0.213333323597908     
  0.2266667      0.226666659116745     
  0.2400000      0.239999994635582     
  0.2533333      0.253333330154419     
  0.2666667      0.266666650772095     
  0.2800000      0.280000001192093     
  0.2933333      0.293333321809769     
  0.3066667      0.306666642427444     
  0.3200000      0.319999992847443     
  0.3333333      0.333333313465118     
  0.3466667      0.346666663885117     
  0.3600000      0.359999984502792     
  0.3733333      0.373333305120468     
  0.3866667      0.386666655540466     
  0.4000000      0.399999976158142     
  0.4133333      0.413333326578140     
  0.4266667      0.426666647195816     
  0.4400000      0.439999967813492     
  0.4533333      0.453333318233490     
  0.4666667      0.466666638851166     
  0.4800000      0.479999989271164     
  0.4933333      0.493333309888840     
  0.5066667      0.506666660308838     
  0.5200000      0.519999980926514     
  0.5333334      0.533333301544189     
  0.5466667      0.546666622161865     
  0.5600000      0.560000002384186     
  0.5733333      0.573333323001862     
  0.5866666      0.586666643619537     
  0.6000000      0.599999964237213     
  0.6133333      0.613333284854889     
  0.6266667      0.626666665077209     
  0.6400000      0.639999985694885     
  0.6533333      0.653333306312561     
  0.6666667      0.666666626930237     
  0.6800000      0.679999947547913     
  0.6933333      0.693333327770233     
  0.7066666      0.706666648387909     
  0.7200000      0.719999969005585     
  0.7333333      0.733333289623260     
  0.7466667      0.746666610240936     
  0.7600000      0.759999990463257     
  0.7733333      0.773333311080933     
  0.7866667      0.786666631698608     
  0.8000000      0.799999952316284     
  0.8133333      0.813333272933960     
  0.8266667      0.826666653156281     
  0.8400000      0.839999973773956     
  0.8533334      0.853333294391632     
  0.8666667      0.866666615009308     
  0.8800000      0.879999935626984     
  0.8933333      0.893333315849304     
  0.9066667      0.906666636466980     
  0.9200000      0.919999957084656     
  0.9333333      0.933333277702332     
  0.9466667      0.946666598320007     
  0.9600000      0.959999978542328     
  0.9733334      0.973333358764648     
  0.9866667      0.986666679382324     
   1.000000       1.00000000000000     
