  1.3698630E-02  1.369863003492355346679687500000000E-0002
  2.7397260E-02  2.739726006984710693359375000000000E-0002
  4.1095890E-02  4.109589010477066040039062500000000E-0002
  5.4794520E-02  5.479452013969421386718750000000000E-0002
  6.8493150E-02  6.849315017461776733398437500000000E-0002
  8.2191780E-02  8.219178020954132080078125000000000E-0002
  9.5890410E-02  9.589041024446487426757812500000000E-0002
  0.1095890      0.109589040279388427734375000000000      
  0.1232877      0.123287670314311981201171875000000      
  0.1369863      0.136986300349235534667968750000000      
  0.1506849      0.150684937834739685058593750000000      
  0.1643836      0.164383560419082641601562500000000      
  0.1780822      0.178082197904586791992187500000000      
  0.1917808      0.191780820488929748535156250000000      
  0.2054795      0.205479457974433898925781250000000      
  0.2191781      0.219178080558776855468750000000000      
  0.2328767      0.232876718044281005859375000000000      
  0.2465753      0.246575340628623962402343750000000      
  0.2602740      0.260273963212966918945312500000000      
  0.2739726      0.273972600698471069335937500000000      
  0.2876712      0.287671238183975219726562500000000      
  0.3013699      0.301369875669479370117187500000000      
  0.3150685      0.315068483352661132812500000000000      
  0.3287671      0.328767120838165283203125000000000      
  0.3424658      0.342465758323669433593750000000000      
  0.3561644      0.356164395809173583984375000000000      
  0.3698630      0.369863003492355346679687500000000      
  0.3835616      0.383561640977859497070312500000000      
  0.3972603      0.397260278463363647460937500000000      
  0.4109589      0.410958915948867797851562500000000      
  0.4246575      0.424657523632049560546875000000000      
  0.4383562      0.438356161117553710937500000000000      
  0.4520548      0.452054798603057861328125000000000      
  0.4657534      0.465753436088562011718750000000000      
  0.4794520      0.479452043771743774414062500000000      
  0.4931507      0.493150681257247924804687500000000      
  0.5068493      0.506849288940429687500000000000000      
  0.5205479      0.520547926425933837890625000000000      
  0.5342466      0.534246563911437988281250000000000      
  0.5479452      0.547945201396942138671875000000000      
  0.5616438      0.561643838882446289062500000000000      
  0.5753425      0.575342476367950439453125000000000      
  0.5890411      0.589041113853454589843750000000000      
  0.6027398      0.602739751338958740234375000000000      
  0.6164383      0.616438329219818115234375000000000      
  0.6301370      0.630136966705322265625000000000000      
  0.6438356      0.643835604190826416015625000000000      
  0.6575342      0.657534241676330566406250000000000      
  0.6712329      0.671232879161834716796875000000000      
  0.6849315      0.684931516647338867187500000000000      
  0.6986302      0.698630154132843017578125000000000      
  0.7123288      0.712328791618347167968750000000000      
  0.7260274      0.726027369499206542968750000000000      
  0.7397260      0.739726006984710693359375000000000      
  0.7534246      0.753424644470214843750000000000000      
  0.7671233      0.767123281955718994140625000000000      
  0.7808219      0.780821919441223144531250000000000      
  0.7945206      0.794520556926727294921875000000000      
  0.8082192      0.808219194412231445312500000000000      
  0.8219178      0.821917831897735595703125000000000      
  0.8356164      0.835616409778594970703125000000000      
  0.8493150      0.849315047264099121093750000000000      
  0.8630137      0.863013684749603271484375000000000      
  0.8767123      0.876712322235107421875000000000000      
  0.8904110      0.890410959720611572265625000000000      
  0.9041096      0.904109597206115722656250000000000      
  0.9178082      0.917808234691619873046875000000000      
  0.9315069      0.931506872177124023437500000000000      
  0.9452055      0.945205450057983398437500000000000      
  0.9589041      0.958904087543487548828125000000000      
  0.9726027      0.972602725028991699218750000000000      
  0.9863014      0.986301362514495849609375000000000      
   1.000000       1.00000000000000000000000000000000      
