  1.2987013E-02  0.000000000000000E+000
  2.5974026E-02  2.597402597402610E-002
  3.8961038E-02  3.896103896103919E-002
  5.1948052E-02  5.194805194805224E-002
  6.4935066E-02  6.493506493506536E-002
  7.7922076E-02  7.792207792207842E-002
  9.0909094E-02  9.090909090909149E-002
  0.1038961      0.103896103896104     
  0.1168831      0.116883116883118     
  0.1298701      0.129870129870131     
  0.1428571      0.142857142857144     
  0.1558442      0.155844155844157     
  0.1688312      0.168831168831170     
  0.1818182      0.181818181818183     
  0.1948052      0.194805194805196     
  0.2077922      0.207792207792209     
  0.2207792      0.220779220779222     
  0.2337662      0.233766233766235     
  0.2467532      0.246753246753249     
  0.2597403      0.259740259740262     
  0.2727273      0.272727272727274     
  0.2857143      0.285714285714288     
  0.2987013      0.298701298701301     
  0.3116883      0.311688311688314     
  0.3246753      0.324675324675327     
  0.3376623      0.337662337662340     
  0.3506494      0.350649350649353     
  0.3636364      0.363636363636366     
  0.3766234      0.376623376623379     
  0.3896104      0.389610389610392     
  0.4025974      0.402597402597405     
  0.4155844      0.415584415584418     
  0.4285714      0.428571428571432     
  0.4415585      0.441558441558444     
  0.4545455      0.454545454545457     
  0.4675325      0.467532467532470     
  0.4805195      0.480519480519484     
  0.4935065      0.493506493506496     
  0.5064935      0.506493506493509     
  0.5194805      0.519480519480523     
  0.5324675      0.532467532467536     
  0.5454546      0.545454545454549     
  0.5584416      0.558441558441562     
  0.5714286      0.571428571428575     
  0.5844156      0.584415584415588     
  0.5974026      0.597402597402601     
  0.6103896      0.610389610389613     
  0.6233766      0.623376623376626     
  0.6363636      0.636363636363639     
  0.6493506      0.649350649350652     
  0.6623377      0.662337662337665     
  0.6753247      0.675324675324678     
  0.6883117      0.688311688311691     
  0.7012987      0.701298701298704     
  0.7142857      0.714285714285717     
  0.7272727      0.727272727272730     
  0.7402598      0.740259740259742     
  0.7532467      0.753246753246755     
  0.7662337      0.766233766233768     
  0.7792208      0.779220779220781     
  0.7922078      0.792207792207794     
  0.8051948      0.805194805194806     
  0.8181818      0.818181818181819     
  0.8311688      0.831168831168832     
  0.8441558      0.844155844155845     
  0.8571429      0.857142857142858     
  0.8701299      0.870129870129871     
  0.8831169      0.883116883116884     
  0.8961039      0.896103896103897     
  0.9090909      0.909090909090909     
  0.9220779      0.922077922077922     
  0.9350649      0.935064935064935     
  0.9480519      0.948051948051948     
  0.9610389      0.961038961038961     
  0.9740260      0.974025974025974     
  0.9870130      0.987012987012987     
   1.000000       1.00000000000000     
