  1.2048192E-02  1.204819232225418E-002
  2.4096385E-02  2.409638464450836E-002
  3.6144577E-02  3.614457696676254E-002
  4.8192769E-02  4.819276928901672E-002
  6.0240965E-02  6.024096161127090E-002
  7.2289154E-02  7.228915393352509E-002
  8.4337346E-02  8.433734625577927E-002
  9.6385539E-02  9.638553857803345E-002
  0.1084337      0.108433730900288     
  0.1204819      0.120481923222542     
  0.1325301      0.132530122995377     
  0.1445783      0.144578307867050     
  0.1566265      0.156626492738724     
  0.1686747      0.168674692511559     
  0.1807229      0.180722892284393     
  0.1927711      0.192771077156067     
  0.2048193      0.204819262027740     
  0.2168675      0.216867461800575     
  0.2289157      0.228915661573410     
  0.2409639      0.240963846445084     
  0.2530121      0.253012031316757     
  0.2650602      0.265060245990753     
  0.2771084      0.277108430862427     
  0.2891566      0.289156615734100     
  0.3012048      0.301204800605774     
  0.3132530      0.313252985477448     
  0.3253012      0.325301200151443     
  0.3373494      0.337349385023117     
  0.3493976      0.349397569894791     
  0.3614458      0.361445784568787     
  0.3734940      0.373493969440460     
  0.3855422      0.385542154312134     
  0.3975904      0.397590339183807     
  0.4096386      0.409638524055481     
  0.4216867      0.421686738729477     
  0.4337350      0.433734923601151     
  0.4457831      0.445783108472824     
  0.4578313      0.457831323146820     
  0.4698795      0.469879508018494     
  0.4819277      0.481927692890167     
  0.4939759      0.493975877761841     
  0.5060241      0.506024062633514     
  0.5180723      0.518072247505188     
  0.5301205      0.530120491981506     
  0.5421687      0.542168676853180     
  0.5542169      0.554216861724854     
  0.5662650      0.566265046596527     
  0.5783132      0.578313231468201     
  0.5903614      0.590361416339874     
  0.6024097      0.602409601211548     
  0.6144578      0.614457786083221     
  0.6265060      0.626505970954895     
  0.6385542      0.638554215431213     
  0.6506024      0.650602400302887     
  0.6626506      0.662650585174561     
  0.6746988      0.674698770046234     
  0.6867470      0.686746954917908     
  0.6987952      0.698795139789581     
  0.7108434      0.710843324661255     
  0.7228916      0.722891569137573     
  0.7349398      0.734939754009247     
  0.7469879      0.746987938880920     
  0.7590361      0.759036123752594     
  0.7710843      0.771084308624268     
  0.7831326      0.783132493495941     
  0.7951807      0.795180678367615     
  0.8072289      0.807228863239288     
  0.8192771      0.819277048110962     
  0.8313253      0.831325292587280     
  0.8433735      0.843373477458954     
  0.8554217      0.855421662330627     
  0.8674699      0.867469847202301     
  0.8795181      0.879518032073975     
  0.8915663      0.891566216945648     
  0.9036145      0.903614401817322     
  0.9156626      0.915662646293640     
  0.9277108      0.927710831165314     
  0.9397590      0.939759016036987     
  0.9518072      0.951807200908661     
  0.9638554      0.963855385780334     
  0.9759036      0.975903630256653     
  0.9879518      0.987951815128326     
   1.000000       1.00000000000000     
