  2.0833334E-02  0.000000000000000000000000000000000E+0000
  4.1666668E-02  4.166666666666666666666666666666653E-0002
  6.2500000E-02  6.249999999999999999999999999999980E-0002
  8.3333336E-02  8.333333333333333333333333333333305E-0002
  0.1041667      0.104166666666666666666666666666666      
  0.1250000      0.125000000000000000000000000000000      
  0.1458333      0.145833333333333333333333333333333      
  0.1666667      0.166666666666666666666666666666666      
  0.1875000      0.187499999999999999999999999999999      
  0.2083333      0.208333333333333333333333333333333      
  0.2291667      0.229166666666666666666666666666666      
  0.2500000      0.249999999999999999999999999999999      
  0.2708333      0.270833333333333333333333333333332      
  0.2916667      0.291666666666666666666666666666666      
  0.3125000      0.312499999999999999999999999999999      
  0.3333333      0.333333333333333333333333333333332      
  0.3541667      0.354166666666666666666666666666666      
  0.3750000      0.374999999999999999999999999999999      
  0.3958333      0.395833333333333333333333333333332      
  0.4166667      0.416666666666666666666666666666665      
  0.4375000      0.437499999999999999999999999999999      
  0.4583333      0.458333333333333333333333333333332      
  0.4791667      0.479166666666666666666666666666665      
  0.5000000      0.499999999999999999999999999999999      
  0.5208333      0.520833333333333333333333333333332      
  0.5416667      0.541666666666666666666666666666665      
  0.5625000      0.562499999999999999999999999999998      
  0.5833333      0.583333333333333333333333333333332      
  0.6041667      0.604166666666666666666666666666665      
  0.6250000      0.624999999999999999999999999999999      
  0.6458333      0.645833333333333333333333333333332      
  0.6666667      0.666666666666666666666666666666665      
  0.6875000      0.687499999999999999999999999999999      
  0.7083333      0.708333333333333333333333333333332      
  0.7291667      0.729166666666666666666666666666665      
  0.7500000      0.749999999999999999999999999999999      
  0.7708333      0.770833333333333333333333333333332      
  0.7916667      0.791666666666666666666666666666666      
  0.8125000      0.812499999999999999999999999999999      
  0.8333333      0.833333333333333333333333333333333      
  0.8541667      0.854166666666666666666666666666666      
  0.8750000      0.875000000000000000000000000000000      
  0.8958333      0.895833333333333333333333333333333      
  0.9166667      0.916666666666666666666666666666667      
  0.9375000      0.937500000000000000000000000000000      
  0.9583333      0.958333333333333333333333333333333      
  0.9791667      0.979166666666666666666666666666667      
   1.000000       1.00000000000000000000000000000000      
