  1.2048192E-02  0.000000000000000E+000
  2.4096385E-02  2.409638554216842E-002
  3.6144577E-02  3.614457831325263E-002
  4.8192769E-02  4.819277108433683E-002
  6.0240965E-02  6.024096385542099E-002
  7.2289154E-02  7.228915662650526E-002
  8.4337346E-02  8.433734939758948E-002
  9.6385539E-02  9.638554216867365E-002
  0.1084337      0.108433734939758     
  0.1204819      0.120481927710842     
  0.1325301      0.132530120481926     
  0.1445783      0.144578313253010     
  0.1566265      0.156626506024095     
  0.1686747      0.168674698795179     
  0.1807229      0.180722891566263     
  0.1927711      0.192771084337347     
  0.2048193      0.204819277108431     
  0.2168675      0.216867469879515     
  0.2289157      0.228915662650600     
  0.2409639      0.240963855421684     
  0.2530121      0.253012048192768     
  0.2650602      0.265060240963852     
  0.2771084      0.277108433734936     
  0.2891566      0.289156626506020     
  0.3012048      0.301204819277104     
  0.3132530      0.313253012048188     
  0.3253012      0.325301204819273     
  0.3373494      0.337349397590357     
  0.3493976      0.349397590361441     
  0.3614458      0.361445783132525     
  0.3734940      0.373493975903609     
  0.3855422      0.385542168674693     
  0.3975904      0.397590361445778     
  0.4096386      0.409638554216862     
  0.4216867      0.421686746987946     
  0.4337350      0.433734939759030     
  0.4457831      0.445783132530115     
  0.4578313      0.457831325301198     
  0.4698795      0.469879518072283     
  0.4819277      0.481927710843367     
  0.4939759      0.493975903614451     
  0.5060241      0.506024096385535     
  0.5180723      0.518072289156619     
  0.5301205      0.530120481927704     
  0.5421687      0.542168674698788     
  0.5542169      0.554216867469872     
  0.5662650      0.566265060240956     
  0.5783132      0.578313253012041     
  0.5903614      0.590361445783125     
  0.6024097      0.602409638554209     
  0.6144578      0.614457831325294     
  0.6265060      0.626506024096378     
  0.6385542      0.638554216867462     
  0.6506024      0.650602409638547     
  0.6626506      0.662650602409631     
  0.6746988      0.674698795180716     
  0.6867470      0.686746987951800     
  0.6987952      0.698795180722885     
  0.7108434      0.710843373493969     
  0.7228916      0.722891566265054     
  0.7349398      0.734939759036138     
  0.7469879      0.746987951807222     
  0.7590361      0.759036144578307     
  0.7710843      0.771084337349392     
  0.7831326      0.783132530120476     
  0.7951807      0.795180722891561     
  0.8072289      0.807228915662645     
  0.8192771      0.819277108433730     
  0.8313253      0.831325301204815     
  0.8433735      0.843373493975899     
  0.8554217      0.855421686746984     
  0.8674699      0.867469879518069     
  0.8795181      0.879518072289153     
  0.8915663      0.891566265060238     
  0.9036145      0.903614457831323     
  0.9156626      0.915662650602407     
  0.9277108      0.927710843373492     
  0.9397590      0.939759036144576     
  0.9518072      0.951807228915661     
  0.9638554      0.963855421686746     
  0.9759036      0.975903614457830     
  0.9879518      0.987951807228915     
   1.000000       1.00000000000000     
