  3.7037037E-02  3.7037037E-02
  7.4074075E-02  7.4074075E-02
  0.1111111      0.1111111    
  0.1481481      0.1481481    
  0.1851852      0.1851852    
  0.2222222      0.2222222    
  0.2592593      0.2592593    
  0.2962963      0.2962963    
  0.3333333      0.3333333    
  0.3703704      0.3703704    
  0.4074074      0.4074074    
  0.4444444      0.4444444    
  0.4814815      0.4814815    
  0.5185185      0.5185185    
  0.5555556      0.5555556    
  0.5925926      0.5925926    
  0.6296296      0.6296296    
  0.6666667      0.6666667    
  0.7037037      0.7037037    
  0.7407407      0.7407408    
  0.7777778      0.7777778    
  0.8148148      0.8148148    
  0.8518519      0.8518519    
  0.8888889      0.8888889    
  0.9259259      0.9259259    
  0.9629630      0.9629630    
   1.000000       1.000000    
