  2.1276595E-02  2.127659507095813751220703125000000E-0002
  4.2553190E-02  4.255319014191627502441406250000000E-0002
  6.3829787E-02  6.382978707551956176757812500000000E-0002
  8.5106380E-02  8.510638028383255004882812500000000E-0002
  0.1063830      0.106382980942726135253906250000000      
  0.1276596      0.127659574151039123535156250000000      
  0.1489362      0.148936167359352111816406250000000      
  0.1702128      0.170212760567665100097656250000000      
  0.1914894      0.191489368677139282226562500000000      
  0.2127660      0.212765961885452270507812500000000      
  0.2340426      0.234042555093765258789062500000000      
  0.2553191      0.255319148302078247070312500000000      
  0.2765957      0.276595741510391235351562500000000      
  0.2978723      0.297872334718704223632812500000000      
  0.3191489      0.319148927927017211914062500000000      
  0.3404255      0.340425521135330200195312500000000      
  0.3617021      0.361702114343643188476562500000000      
  0.3829787      0.382978737354278564453125000000000      
  0.4042553      0.404255330562591552734375000000000      
  0.4255319      0.425531923770904541015625000000000      
  0.4468085      0.446808516979217529296875000000000      
  0.4680851      0.468085110187530517578125000000000      
  0.4893617      0.489361703395843505859375000000000      
  0.5106383      0.510638296604156494140625000000000      
  0.5319149      0.531914889812469482421875000000000      
  0.5531915      0.553191483020782470703125000000000      
  0.5744681      0.574468076229095458984375000000000      
  0.5957447      0.595744669437408447265625000000000      
  0.6170213      0.617021262645721435546875000000000      
  0.6382979      0.638297855854034423828125000000000      
  0.6595744      0.659574449062347412109375000000000      
  0.6808510      0.680851042270660400390625000000000      
  0.7021276      0.702127635478973388671875000000000      
  0.7234042      0.723404228687286376953125000000000      
  0.7446808      0.744680821895599365234375000000000      
  0.7659575      0.765957474708557128906250000000000      
  0.7872341      0.787234067916870117187500000000000      
  0.8085107      0.808510661125183105468750000000000      
  0.8297873      0.829787254333496093750000000000000      
  0.8510638      0.851063847541809082031250000000000      
  0.8723404      0.872340440750122070312500000000000      
  0.8936170      0.893617033958435058593750000000000      
  0.9148936      0.914893627166748046875000000000000      
  0.9361702      0.936170220375061035156250000000000      
  0.9574468      0.957446813583374023437500000000000      
  0.9787234      0.978723406791687011718750000000000      
   1.000000       1.00000000000000000000000000000000      
