  1.8867925E-02  1.886792480945587158203125000000000E-0002
  3.7735850E-02  3.773584961891174316406250000000000E-0002
  5.6603774E-02  5.660377442836761474609375000000000E-0002
  7.5471699E-02  7.547169923782348632812500000000000E-0002
  9.4339624E-02  9.433962404727935791015625000000000E-0002
  0.1132075      0.113207548856735229492187500000000      
  0.1320755      0.132075473666191101074218750000000      
  0.1509434      0.150943398475646972656250000000000      
  0.1698113      0.169811323285102844238281250000000      
  0.1886792      0.188679248094558715820312500000000      
  0.2075472      0.207547172904014587402343750000000      
  0.2264151      0.226415097713470458984375000000000      
  0.2452830      0.245283022522926330566406250000000      
  0.2641509      0.264150947332382202148437500000000      
  0.2830189      0.283018857240676879882812500000000      
  0.3018868      0.301886796951293945312500000000000      
  0.3207547      0.320754706859588623046875000000000      
  0.3396226      0.339622646570205688476562500000000      
  0.3584906      0.358490556478500366210937500000000      
  0.3773585      0.377358496189117431640625000000000      
  0.3962264      0.396226406097412109375000000000000      
  0.4150943      0.415094345808029174804687500000000      
  0.4339623      0.433962255716323852539062500000000      
  0.4528302      0.452830195426940917968750000000000      
  0.4716981      0.471698105335235595703125000000000      
  0.4905660      0.490566045045852661132812500000000      
  0.5094340      0.509433984756469726562500000000000      
  0.5283019      0.528301894664764404296875000000000      
  0.5471698      0.547169804573059082031250000000000      
  0.5660377      0.566037714481353759765625000000000      
  0.5849057      0.584905683994293212890625000000000      
  0.6037736      0.603773593902587890625000000000000      
  0.6226415      0.622641503810882568359375000000000      
  0.6415094      0.641509413719177246093750000000000      
  0.6603774      0.660377383232116699218750000000000      
  0.6792453      0.679245293140411376953125000000000      
  0.6981132      0.698113203048706054687500000000000      
  0.7169811      0.716981112957000732421875000000000      
  0.7358491      0.735849082469940185546875000000000      
  0.7547170      0.754716992378234863281250000000000      
  0.7735849      0.773584902286529541015625000000000      
  0.7924528      0.792452812194824218750000000000000      
  0.8113208      0.811320781707763671875000000000000      
  0.8301887      0.830188691616058349609375000000000      
  0.8490566      0.849056601524353027343750000000000      
  0.8679245      0.867924511432647705078125000000000      
  0.8867925      0.886792480945587158203125000000000      
  0.9056604      0.905660390853881835937500000000000      
  0.9245283      0.924528300762176513671875000000000      
  0.9433962      0.943396210670471191406250000000000      
  0.9622642      0.962264180183410644531250000000000      
  0.9811321      0.981132090091705322265625000000000      
   1.000000       1.00000000000000000000000000000000      
