  2.7027028E-02  0.0000000E+00
  5.4054055E-02  5.4054208E-02
  8.1081077E-02  8.1081301E-02
  0.1081081      0.1081084    
  0.1351351      0.1351355    
  0.1621622      0.1621626    
  0.1891892      0.1891896    
  0.2162162      0.2162167    
  0.2432432      0.2432438    
  0.2702703      0.2702708    
  0.2972973      0.2972978    
  0.3243243      0.3243248    
  0.3513514      0.3513520    
  0.3783784      0.3783790    
  0.4054054      0.4054062    
  0.4324324      0.4324332    
  0.4594595      0.4594603    
  0.4864865      0.4864874    
  0.5135135      0.5135145    
  0.5405405      0.5405414    
  0.5675676      0.5675687    
  0.5945946      0.5945956    
  0.6216216      0.6216226    
  0.6486486      0.6486498    
  0.6756757      0.6756768    
  0.7027027      0.7027038    
  0.7297297      0.7297308    
  0.7567568      0.7567577    
  0.7837838      0.7837849    
  0.8108108      0.8108118    
  0.8378378      0.8378388    
  0.8648649      0.8648658    
  0.8918919      0.8918927    
  0.9189189      0.9189197    
  0.9459459      0.9459465    
  0.9729730      0.9729733    
   1.000000       1.000000    
