  3.3333335E-02  0.000000000000000000000000000000000E+0000
  6.6666670E-02  6.666666666666666666666666666666677E-0002
  0.1000000      0.100000000000000000000000000000000      
  0.1333333      0.133333333333333333333333333333334      
  0.1666667      0.166666666666666666666666666666667      
  0.2000000      0.200000000000000000000000000000000      
  0.2333333      0.233333333333333333333333333333334      
  0.2666667      0.266666666666666666666666666666667      
  0.3000000      0.300000000000000000000000000000001      
  0.3333333      0.333333333333333333333333333333334      
  0.3666667      0.366666666666666666666666666666667      
  0.4000000      0.400000000000000000000000000000001      
  0.4333333      0.433333333333333333333333333333334      
  0.4666667      0.466666666666666666666666666666667      
  0.5000000      0.500000000000000000000000000000001      
  0.5333334      0.533333333333333333333333333333334      
  0.5666667      0.566666666666666666666666666666668      
  0.6000000      0.600000000000000000000000000000001      
  0.6333333      0.633333333333333333333333333333334      
  0.6666667      0.666666666666666666666666666666668      
  0.7000000      0.700000000000000000000000000000001      
  0.7333333      0.733333333333333333333333333333334      
  0.7666667      0.766666666666666666666666666666668      
  0.8000000      0.800000000000000000000000000000001      
  0.8333333      0.833333333333333333333333333333334      
  0.8666667      0.866666666666666666666666666666667      
  0.9000000      0.900000000000000000000000000000000      
  0.9333333      0.933333333333333333333333333333334      
  0.9666666      0.966666666666666666666666666666667      
   1.000000       1.00000000000000000000000000000000      
