  1.3888889E-02  1.388888806104660E-002
  2.7777778E-02  2.777777612209320E-002
  4.1666668E-02  4.166666418313980E-002
  5.5555556E-02  5.555555224418640E-002
  6.9444448E-02  6.944444030523300E-002
  8.3333336E-02  8.333332836627960E-002
  9.7222224E-02  9.722221642732620E-002
  0.1111111      0.111111104488373     
  0.1250000      0.124999992549419     
  0.1388889      0.138888880610466     
  0.1527778      0.152777761220932     
  0.1666667      0.166666656732559     
  0.1805556      0.180555552244186     
  0.1944444      0.194444432854652     
  0.2083333      0.208333313465118     
  0.2222222      0.222222208976746     
  0.2361111      0.236111104488373     
  0.2500000      0.249999985098839     
  0.2638889      0.263888865709305     
  0.2777778      0.277777761220932     
  0.2916667      0.291666656732559     
  0.3055556      0.305555522441864     
  0.3194444      0.319444417953491     
  0.3333333      0.333333313465118     
  0.3472222      0.347222208976746     
  0.3611111      0.361111104488373     
  0.3750000      0.374999970197678     
  0.3888889      0.388888865709305     
  0.4027778      0.402777761220932     
  0.4166667      0.416666626930237     
  0.4305556      0.430555522441864     
  0.4444444      0.444444417953491     
  0.4583333      0.458333313465118     
  0.4722222      0.472222208976746     
  0.4861111      0.486111074686050     
  0.5000000      0.499999970197678     
  0.5138889      0.513888835906982     
  0.5277778      0.527777731418610     
  0.5416667      0.541666626930237     
  0.5555556      0.555555522441864     
  0.5694444      0.569444417953491     
  0.5833333      0.583333313465118     
  0.5972222      0.597222208976746     
  0.6111111      0.611111044883728     
  0.6250000      0.624999940395355     
  0.6388889      0.638888835906982     
  0.6527778      0.652777731418610     
  0.6666667      0.666666626930237     
  0.6805556      0.680555522441864     
  0.6944444      0.694444417953491     
  0.7083333      0.708333313465118     
  0.7222222      0.722222208976746     
  0.7361111      0.736111044883728     
  0.7500000      0.749999940395355     
  0.7638889      0.763888835906982     
  0.7777778      0.777777731418610     
  0.7916667      0.791666626930237     
  0.8055556      0.805555522441864     
  0.8194444      0.819444417953491     
  0.8333333      0.833333253860474     
  0.8472222      0.847222149372101     
  0.8611111      0.861111044883728     
  0.8750000      0.874999940395355     
  0.8888889      0.888888835906982     
  0.9027778      0.902777731418610     
  0.9166667      0.916666626930237     
  0.9305556      0.930555522441864     
  0.9444444      0.944444417953491     
  0.9583333      0.958333253860474     
  0.9722222      0.972222149372101     
  0.9861111      0.986111044883728     
   1.000000      0.999999940395355     
