  1.7543860E-02  0.000000000000000000000000000000000E+0000
  3.5087720E-02  3.508771929824561403508771929824554E-0002
  5.2631579E-02  5.263157894736842105263157894736833E-0002
  7.0175439E-02  7.017543859649122807017543859649107E-0002
  8.7719299E-02  8.771929824561403508771929824561390E-0002
  0.1052632      0.105263157894736842105263157894737      
  0.1228070      0.122807017543859649122807017543859      
  0.1403509      0.140350877192982456140350877192982      
  0.1578947      0.157894736842105263157894736842105      
  0.1754386      0.175438596491228070175438596491228      
  0.1929825      0.192982456140350877192982456140351      
  0.2105263      0.210526315789473684210526315789473      
  0.2280702      0.228070175438596491228070175438596      
  0.2456140      0.245614035087719298245614035087719      
  0.2631579      0.263157894736842105263157894736841      
  0.2807018      0.280701754385964912280701754385964      
  0.2982456      0.298245614035087719298245614035087      
  0.3157895      0.315789473684210526315789473684210      
  0.3333333      0.333333333333333333333333333333333      
  0.3508772      0.350877192982456140350877192982456      
  0.3684210      0.368421052631578947368421052631578      
  0.3859649      0.385964912280701754385964912280701      
  0.4035088      0.403508771929824561403508771929824      
  0.4210526      0.421052631578947368421052631578947      
  0.4385965      0.438596491228070175438596491228069      
  0.4561403      0.456140350877192982456140350877192      
  0.4736842      0.473684210526315789473684210526315      
  0.4912281      0.491228070175438596491228070175438      
  0.5087720      0.508771929824561403508771929824561      
  0.5263158      0.526315789473684210526315789473683      
  0.5438597      0.543859649122807017543859649122806      
  0.5614035      0.561403508771929824561403508771929      
  0.5789474      0.578947368421052631578947368421052      
  0.5964912      0.596491228070175438596491228070175      
  0.6140351      0.614035087719298245614035087719297      
  0.6315789      0.631578947368421052631578947368420      
  0.6491228      0.649122807017543859649122807017543      
  0.6666667      0.666666666666666666666666666666666      
  0.6842105      0.684210526315789473684210526315789      
  0.7017544      0.701754385964912280701754385964912      
  0.7192982      0.719298245614035087719298245614034      
  0.7368421      0.736842105263157894736842105263157      
  0.7543859      0.754385964912280701754385964912280      
  0.7719298      0.771929824561403508771929824561403      
  0.7894737      0.789473684210526315789473684210526      
  0.8070176      0.807017543859649122807017543859648      
  0.8245614      0.824561403508771929824561403508771      
  0.8421053      0.842105263157894736842105263157894      
  0.8596491      0.859649122807017543859649122807017      
  0.8771930      0.877192982456140350877192982456140      
  0.8947368      0.894736842105263157894736842105263      
  0.9122807      0.912280701754385964912280701754385      
  0.9298246      0.929824561403508771929824561403508      
  0.9473684      0.947368421052631578947368421052631      
  0.9649123      0.964912280701754385964912280701754      
  0.9824561      0.982456140350877192982456140350877      
   1.000000       1.00000000000000000000000000000000      
