  1.1111111E-02  1.111111044883728E-002
  2.2222223E-02  2.222222089767456E-002
  3.3333335E-02  3.333333134651184E-002
  4.4444446E-02  4.444444179534912E-002
  5.5555556E-02  5.555555224418640E-002
  6.6666670E-02  6.666666269302368E-002
  7.7777781E-02  7.777777314186096E-002
  8.8888891E-02  8.888888359069824E-002
  0.1000000      9.999999403953552E-002
  0.1111111      0.111111104488373     
  0.1222222      0.122222214937210     
  0.1333333      0.133333325386047     
  0.1444445      0.144444435834885     
  0.1555556      0.155555546283722     
  0.1666667      0.166666656732559     
  0.1777778      0.177777767181396     
  0.1888889      0.188888877630234     
  0.2000000      0.199999988079071     
  0.2111111      0.211111098527908     
  0.2222222      0.222222208976746     
  0.2333333      0.233333319425583     
  0.2444444      0.244444429874420     
  0.2555556      0.255555540323257     
  0.2666667      0.266666650772095     
  0.2777778      0.277777761220932     
  0.2888889      0.288888871669769     
  0.3000000      0.299999982118607     
  0.3111111      0.311111092567444     
  0.3222222      0.322222203016281     
  0.3333333      0.333333313465118     
  0.3444445      0.344444423913956     
  0.3555556      0.355555534362793     
  0.3666667      0.366666644811630     
  0.3777778      0.377777755260468     
  0.3888889      0.388888865709305     
  0.4000000      0.399999976158142     
  0.4111111      0.411111086606979     
  0.4222222      0.422222197055817     
  0.4333333      0.433333307504654     
  0.4444444      0.444444417953491     
  0.4555556      0.455555528402328     
  0.4666667      0.466666638851166     
  0.4777778      0.477777749300003     
  0.4888889      0.488888859748840     
  0.5000000      0.499999970197678     
  0.5111111      0.511111080646515     
  0.5222222      0.522222161293030     
  0.5333334      0.533333301544189     
  0.5444444      0.544444441795349     
  0.5555556      0.555555522441864     
  0.5666667      0.566666603088379     
  0.5777778      0.577777743339539     
  0.5888889      0.588888883590698     
  0.6000000      0.599999964237213     
  0.6111111      0.611111044883728     
  0.6222222      0.622222185134888     
  0.6333333      0.633333325386047     
  0.6444445      0.644444406032562     
  0.6555555      0.655555486679077     
  0.6666667      0.666666626930237     
  0.6777778      0.677777767181396     
  0.6888889      0.688888847827911     
  0.7000000      0.699999928474426     
  0.7111111      0.711111068725586     
  0.7222222      0.722222208976746     
  0.7333333      0.733333289623260     
  0.7444444      0.744444370269775     
  0.7555556      0.755555510520935     
  0.7666667      0.766666650772095     
  0.7777778      0.777777731418610     
  0.7888889      0.788888812065125     
  0.8000000      0.799999952316284     
  0.8111111      0.811111092567444     
  0.8222222      0.822222173213959     
  0.8333333      0.833333253860474     
  0.8444445      0.844444394111633     
  0.8555555      0.855555534362793     
  0.8666667      0.866666615009308     
  0.8777778      0.877777695655823     
  0.8888889      0.888888835906982     
  0.9000000      0.899999976158142     
  0.9111111      0.911111056804657     
  0.9222222      0.922222137451172     
  0.9333333      0.933333277702332     
  0.9444444      0.944444417953491     
  0.9555556      0.955555498600006     
  0.9666666      0.966666579246521     
  0.9777778      0.977777719497681     
  0.9888889      0.988888859748840     
   1.000000       1.00000000000000     
