  1.3888889E-02  0.000000000000000000000000000000000E+0000
  2.7777778E-02  2.777777777777777777777777777777784E-0002
  4.1666668E-02  4.166666666666666666666666666666675E-0002
  5.5555556E-02  5.555555555555555555555555555555569E-0002
  6.9444448E-02  6.944444444444444444444444444444454E-0002
  8.3333336E-02  8.333333333333333333333333333333351E-0002
  9.7222224E-02  9.722222222222222222222222222222242E-0002
  0.1111111      0.111111111111111111111111111111111      
  0.1250000      0.125000000000000000000000000000000      
  0.1388889      0.138888888888888888888888888888889      
  0.1527778      0.152777777777777777777777777777778      
  0.1666667      0.166666666666666666666666666666667      
  0.1805556      0.180555555555555555555555555555556      
  0.1944444      0.194444444444444444444444444444445      
  0.2083333      0.208333333333333333333333333333334      
  0.2222222      0.222222222222222222222222222222223      
  0.2361111      0.236111111111111111111111111111111      
  0.2500000      0.250000000000000000000000000000000      
  0.2638889      0.263888888888888888888888888888889      
  0.2777778      0.277777777777777777777777777777778      
  0.2916667      0.291666666666666666666666666666667      
  0.3055556      0.305555555555555555555555555555556      
  0.3194444      0.319444444444444444444444444444445      
  0.3333333      0.333333333333333333333333333333334      
  0.3472222      0.347222222222222222222222222222223      
  0.3611111      0.361111111111111111111111111111111      
  0.3750000      0.375000000000000000000000000000000      
  0.3888889      0.388888888888888888888888888888889      
  0.4027778      0.402777777777777777777777777777778      
  0.4166667      0.416666666666666666666666666666666      
  0.4305556      0.430555555555555555555555555555556      
  0.4444444      0.444444444444444444444444444444444      
  0.4583333      0.458333333333333333333333333333333      
  0.4722222      0.472222222222222222222222222222222      
  0.4861111      0.486111111111111111111111111111111      
  0.5000000      0.500000000000000000000000000000000      
  0.5138889      0.513888888888888888888888888888889      
  0.5277778      0.527777777777777777777777777777778      
  0.5416667      0.541666666666666666666666666666667      
  0.5555556      0.555555555555555555555555555555556      
  0.5694444      0.569444444444444444444444444444445      
  0.5833333      0.583333333333333333333333333333334      
  0.5972222      0.597222222222222222222222222222223      
  0.6111111      0.611111111111111111111111111111112      
  0.6250000      0.625000000000000000000000000000001      
  0.6388889      0.638888888888888888888888888888890      
  0.6527778      0.652777777777777777777777777777779      
  0.6666667      0.666666666666666666666666666666668      
  0.6805556      0.680555555555555555555555555555557      
  0.6944444      0.694444444444444444444444444444446      
  0.7083333      0.708333333333333333333333333333335      
  0.7222222      0.722222222222222222222222222222223      
  0.7361111      0.736111111111111111111111111111112      
  0.7500000      0.750000000000000000000000000000001      
  0.7638889      0.763888888888888888888888888888890      
  0.7777778      0.777777777777777777777777777777779      
  0.7916667      0.791666666666666666666666666666668      
  0.8055556      0.805555555555555555555555555555556      
  0.8194444      0.819444444444444444444444444444445      
  0.8333333      0.833333333333333333333333333333334      
  0.8472222      0.847222222222222222222222222222223      
  0.8611111      0.861111111111111111111111111111112      
  0.8750000      0.875000000000000000000000000000001      
  0.8888889      0.888888888888888888888888888888889      
  0.9027778      0.902777777777777777777777777777778      
  0.9166667      0.916666666666666666666666666666667      
  0.9305556      0.930555555555555555555555555555556      
  0.9444444      0.944444444444444444444444444444444      
  0.9583333      0.958333333333333333333333333333333      
  0.9722222      0.972222222222222222222222222222222      
  0.9861111      0.986111111111111111111111111111111      
   1.000000       1.00000000000000000000000000000000      
