  3.0303031E-02  0.000000000000000000000000000000000E+0000
  6.0606062E-02  6.060606060606060606060606060606061E-0002
  9.0909094E-02  9.090909090909090909090909090909097E-0002
  0.1212121      0.121212121212121212121212121212121      
  0.1515152      0.151515151515151515151515151515152      
  0.1818182      0.181818181818181818181818181818182      
  0.2121212      0.212121212121212121212121212121212      
  0.2424242      0.242424242424242424242424242424242      
  0.2727273      0.272727272727272727272727272727273      
  0.3030303      0.303030303030303030303030303030303      
  0.3333333      0.333333333333333333333333333333333      
  0.3636364      0.363636363636363636363636363636364      
  0.3939394      0.393939393939393939393939393939394      
  0.4242424      0.424242424242424242424242424242425      
  0.4545455      0.454545454545454545454545454545455      
  0.4848485      0.484848484848484848484848484848485      
  0.5151515      0.515151515151515151515151515151515      
  0.5454546      0.545454545454545454545454545454546      
  0.5757576      0.575757575757575757575757575757576      
  0.6060606      0.606060606060606060606060606060606      
  0.6363636      0.636363636363636363636363636363637      
  0.6666667      0.666666666666666666666666666666667      
  0.6969697      0.696969696969696969696969696969697      
  0.7272727      0.727272727272727272727272727272728      
  0.7575758      0.757575757575757575757575757575758      
  0.7878788      0.787878787878787878787878787878788      
  0.8181818      0.818181818181818181818181818181819      
  0.8484849      0.848484848484848484848484848484849      
  0.8787879      0.878787878787878787878787878787879      
  0.9090909      0.909090909090909090909090909090910      
  0.9393939      0.939393939393939393939393939393940      
  0.9696970      0.969696969696969696969696969696970      
   1.000000       1.00000000000000000000000000000000      
