  1.6393442E-02  0.000000000000000E+000
  3.2786883E-02  3.278688524590186E-002
  4.9180329E-02  4.918032786885279E-002
  6.5573767E-02  6.557377049180377E-002
  8.1967212E-02  8.196721311475465E-002
  9.8360658E-02  9.836065573770558E-002
  0.1147541      0.114754098360656     
  0.1311475      0.131147540983607     
  0.1475410      0.147540983606558     
  0.1639344      0.163934426229509     
  0.1803279      0.180327868852460     
  0.1967213      0.196721311475411     
  0.2131148      0.213114754098362     
  0.2295082      0.229508196721313     
  0.2459016      0.245901639344263     
  0.2622951      0.262295081967214     
  0.2786885      0.278688524590165     
  0.2950820      0.295081967213116     
  0.3114754      0.311475409836067     
  0.3278688      0.327868852459018     
  0.3442623      0.344262295081969     
  0.3606557      0.360655737704919     
  0.3770492      0.377049180327870     
  0.3934426      0.393442622950821     
  0.4098361      0.409836065573772     
  0.4262295      0.426229508196723     
  0.4426230      0.442622950819674     
  0.4590164      0.459016393442625     
  0.4754098      0.475409836065576     
  0.4918033      0.491803278688526     
  0.5081967      0.508196721311478     
  0.5245901      0.524590163934428     
  0.5409836      0.540983606557379     
  0.5573770      0.557377049180330     
  0.5737705      0.573770491803281     
  0.5901639      0.590163934426232     
  0.6065574      0.606557377049182     
  0.6229508      0.622950819672133     
  0.6393443      0.639344262295084     
  0.6557377      0.655737704918035     
  0.6721311      0.672131147540986     
  0.6885246      0.688524590163936     
  0.7049180      0.704918032786887     
  0.7213115      0.721311475409838     
  0.7377049      0.737704918032789     
  0.7540984      0.754098360655740     
  0.7704918      0.770491803278691     
  0.7868853      0.786885245901641     
  0.8032787      0.803278688524592     
  0.8196721      0.819672131147543     
  0.8360656      0.836065573770493     
  0.8524590      0.852459016393444     
  0.8688524      0.868852459016395     
  0.8852459      0.885245901639345     
  0.9016393      0.901639344262296     
  0.9180328      0.918032786885247     
  0.9344262      0.934426229508197     
  0.9508197      0.950819672131148     
  0.9672131      0.967213114754099     
  0.9836066      0.983606557377049     
   1.000000       1.00000000000000     
