  1.2658228E-02  0.000000000000000000000000000000000E+0000
  2.5316456E-02  2.531645569620253164556962025316448E-0002
  3.7974682E-02  3.797468354430379746835443037974670E-0002
  5.0632913E-02  5.063291139240506329113924050632896E-0002
  6.3291140E-02  6.329113924050632911392405063291117E-0002
  7.5949363E-02  7.594936708860759493670886075949339E-0002
  8.8607594E-02  8.860759493670886075949367088607562E-0002
  0.1012658      0.101265822784810126582278481012658      
  0.1139240      0.113924050632911392405063291139240      
  0.1265823      0.126582278481012658227848101265822      
  0.1392405      0.139240506329113924050632911392405      
  0.1518987      0.151898734177215189873417721518987      
  0.1645570      0.164556962025316455696202531645569      
  0.1772152      0.177215189873417721518987341772151      
  0.1898734      0.189873417721518987341772151898733      
  0.2025317      0.202531645569620253164556962025316      
  0.2151899      0.215189873417721518987341772151898      
  0.2278481      0.227848101265822784810126582278480      
  0.2405063      0.240506329113924050632911392405062      
  0.2531646      0.253164556962025316455696202531645      
  0.2658228      0.265822784810126582278481012658227      
  0.2784810      0.278481012658227848101265822784809      
  0.2911392      0.291139240506329113924050632911391      
  0.3037975      0.303797468354430379746835443037973      
  0.3164557      0.316455696202531645569620253164555      
  0.3291139      0.329113924050632911392405063291138      
  0.3417721      0.341772151898734177215189873417720      
  0.3544304      0.354430379746835443037974683544302      
  0.3670886      0.367088607594936708860759493670884      
  0.3797468      0.379746835443037974683544303797466      
  0.3924051      0.392405063291139240506329113924048      
  0.4050633      0.405063291139240506329113924050631      
  0.4177215      0.417721518987341772151898734177213      
  0.4303797      0.430379746835443037974683544303795      
  0.4430380      0.443037974683544303797468354430378      
  0.4556962      0.455696202531645569620253164556959      
  0.4683544      0.468354430379746835443037974683542      
  0.4810127      0.481012658227848101265822784810124      
  0.4936709      0.493670886075949367088607594936706      
  0.5063291      0.506329113924050632911392405063289      
  0.5189874      0.518987341772151898734177215189871      
  0.5316456      0.531645569620253164556962025316453      
  0.5443038      0.544303797468354430379746835443035      
  0.5569620      0.556962025316455696202531645569618      
  0.5696203      0.569620253164556962025316455696200      
  0.5822785      0.582278481012658227848101265822782      
  0.5949367      0.594936708860759493670886075949364      
  0.6075949      0.607594936708860759493670886075947      
  0.6202531      0.620253164556962025316455696202529      
  0.6329114      0.632911392405063291139240506329111      
  0.6455696      0.645569620253164556962025316455693      
  0.6582279      0.658227848101265822784810126582276      
  0.6708861      0.670886075949367088607594936708858      
  0.6835443      0.683544303797468354430379746835440      
  0.6962025      0.696202531645569620253164556962023      
  0.7088608      0.708860759493670886075949367088605      
  0.7215190      0.721518987341772151898734177215187      
  0.7341772      0.734177215189873417721518987341770      
  0.7468355      0.746835443037974683544303797468352      
  0.7594936      0.759493670886075949367088607594934      
  0.7721519      0.772151898734177215189873417721516      
  0.7848101      0.784810126582278481012658227848099      
  0.7974684      0.797468354430379746835443037974681      
  0.8101266      0.810126582278481012658227848101263      
  0.8227848      0.822784810126582278481012658227846      
  0.8354430      0.835443037974683544303797468354428      
  0.8481013      0.848101265822784810126582278481010      
  0.8607595      0.860759493670886075949367088607593      
  0.8734177      0.873417721518987341772151898734175      
  0.8860760      0.886075949367088607594936708860757      
  0.8987342      0.898734177215189873417721518987340      
  0.9113924      0.911392405063291139240506329113922      
  0.9240506      0.924050632911392405063291139240505      
  0.9367089      0.936708860759493670886075949367087      
  0.9493671      0.949367088607594936708860759493670      
  0.9620253      0.962025316455696202531645569620253      
  0.9746835      0.974683544303797468354430379746835      
  0.9873418      0.987341772151898734177215189873417      
   1.000000       1.00000000000000000000000000000000      
