  7.6923080E-02  7.692307978868484497070312500000000E-0002
  0.1538462      0.153846159577369689941406250000000      
  0.2307692      0.230769231915473937988281250000000      
  0.3076923      0.307692319154739379882812500000000      
  0.3846154      0.384615391492843627929687500000000      
  0.4615385      0.461538463830947875976562500000000      
  0.5384616      0.538461565971374511718750000000000      
  0.6153846      0.615384638309478759765625000000000      
  0.6923077      0.692307710647583007812500000000000      
  0.7692308      0.769230782985687255859375000000000      
  0.8461539      0.846153855323791503906250000000000      
  0.9230769      0.923076927661895751953125000000000      
   1.000000       1.00000000000000000000000000000000      
