  1.1111111E-02  0.000000000000000000000000000000000E+0000
  2.2222223E-02  2.222222222222222222222222222222226E-0002
  3.3333335E-02  3.333333333333333333333333333333341E-0002
  4.4444446E-02  4.444444444444444444444444444444452E-0002
  5.5555556E-02  5.555555555555555555555555555555566E-0002
  6.6666670E-02  6.666666666666666666666666666666679E-0002
  7.7777781E-02  7.777777777777777777777777777777795E-0002
  8.8888891E-02  8.888888888888888888888888888888904E-0002
  0.1000000      0.100000000000000000000000000000000      
  0.1111111      0.111111111111111111111111111111111      
  0.1222222      0.122222222222222222222222222222222      
  0.1333333      0.133333333333333333333333333333334      
  0.1444445      0.144444444444444444444444444444445      
  0.1555556      0.155555555555555555555555555555556      
  0.1666667      0.166666666666666666666666666666667      
  0.1777778      0.177777777777777777777777777777778      
  0.1888889      0.188888888888888888888888888888889      
  0.2000000      0.200000000000000000000000000000000      
  0.2111111      0.211111111111111111111111111111111      
  0.2222222      0.222222222222222222222222222222223      
  0.2333333      0.233333333333333333333333333333334      
  0.2444444      0.244444444444444444444444444444445      
  0.2555556      0.255555555555555555555555555555556      
  0.2666667      0.266666666666666666666666666666667      
  0.2777778      0.277777777777777777777777777777778      
  0.2888889      0.288888888888888888888888888888890      
  0.3000000      0.300000000000000000000000000000001      
  0.3111111      0.311111111111111111111111111111112      
  0.3222222      0.322222222222222222222222222222223      
  0.3333333      0.333333333333333333333333333333334      
  0.3444445      0.344444444444444444444444444444445      
  0.3555556      0.355555555555555555555555555555556      
  0.3666667      0.366666666666666666666666666666668      
  0.3777778      0.377777777777777777777777777777779      
  0.3888889      0.388888888888888888888888888888890      
  0.4000000      0.400000000000000000000000000000001      
  0.4111111      0.411111111111111111111111111111112      
  0.4222222      0.422222222222222222222222222222223      
  0.4333333      0.433333333333333333333333333333335      
  0.4444444      0.444444444444444444444444444444446      
  0.4555556      0.455555555555555555555555555555557      
  0.4666667      0.466666666666666666666666666666668      
  0.4777778      0.477777777777777777777777777777779      
  0.4888889      0.488888888888888888888888888888890      
  0.5000000      0.500000000000000000000000000000002      
  0.5111111      0.511111111111111111111111111111112      
  0.5222222      0.522222222222222222222222222222224      
  0.5333334      0.533333333333333333333333333333335      
  0.5444444      0.544444444444444444444444444444446      
  0.5555556      0.555555555555555555555555555555557      
  0.5666667      0.566666666666666666666666666666668      
  0.5777778      0.577777777777777777777777777777779      
  0.5888889      0.588888888888888888888888888888890      
  0.6000000      0.600000000000000000000000000000002      
  0.6111111      0.611111111111111111111111111111113      
  0.6222222      0.622222222222222222222222222222224      
  0.6333333      0.633333333333333333333333333333335      
  0.6444445      0.644444444444444444444444444444446      
  0.6555555      0.655555555555555555555555555555557      
  0.6666667      0.666666666666666666666666666666668      
  0.6777778      0.677777777777777777777777777777779      
  0.6888889      0.688888888888888888888888888888890      
  0.7000000      0.700000000000000000000000000000002      
  0.7111111      0.711111111111111111111111111111112      
  0.7222222      0.722222222222222222222222222222224      
  0.7333333      0.733333333333333333333333333333335      
  0.7444444      0.744444444444444444444444444444446      
  0.7555556      0.755555555555555555555555555555557      
  0.7666667      0.766666666666666666666666666666668      
  0.7777778      0.777777777777777777777777777777779      
  0.7888889      0.788888888888888888888888888888889      
  0.8000000      0.800000000000000000000000000000000      
  0.8111111      0.811111111111111111111111111111111      
  0.8222222      0.822222222222222222222222222222222      
  0.8333333      0.833333333333333333333333333333333      
  0.8444445      0.844444444444444444444444444444444      
  0.8555555      0.855555555555555555555555555555555      
  0.8666667      0.866666666666666666666666666666666      
  0.8777778      0.877777777777777777777777777777777      
  0.8888889      0.888888888888888888888888888888889      
  0.9000000      0.900000000000000000000000000000000      
  0.9111111      0.911111111111111111111111111111111      
  0.9222222      0.922222222222222222222222222222222      
  0.9333333      0.933333333333333333333333333333333      
  0.9444444      0.944444444444444444444444444444444      
  0.9555556      0.955555555555555555555555555555555      
  0.9666666      0.966666666666666666666666666666667      
  0.9777778      0.977777777777777777777777777777778      
  0.9888889      0.988888888888888888888888888888889      
   1.000000       1.00000000000000000000000000000000      
