  1.1904762E-02  1.190476119518280E-002
  2.3809524E-02  2.380952239036560E-002
  3.5714287E-02  3.571428358554840E-002
  4.7619049E-02  4.761904478073120E-002
  5.9523810E-02  5.952380597591400E-002
  7.1428575E-02  7.142856717109680E-002
  8.3333336E-02  8.333332836627960E-002
  9.5238097E-02  9.523808956146240E-002
  0.1071429      0.107142850756645     
  0.1190476      0.119047611951828     
  0.1309524      0.130952373147011     
  0.1428571      0.142857134342194     
  0.1547619      0.154761895537376     
  0.1666667      0.166666656732559     
  0.1785714      0.178571417927742     
  0.1904762      0.190476179122925     
  0.2023810      0.202380940318108     
  0.2142857      0.214285701513290     
  0.2261905      0.226190462708473     
  0.2380952      0.238095223903656     
  0.2500000      0.249999985098839     
  0.2619048      0.261904746294022     
  0.2738095      0.273809492588043     
  0.2857143      0.285714268684387     
  0.2976190      0.297619044780731     
  0.3095238      0.309523791074753     
  0.3214286      0.321428537368774     
  0.3333333      0.333333313465118     
  0.3452381      0.345238089561462     
  0.3571429      0.357142835855484     
  0.3690476      0.369047582149506     
  0.3809524      0.380952358245850     
  0.3928571      0.392857134342194     
  0.4047619      0.404761880636215     
  0.4166667      0.416666626930237     
  0.4285714      0.428571403026581     
  0.4404762      0.440476179122925     
  0.4523810      0.452380925416946     
  0.4642857      0.464285671710968     
  0.4761905      0.476190447807312     
  0.4880952      0.488095223903656     
  0.5000000      0.499999970197678     
  0.5119048      0.511904716491699     
  0.5238096      0.523809492588043     
  0.5357143      0.535714268684387     
  0.5476190      0.547618985176086     
  0.5595238      0.559523761272430     
  0.5714286      0.571428537368774     
  0.5833333      0.583333313465118     
  0.5952381      0.595238089561462     
  0.6071429      0.607142806053162     
  0.6190476      0.619047582149506     
  0.6309524      0.630952358245850     
  0.6428571      0.642857074737549     
  0.6547619      0.654761850833893     
  0.6666667      0.666666626930237     
  0.6785714      0.678571403026581     
  0.6904762      0.690476179122925     
  0.7023810      0.702380895614624     
  0.7142857      0.714285671710968     
  0.7261904      0.726190447807312     
  0.7380952      0.738095164299011     
  0.7500000      0.749999940395355     
  0.7619048      0.761904716491699     
  0.7738096      0.773809492588043     
  0.7857143      0.785714268684387     
  0.7976190      0.797618985176086     
  0.8095238      0.809523761272430     
  0.8214286      0.821428537368774     
  0.8333333      0.833333253860474     
  0.8452381      0.845238029956818     
  0.8571429      0.857142806053162     
  0.8690476      0.869047582149506     
  0.8809524      0.880952358245850     
  0.8928571      0.892857074737549     
  0.9047619      0.904761850833893     
  0.9166667      0.916666626930237     
  0.9285714      0.928571343421936     
  0.9404762      0.940476119518280     
  0.9523810      0.952380895614624     
  0.9642857      0.964285671710968     
  0.9761904      0.976190447807312     
  0.9880952      0.988095164299011     
   1.000000      0.999999940395355     
