  3.7037037E-02  3.703703731298447E-002
  7.4074075E-02  7.407407462596893E-002
  0.1111111      0.111111111938953     
  0.1481481      0.148148149251938     
  0.1851852      0.185185194015503     
  0.2222222      0.222222223877907     
  0.2592593      0.259259253740311     
  0.2962963      0.296296298503876     
  0.3333333      0.333333343267441     
  0.3703704      0.370370388031006     
  0.4074074      0.407407402992249     
  0.4444444      0.444444447755814     
  0.4814815      0.481481492519379     
  0.5185185      0.518518507480621     
  0.5555556      0.555555582046509     
  0.5925926      0.592592597007751     
  0.6296296      0.629629611968994     
  0.6666667      0.666666686534882     
  0.7037037      0.703703701496124     
  0.7407407      0.740740776062012     
  0.7777778      0.777777791023254     
  0.8148148      0.814814805984497     
  0.8518519      0.851851880550385     
  0.8888889      0.888888895511627     
  0.9259259      0.925925910472870     
  0.9629630      0.962962985038757     
   1.000000       1.00000000000000     
