  5.2631579E-02  0.0000000E+00
  0.1052632      0.1052633    
  0.1578947      0.1578949    
  0.2105263      0.2105265    
  0.2631579      0.2631582    
  0.3157895      0.3157898    
  0.3684210      0.3684214    
  0.4210526      0.4210529    
  0.4736842      0.4736845    
  0.5263158      0.5263161    
  0.5789474      0.5789478    
  0.6315789      0.6315792    
  0.6842105      0.6842108    
  0.7368421      0.7368423    
  0.7894737      0.7894738    
  0.8421053      0.8421053    
  0.8947368      0.8947369    
  0.9473684      0.9473684    
   1.000000       1.000000    
