  1.0416667E-02  1.041666604578495E-002
  2.0833334E-02  2.083333209156990E-002
  3.1250000E-02  3.124999813735485E-002
  4.1666668E-02  4.166666418313980E-002
  5.2083332E-02  5.208332836627960E-002
  6.2500000E-02  6.249999627470970E-002
  7.2916664E-02  7.291666418313980E-002
  8.3333336E-02  8.333332836627960E-002
  9.3750000E-02  9.374999254941940E-002
  0.1041667      0.104166656732559     
  0.1145833      0.114583328366280     
  0.1250000      0.124999992549419     
  0.1354167      0.135416656732559     
  0.1458333      0.145833328366280     
  0.1562500      0.156249985098839     
  0.1666667      0.166666656732559     
  0.1770833      0.177083328366280     
  0.1875000      0.187499985098839     
  0.1979167      0.197916656732559     
  0.2083333      0.208333313465118     
  0.2187500      0.218749985098839     
  0.2291667      0.229166656732559     
  0.2395833      0.239583313465118     
  0.2500000      0.249999985098839     
  0.2604167      0.260416656732559     
  0.2708333      0.270833313465118     
  0.2812500      0.281249970197678     
  0.2916667      0.291666656732559     
  0.3020833      0.302083313465118     
  0.3125000      0.312499970197678     
  0.3229167      0.322916656732559     
  0.3333333      0.333333313465118     
  0.3437500      0.343749970197678     
  0.3541667      0.354166656732559     
  0.3645833      0.364583313465118     
  0.3750000      0.374999970197678     
  0.3854167      0.385416656732559     
  0.3958333      0.395833313465118     
  0.4062500      0.406249970197678     
  0.4166667      0.416666626930237     
  0.4270833      0.427083313465118     
  0.4375000      0.437499970197678     
  0.4479167      0.447916626930237     
  0.4583333      0.458333313465118     
  0.4687500      0.468749970197678     
  0.4791667      0.479166626930237     
  0.4895833      0.489583313465118     
  0.5000000      0.499999970197678     
  0.5104167      0.510416626930237     
  0.5208333      0.520833313465118     
  0.5312500      0.531249940395355     
  0.5416667      0.541666626930237     
  0.5520833      0.552083313465118     
  0.5625000      0.562499940395355     
  0.5729167      0.572916626930237     
  0.5833333      0.583333313465118     
  0.5937500      0.593749940395355     
  0.6041667      0.604166626930237     
  0.6145833      0.614583313465118     
  0.6250000      0.624999940395355     
  0.6354167      0.635416626930237     
  0.6458333      0.645833313465118     
  0.6562500      0.656249940395355     
  0.6666667      0.666666626930237     
  0.6770833      0.677083313465118     
  0.6875000      0.687499940395355     
  0.6979167      0.697916626930237     
  0.7083333      0.708333313465118     
  0.7187500      0.718749940395355     
  0.7291667      0.729166626930237     
  0.7395833      0.739583313465118     
  0.7500000      0.749999940395355     
  0.7604167      0.760416626930237     
  0.7708333      0.770833313465118     
  0.7812500      0.781249940395355     
  0.7916667      0.791666626930237     
  0.8020833      0.802083313465118     
  0.8125000      0.812499940395355     
  0.8229167      0.822916626930237     
  0.8333333      0.833333253860474     
  0.8437500      0.843749940395355     
  0.8541667      0.854166626930237     
  0.8645833      0.864583253860474     
  0.8750000      0.874999940395355     
  0.8854167      0.885416626930237     
  0.8958333      0.895833253860474     
  0.9062500      0.906249940395355     
  0.9166667      0.916666626930237     
  0.9270833      0.927083253860474     
  0.9375000      0.937499940395355     
  0.9479167      0.947916626930237     
  0.9583333      0.958333253860474     
  0.9687500      0.968749940395355     
  0.9791667      0.979166626930237     
  0.9895833      0.989583253860474     
   1.000000      0.999999940395355     
