  1.1111111E-02  1.111111138015985488891601562500000E-0002
  2.2222223E-02  2.222222276031970977783203125000000E-0002
  3.3333335E-02  3.333333507180213928222656250000000E-0002
  4.4444446E-02  4.444444552063941955566406250000000E-0002
  5.5555556E-02  5.555555596947669982910156250000000E-0002
  6.6666670E-02  6.666667014360427856445312500000000E-0002
  7.7777781E-02  7.777778059244155883789062500000000E-0002
  8.8888891E-02  8.888889104127883911132812500000000E-0002
  0.1000000      0.100000001490116119384765625000000      
  0.1111111      0.111111111938953399658203125000000      
  0.1222222      0.122222222387790679931640625000000      
  0.1333333      0.133333340287208557128906250000000      
  0.1444445      0.144444450736045837402343750000000      
  0.1555556      0.155555561184883117675781250000000      
  0.1666667      0.166666671633720397949218750000000      
  0.1777778      0.177777782082557678222656250000000      
  0.1888889      0.188888892531394958496093750000000      
  0.2000000      0.200000002980232238769531250000000      
  0.2111111      0.211111113429069519042968750000000      
  0.2222222      0.222222223877906799316406250000000      
  0.2333333      0.233333334326744079589843750000000      
  0.2444444      0.244444444775581359863281250000000      
  0.2555556      0.255555570125579833984375000000000      
  0.2666667      0.266666680574417114257812500000000      
  0.2777778      0.277777791023254394531250000000000      
  0.2888889      0.288888901472091674804687500000000      
  0.3000000      0.300000011920928955078125000000000      
  0.3111111      0.311111122369766235351562500000000      
  0.3222222      0.322222232818603515625000000000000      
  0.3333333      0.333333343267440795898437500000000      
  0.3444445      0.344444453716278076171875000000000      
  0.3555556      0.355555564165115356445312500000000      
  0.3666667      0.366666674613952636718750000000000      
  0.3777778      0.377777785062789916992187500000000      
  0.3888889      0.388888895511627197265625000000000      
  0.4000000      0.400000005960464477539062500000000      
  0.4111111      0.411111116409301757812500000000000      
  0.4222222      0.422222226858139038085937500000000      
  0.4333333      0.433333337306976318359375000000000      
  0.4444444      0.444444447755813598632812500000000      
  0.4555556      0.455555558204650878906250000000000      
  0.4666667      0.466666668653488159179687500000000      
  0.4777778      0.477777779102325439453125000000000      
  0.4888889      0.488888889551162719726562500000000      
  0.5000000      0.500000000000000000000000000000000      
  0.5111111      0.511111140251159667968750000000000      
  0.5222222      0.522222220897674560546875000000000      
  0.5333334      0.533333361148834228515625000000000      
  0.5444444      0.544444441795349121093750000000000      
  0.5555556      0.555555582046508789062500000000000      
  0.5666667      0.566666662693023681640625000000000      
  0.5777778      0.577777802944183349609375000000000      
  0.5888889      0.588888883590698242187500000000000      
  0.6000000      0.600000023841857910156250000000000      
  0.6111111      0.611111104488372802734375000000000      
  0.6222222      0.622222244739532470703125000000000      
  0.6333333      0.633333325386047363281250000000000      
  0.6444445      0.644444465637207031250000000000000      
  0.6555555      0.655555546283721923828125000000000      
  0.6666667      0.666666686534881591796875000000000      
  0.6777778      0.677777767181396484375000000000000      
  0.6888889      0.688888907432556152343750000000000      
  0.7000000      0.699999988079071044921875000000000      
  0.7111111      0.711111128330230712890625000000000      
  0.7222222      0.722222208976745605468750000000000      
  0.7333333      0.733333349227905273437500000000000      
  0.7444444      0.744444429874420166015625000000000      
  0.7555556      0.755555570125579833984375000000000      
  0.7666667      0.766666650772094726562500000000000      
  0.7777778      0.777777791023254394531250000000000      
  0.7888889      0.788888871669769287109375000000000      
  0.8000000      0.800000011920928955078125000000000      
  0.8111111      0.811111092567443847656250000000000      
  0.8222222      0.822222232818603515625000000000000      
  0.8333333      0.833333313465118408203125000000000      
  0.8444445      0.844444453716278076171875000000000      
  0.8555555      0.855555534362792968750000000000000      
  0.8666667      0.866666674613952636718750000000000      
  0.8777778      0.877777755260467529296875000000000      
  0.8888889      0.888888895511627197265625000000000      
  0.9000000      0.899999976158142089843750000000000      
  0.9111111      0.911111116409301757812500000000000      
  0.9222222      0.922222197055816650390625000000000      
  0.9333333      0.933333337306976318359375000000000      
  0.9444444      0.944444417953491210937500000000000      
  0.9555556      0.955555558204650878906250000000000      
  0.9666666      0.966666638851165771484375000000000      
  0.9777778      0.977777779102325439453125000000000      
  0.9888889      0.988888859748840332031250000000000      
   1.000000       1.00000000000000000000000000000000      
