  2.0000000E-02  0.000000000000000000000000000000000E+0000
  3.9999999E-02  3.999999999999999999999999999999976E-0002
  5.9999999E-02  5.999999999999999999999999999999967E-0002
  7.9999998E-02  7.999999999999999999999999999999952E-0002
  0.1000000      9.999999999999999999999999999999948E-0002
  0.1200000      0.119999999999999999999999999999999      
  0.1400000      0.139999999999999999999999999999999      
  0.1600000      0.159999999999999999999999999999999      
  0.1800000      0.179999999999999999999999999999999      
  0.2000000      0.199999999999999999999999999999999      
  0.2200000      0.219999999999999999999999999999999      
  0.2400000      0.239999999999999999999999999999998      
  0.2600000      0.259999999999999999999999999999998      
  0.2800000      0.279999999999999999999999999999998      
  0.3000000      0.299999999999999999999999999999998      
  0.3200000      0.319999999999999999999999999999998      
  0.3400000      0.339999999999999999999999999999998      
  0.3600000      0.359999999999999999999999999999998      
  0.3800000      0.379999999999999999999999999999998      
  0.4000000      0.399999999999999999999999999999998      
  0.4200000      0.419999999999999999999999999999998      
  0.4400000      0.439999999999999999999999999999997      
  0.4600000      0.459999999999999999999999999999997      
  0.4800000      0.479999999999999999999999999999997      
  0.5000000      0.499999999999999999999999999999997      
  0.5200000      0.519999999999999999999999999999997      
  0.5400000      0.539999999999999999999999999999997      
  0.5600000      0.559999999999999999999999999999997      
  0.5800000      0.579999999999999999999999999999997      
  0.6000000      0.599999999999999999999999999999997      
  0.6200000      0.619999999999999999999999999999997      
  0.6400000      0.639999999999999999999999999999997      
  0.6600000      0.659999999999999999999999999999997      
  0.6800000      0.679999999999999999999999999999997      
  0.7000000      0.699999999999999999999999999999997      
  0.7200000      0.719999999999999999999999999999997      
  0.7400000      0.739999999999999999999999999999997      
  0.7600000      0.759999999999999999999999999999997      
  0.7800000      0.779999999999999999999999999999998      
  0.8000000      0.799999999999999999999999999999998      
  0.8200000      0.819999999999999999999999999999998      
  0.8400000      0.839999999999999999999999999999998      
  0.8600000      0.859999999999999999999999999999998      
  0.8800000      0.879999999999999999999999999999998      
  0.9000000      0.899999999999999999999999999999998      
  0.9200000      0.919999999999999999999999999999999      
  0.9400000      0.939999999999999999999999999999999      
  0.9600000      0.959999999999999999999999999999999      
  0.9800000      0.979999999999999999999999999999999      
   1.000000       1.00000000000000000000000000000000      
