  1.6666668E-02  0.000000000000000E+000
  3.3333335E-02  3.333333333333317E-002
  5.0000001E-02  4.999999999999977E-002
  6.6666670E-02  6.666666666666635E-002
  8.3333336E-02  8.333333333333297E-002
  0.1000000      0.100000000000000     
  0.1166667      0.116666666666666     
  0.1333333      0.133333333333333     
  0.1500000      0.149999999999999     
  0.1666667      0.166666666666666     
  0.1833333      0.183333333333333     
  0.2000000      0.199999999999999     
  0.2166667      0.216666666666666     
  0.2333333      0.233333333333332     
  0.2500000      0.249999999999999     
  0.2666667      0.266666666666665     
  0.2833333      0.283333333333332     
  0.3000000      0.299999999999999     
  0.3166667      0.316666666666665     
  0.3333333      0.333333333333332     
  0.3500000      0.349999999999998     
  0.3666667      0.366666666666665     
  0.3833333      0.383333333333332     
  0.4000000      0.399999999999998     
  0.4166667      0.416666666666665     
  0.4333333      0.433333333333332     
  0.4500000      0.449999999999998     
  0.4666667      0.466666666666665     
  0.4833333      0.483333333333331     
  0.5000000      0.499999999999998     
  0.5166667      0.516666666666664     
  0.5333334      0.533333333333331     
  0.5500000      0.549999999999998     
  0.5666667      0.566666666666665     
  0.5833333      0.583333333333331     
  0.6000000      0.599999999999998     
  0.6166667      0.616666666666664     
  0.6333333      0.633333333333331     
  0.6500000      0.649999999999998     
  0.6666667      0.666666666666665     
  0.6833333      0.683333333333331     
  0.7000000      0.699999999999998     
  0.7166666      0.716666666666665     
  0.7333333      0.733333333333331     
  0.7500000      0.749999999999998     
  0.7666667      0.766666666666665     
  0.7833334      0.783333333333331     
  0.8000000      0.799999999999998     
  0.8166667      0.816666666666665     
  0.8333333      0.833333333333331     
  0.8500000      0.849999999999998     
  0.8666667      0.866666666666665     
  0.8833333      0.883333333333332     
  0.9000000      0.899999999999998     
  0.9166667      0.916666666666665     
  0.9333333      0.933333333333332     
  0.9500000      0.949999999999999     
  0.9666666      0.966666666666666     
  0.9833333      0.983333333333333     
   1.000000       1.00000000000000     
