  4.1666668E-02  4.166666790843009948730468750000000E-0002
  8.3333336E-02  8.333333581686019897460937500000000E-0002
  0.1250000      0.125000000000000000000000000000000      
  0.1666667      0.166666671633720397949218750000000      
  0.2083333      0.208333328366279602050781250000000      
  0.2500000      0.250000000000000000000000000000000      
  0.2916667      0.291666656732559204101562500000000      
  0.3333333      0.333333343267440795898437500000000      
  0.3750000      0.375000000000000000000000000000000      
  0.4166667      0.416666656732559204101562500000000      
  0.4583333      0.458333343267440795898437500000000      
  0.5000000      0.500000000000000000000000000000000      
  0.5416667      0.541666686534881591796875000000000      
  0.5833333      0.583333313465118408203125000000000      
  0.6250000      0.625000000000000000000000000000000      
  0.6666667      0.666666686534881591796875000000000      
  0.7083333      0.708333313465118408203125000000000      
  0.7500000      0.750000000000000000000000000000000      
  0.7916667      0.791666686534881591796875000000000      
  0.8333333      0.833333313465118408203125000000000      
  0.8750000      0.875000000000000000000000000000000      
  0.9166667      0.916666686534881591796875000000000      
  0.9583333      0.958333313465118408203125000000000      
   1.000000       1.00000000000000000000000000000000      
