  4.1666668E-02  0.0000000E+00
  8.3333336E-02  8.3333455E-02
  0.1250000      0.1250002    
  0.1666667      0.1666669    
  0.2083333      0.2083337    
  0.2500000      0.2500004    
  0.2916667      0.2916671    
  0.3333333      0.3333338    
  0.3750000      0.3750005    
  0.4166667      0.4166672    
  0.4583333      0.4583339    
  0.5000000      0.5000006    
  0.5416667      0.5416674    
  0.5833333      0.5833340    
  0.6250000      0.6250006    
  0.6666667      0.6666674    
  0.7083333      0.7083340    
  0.7500000      0.7500007    
  0.7916667      0.7916673    
  0.8333333      0.8333340    
  0.8750000      0.8750007    
  0.9166667      0.9166672    
  0.9583333      0.9583337    
   1.000000       1.000000    
