  1.5151516E-02  0.000000000000000E+000
  3.0303031E-02  3.030303030303071E-002
  4.5454547E-02  4.545454545454607E-002
  6.0606062E-02  6.060606060606143E-002
  7.5757578E-02  7.575757575757676E-002
  9.0909094E-02  9.090909090909206E-002
  0.1060606      0.106060606060607     
  0.1212121      0.121212121212123     
  0.1363636      0.136363636363638     
  0.1515152      0.151515151515154     
  0.1666667      0.166666666666669     
  0.1818182      0.181818181818184     
  0.1969697      0.196969696969699     
  0.2121212      0.212121212121215     
  0.2272727      0.227272727272730     
  0.2424242      0.242424242424246     
  0.2575758      0.257575757575761     
  0.2727273      0.272727272727276     
  0.2878788      0.287878787878792     
  0.3030303      0.303030303030307     
  0.3181818      0.318181818181822     
  0.3333333      0.333333333333338     
  0.3484848      0.348484848484853     
  0.3636364      0.363636363636368     
  0.3787879      0.378787878787883     
  0.3939394      0.393939393939399     
  0.4090909      0.409090909090914     
  0.4242424      0.424242424242429     
  0.4393939      0.439393939393944     
  0.4545455      0.454545454545459     
  0.4696970      0.469696969696975     
  0.4848485      0.484848484848490     
  0.5000000      0.500000000000005     
  0.5151515      0.515151515151520     
  0.5303030      0.530303030303035     
  0.5454546      0.545454545454550     
  0.5606061      0.560606060606065     
  0.5757576      0.575757575757580     
  0.5909091      0.590909090909095     
  0.6060606      0.606060606060610     
  0.6212121      0.621212121212126     
  0.6363636      0.636363636363640     
  0.6515151      0.651515151515155     
  0.6666667      0.666666666666670     
  0.6818182      0.681818181818185     
  0.6969697      0.696969696969700     
  0.7121212      0.712121212121215     
  0.7272727      0.727272727272730     
  0.7424242      0.742424242424245     
  0.7575758      0.757575757575760     
  0.7727273      0.772727272727275     
  0.7878788      0.787878787878790     
  0.8030303      0.803030303030305     
  0.8181818      0.818181818181820     
  0.8333333      0.833333333333335     
  0.8484849      0.848484848484851     
  0.8636364      0.863636363636366     
  0.8787879      0.878787878787881     
  0.8939394      0.893939393939396     
  0.9090909      0.909090909090911     
  0.9242424      0.924242424242426     
  0.9393939      0.939393939393940     
  0.9545454      0.954545454545455     
  0.9696970      0.969696969696970     
  0.9848485      0.984848484848485     
   1.000000       1.00000000000000     
