  3.3333335E-02  0.0000000E+00
  6.6666670E-02  6.6666834E-02
  0.1000000      0.1000002    
  0.1333333      0.1333336    
  0.1666667      0.1666670    
  0.2000000      0.2000004    
  0.2333333      0.2333338    
  0.2666667      0.2666672    
  0.3000000      0.3000007    
  0.3333333      0.3333341    
  0.3666667      0.3666674    
  0.4000000      0.4000008    
  0.4333333      0.4333341    
  0.4666667      0.4666675    
  0.5000000      0.5000009    
  0.5333334      0.5333341    
  0.5666667      0.5666676    
  0.6000000      0.6000009    
  0.6333333      0.6333342    
  0.6666667      0.6666675    
  0.7000000      0.7000007    
  0.7333333      0.7333339    
  0.7666667      0.7666673    
  0.8000000      0.8000006    
  0.8333333      0.8333338    
  0.8666667      0.8666672    
  0.9000000      0.9000005    
  0.9333333      0.9333337    
  0.9666666      0.9666669    
   1.000000       1.000000    
