  1.7857144E-02  0.0000000E+00
  3.5714287E-02  3.5714485E-02
  5.3571429E-02  5.3571731E-02
  7.1428575E-02  7.1428970E-02
  8.9285716E-02  8.9286231E-02
  0.1071429      0.1071435    
  0.1250000      0.1250007    
  0.1428571      0.1428579    
  0.1607143      0.1607152    
  0.1785714      0.1785724    
  0.1964286      0.1964296    
  0.2142857      0.2142869    
  0.2321429      0.2321441    
  0.2500000      0.2500014    
  0.2678571      0.2678585    
  0.2857143      0.2857157    
  0.3035714      0.3035730    
  0.3214286      0.3214302    
  0.3392857      0.3392874    
  0.3571429      0.3571447    
  0.3750000      0.3750020    
  0.3928571      0.3928591    
  0.4107143      0.4107163    
  0.4285714      0.4285735    
  0.4464286      0.4464309    
  0.4642857      0.4642880    
  0.4821429      0.4821452    
  0.5000000      0.5000024    
  0.5178571      0.5178595    
  0.5357143      0.5357167    
  0.5535714      0.5535737    
  0.5714286      0.5714308    
  0.5892857      0.5892879    
  0.6071429      0.6071450    
  0.6250000      0.6250022    
  0.6428571      0.6428593    
  0.6607143      0.6607163    
  0.6785714      0.6785735    
  0.6964286      0.6964304    
  0.7142857      0.7142873    
  0.7321429      0.7321445    
  0.7500000      0.7500015    
  0.7678571      0.7678587    
  0.7857143      0.7857158    
  0.8035714      0.8035727    
  0.8214286      0.8214299    
  0.8392857      0.8392870    
  0.8571429      0.8571441    
  0.8750000      0.8750011    
  0.8928571      0.8928581    
  0.9107143      0.9107152    
  0.9285714      0.9285723    
  0.9464286      0.9464293    
  0.9642857      0.9642862    
  0.9821429      0.9821432    
   1.000000       1.000000    
