  1.2658228E-02  1.265822816640138626098632812500000E-0002
  2.5316456E-02  2.531645633280277252197265625000000E-0002
  3.7974682E-02  3.797468170523643493652343750000000E-0002
  5.0632913E-02  5.063291266560554504394531250000000E-0002
  6.3291140E-02  6.329113990068435668945312500000000E-0002
  7.5949363E-02  7.594936341047286987304687500000000E-0002
  8.8607594E-02  8.860759437084197998046875000000000E-0002
  0.1012658      0.101265825331211090087890625000000      
  0.1139240      0.113924048840999603271484375000000      
  0.1265823      0.126582279801368713378906250000000      
  0.1392405      0.139240503311157226562500000000000      
  0.1518987      0.151898726820945739746093750000000      
  0.1645570      0.164556965231895446777343750000000      
  0.1772152      0.177215188741683959960937500000000      
  0.1898734      0.189873412251472473144531250000000      
  0.2025317      0.202531650662422180175781250000000      
  0.2151899      0.215189874172210693359375000000000      
  0.2278481      0.227848097681999206542968750000000      
  0.2405063      0.240506336092948913574218750000000      
  0.2531646      0.253164559602737426757812500000000      
  0.2658228      0.265822798013687133789062500000000      
  0.2784810      0.278481006622314453125000000000000      
  0.2911392      0.291139245033264160156250000000000      
  0.3037975      0.303797453641891479492187500000000      
  0.3164557      0.316455692052841186523437500000000      
  0.3291139      0.329113930463790893554687500000000      
  0.3417721      0.341772139072418212890625000000000      
  0.3544304      0.354430377483367919921875000000000      
  0.3670886      0.367088615894317626953125000000000      
  0.3797468      0.379746824502944946289062500000000      
  0.3924051      0.392405062913894653320312500000000      
  0.4050633      0.405063301324844360351562500000000      
  0.4177215      0.417721509933471679687500000000000      
  0.4303797      0.430379748344421386718750000000000      
  0.4430380      0.443037986755371093750000000000000      
  0.4556962      0.455696195363998413085937500000000      
  0.4683544      0.468354433774948120117187500000000      
  0.4810127      0.481012672185897827148437500000000      
  0.4936709      0.493670880794525146484375000000000      
  0.5063291      0.506329119205474853515625000000000      
  0.5189874      0.518987357616424560546875000000000      
  0.5316456      0.531645596027374267578125000000000      
  0.5443038      0.544303774833679199218750000000000      
  0.5569620      0.556962013244628906250000000000000      
  0.5696203      0.569620251655578613281250000000000      
  0.5822785      0.582278490066528320312500000000000      
  0.5949367      0.594936728477478027343750000000000      
  0.6075949      0.607594907283782958984375000000000      
  0.6202531      0.620253145694732666015625000000000      
  0.6329114      0.632911384105682373046875000000000      
  0.6455696      0.645569622516632080078125000000000      
  0.6582279      0.658227860927581787109375000000000      
  0.6708861      0.670886099338531494140625000000000      
  0.6835443      0.683544278144836425781250000000000      
  0.6962025      0.696202516555786132812500000000000      
  0.7088608      0.708860754966735839843750000000000      
  0.7215190      0.721518993377685546875000000000000      
  0.7341772      0.734177231788635253906250000000000      
  0.7468355      0.746835470199584960937500000000000      
  0.7594936      0.759493649005889892578125000000000      
  0.7721519      0.772151887416839599609375000000000      
  0.7848101      0.784810125827789306640625000000000      
  0.7974684      0.797468364238739013671875000000000      
  0.8101266      0.810126602649688720703125000000000      
  0.8227848      0.822784781455993652343750000000000      
  0.8354430      0.835443019866943359375000000000000      
  0.8481013      0.848101258277893066406250000000000      
  0.8607595      0.860759496688842773437500000000000      
  0.8734177      0.873417735099792480468750000000000      
  0.8860760      0.886075973510742187500000000000000      
  0.8987342      0.898734152317047119140625000000000      
  0.9113924      0.911392390727996826171875000000000      
  0.9240506      0.924050629138946533203125000000000      
  0.9367089      0.936708867549896240234375000000000      
  0.9493671      0.949367105960845947265625000000000      
  0.9620253      0.962025344371795654296875000000000      
  0.9746835      0.974683523178100585937500000000000      
  0.9873418      0.987341761589050292968750000000000      
   1.000000       1.00000000000000000000000000000000      
