  1.7543860E-02  0.0000000E+00
  3.5087720E-02  3.5088144E-02
  5.2631579E-02  5.2632213E-02
  7.0175439E-02  7.0176288E-02
  8.7719299E-02  8.7720364E-02
  0.1052632      0.1052644    
  0.1228070      0.1228085    
  0.1403509      0.1403526    
  0.1578947      0.1578966    
  0.1754386      0.1754406    
  0.1929825      0.1929847    
  0.2105263      0.2105286    
  0.2280702      0.2280726    
  0.2456140      0.2456166    
  0.2631579      0.2631606    
  0.2807018      0.2807046    
  0.2982456      0.2982486    
  0.3157895      0.3157925    
  0.3333333      0.3333364    
  0.3508772      0.3508803    
  0.3684210      0.3684244    
  0.3859649      0.3859683    
  0.4035088      0.4035123    
  0.4210526      0.4210562    
  0.4385965      0.4386002    
  0.4561403      0.4561439    
  0.4736842      0.4736879    
  0.4912281      0.4912317    
  0.5087720      0.5087757    
  0.5263158      0.5263193    
  0.5438597      0.5438633    
  0.5614035      0.5614073    
  0.5789474      0.5789511    
  0.5964912      0.5964948    
  0.6140351      0.6140386    
  0.6315789      0.6315823    
  0.6491228      0.6491264    
  0.6666667      0.6666700    
  0.6842105      0.6842138    
  0.7017544      0.7017575    
  0.7192982      0.7193014    
  0.7368421      0.7368453    
  0.7543859      0.7543889    
  0.7719298      0.7719327    
  0.7894737      0.7894766    
  0.8070176      0.8070203    
  0.8245614      0.8245640    
  0.8421053      0.8421077    
  0.8596491      0.8596515    
  0.8771930      0.8771952    
  0.8947368      0.8947388    
  0.9122807      0.9122823    
  0.9298246      0.9298260    
  0.9473684      0.9473695    
  0.9649123      0.9649131    
  0.9824561      0.9824567    
   1.000000       1.000000    
