  1.1627907E-02  0.000000000000000000000000000000000E+0000
  2.3255814E-02  2.325581395348837209302325581395340E-0002
  3.4883723E-02  3.488372093023255813953488372093006E-0002
  4.6511628E-02  4.651162790697674418604651162790679E-0002
  5.8139537E-02  5.813953488372093023255813953488344E-0002
  6.9767445E-02  6.976744186046511627906976744186013E-0002
  8.1395350E-02  8.139534883720930232558139534883690E-0002
  9.3023255E-02  9.302325581395348837209302325581360E-0002
  0.1046512      0.104651162790697674418604651162790      
  0.1162791      0.116279069767441860465116279069767      
  0.1279070      0.127906976744186046511627906976744      
  0.1395349      0.139534883720930232558139534883720      
  0.1511628      0.151162790697674418604651162790697      
  0.1627907      0.162790697674418604651162790697674      
  0.1744186      0.174418604651162790697674418604650      
  0.1860465      0.186046511627906976744186046511627      
  0.1976744      0.197674418604651162790697674418604      
  0.2093023      0.209302325581395348837209302325580      
  0.2209302      0.220930232558139534883720930232557      
  0.2325581      0.232558139534883720930232558139534      
  0.2441860      0.244186046511627906976744186046511      
  0.2558140      0.255813953488372093023255813953487      
  0.2674419      0.267441860465116279069767441860464      
  0.2790698      0.279069767441860465116279069767441      
  0.2906977      0.290697674418604651162790697674417      
  0.3023256      0.302325581395348837209302325581394      
  0.3139535      0.313953488372093023255813953488370      
  0.3255814      0.325581395348837209302325581395347      
  0.3372093      0.337209302325581395348837209302324      
  0.3488372      0.348837209302325581395348837209300      
  0.3604651      0.360465116279069767441860465116277      
  0.3720930      0.372093023255813953488372093023254      
  0.3837209      0.383720930232558139534883720930230      
  0.3953488      0.395348837209302325581395348837207      
  0.4069767      0.406976744186046511627906976744184      
  0.4186046      0.418604651162790697674418604651160      
  0.4302326      0.430232558139534883720930232558137      
  0.4418605      0.441860465116279069767441860465114      
  0.4534884      0.453488372093023255813953488372090      
  0.4651163      0.465116279069767441860465116279067      
  0.4767442      0.476744186046511627906976744186044      
  0.4883721      0.488372093023255813953488372093020      
  0.5000000      0.499999999999999999999999999999997      
  0.5116279      0.511627906976744186046511627906974      
  0.5232558      0.523255813953488372093023255813950      
  0.5348837      0.534883720930232558139534883720927      
  0.5465117      0.546511627906976744186046511627904      
  0.5581396      0.558139534883720930232558139534881      
  0.5697674      0.569767441860465116279069767441857      
  0.5813953      0.581395348837209302325581395348834      
  0.5930232      0.593023255813953488372093023255811      
  0.6046512      0.604651162790697674418604651162788      
  0.6162791      0.616279069767441860465116279069764      
  0.6279070      0.627906976744186046511627906976741      
  0.6395349      0.639534883720930232558139534883718      
  0.6511628      0.651162790697674418604651162790694      
  0.6627907      0.662790697674418604651162790697671      
  0.6744186      0.674418604651162790697674418604648      
  0.6860465      0.686046511627906976744186046511625      
  0.6976744      0.697674418604651162790697674418601      
  0.7093023      0.709302325581395348837209302325578      
  0.7209302      0.720930232558139534883720930232555      
  0.7325581      0.732558139534883720930232558139532      
  0.7441860      0.744186046511627906976744186046509      
  0.7558140      0.755813953488372093023255813953485      
  0.7674419      0.767441860465116279069767441860462      
  0.7790698      0.779069767441860465116279069767439      
  0.7906977      0.790697674418604651162790697674416      
  0.8023256      0.802325581395348837209302325581393      
  0.8139535      0.813953488372093023255813953488370      
  0.8255814      0.825581395348837209302325581395347      
  0.8372093      0.837209302325581395348837209302324      
  0.8488372      0.848837209302325581395348837209300      
  0.8604651      0.860465116279069767441860465116278      
  0.8720930      0.872093023255813953488372093023254      
  0.8837209      0.883720930232558139534883720930231      
  0.8953488      0.895348837209302325581395348837208      
  0.9069768      0.906976744186046511627906976744185      
  0.9186047      0.918604651162790697674418604651162      
  0.9302326      0.930232558139534883720930232558139      
  0.9418604      0.941860465116279069767441860465116      
  0.9534883      0.953488372093023255813953488372093      
  0.9651163      0.965116279069767441860465116279070      
  0.9767442      0.976744186046511627906976744186046      
  0.9883721      0.988372093023255813953488372093023      
   1.000000       1.00000000000000000000000000000000      
