  1.0989011E-02  1.0989010E-02
  2.1978023E-02  2.1978021E-02
  3.2967035E-02  3.2967031E-02
  4.3956045E-02  4.3956041E-02
  5.4945055E-02  5.4945052E-02
  6.5934069E-02  6.5934062E-02
  7.6923080E-02  7.6923072E-02
  8.7912090E-02  8.7912083E-02
  9.8901100E-02  9.8901093E-02
  0.1098901      0.1098901    
  0.1208791      0.1208791    
  0.1318681      0.1318681    
  0.1428571      0.1428571    
  0.1538462      0.1538461    
  0.1648352      0.1648352    
  0.1758242      0.1758242    
  0.1868132      0.1868132    
  0.1978022      0.1978022    
  0.2087912      0.2087912    
  0.2197802      0.2197802    
  0.2307692      0.2307692    
  0.2417582      0.2417582    
  0.2527473      0.2527472    
  0.2637363      0.2637362    
  0.2747253      0.2747253    
  0.2857143      0.2857143    
  0.2967033      0.2967033    
  0.3076923      0.3076923    
  0.3186813      0.3186813    
  0.3296703      0.3296703    
  0.3406594      0.3406593    
  0.3516484      0.3516483    
  0.3626374      0.3626373    
  0.3736264      0.3736264    
  0.3846154      0.3846154    
  0.3956044      0.3956044    
  0.4065934      0.4065934    
  0.4175824      0.4175824    
  0.4285714      0.4285714    
  0.4395604      0.4395604    
  0.4505495      0.4505494    
  0.4615385      0.4615384    
  0.4725275      0.4725274    
  0.4835165      0.4835165    
  0.4945055      0.4945055    
  0.5054945      0.5054945    
  0.5164835      0.5164835    
  0.5274726      0.5274725    
  0.5384616      0.5384615    
  0.5494506      0.5494505    
  0.5604396      0.5604395    
  0.5714286      0.5714285    
  0.5824176      0.5824175    
  0.5934066      0.5934066    
  0.6043956      0.6043956    
  0.6153846      0.6153846    
  0.6263736      0.6263736    
  0.6373627      0.6373626    
  0.6483517      0.6483516    
  0.6593407      0.6593406    
  0.6703297      0.6703296    
  0.6813187      0.6813186    
  0.6923077      0.6923077    
  0.7032967      0.7032967    
  0.7142857      0.7142857    
  0.7252747      0.7252747    
  0.7362638      0.7362637    
  0.7472528      0.7472527    
  0.7582418      0.7582417    
  0.7692308      0.7692307    
  0.7802198      0.7802197    
  0.7912088      0.7912087    
  0.8021978      0.8021978    
  0.8131868      0.8131868    
  0.8241758      0.8241758    
  0.8351648      0.8351648    
  0.8461539      0.8461538    
  0.8571429      0.8571428    
  0.8681319      0.8681318    
  0.8791209      0.8791208    
  0.8901099      0.8901098    
  0.9010989      0.9010988    
  0.9120879      0.9120879    
  0.9230769      0.9230769    
  0.9340659      0.9340659    
  0.9450549      0.9450549    
  0.9560440      0.9560439    
  0.9670330      0.9670329    
  0.9780220      0.9780220    
  0.9890110      0.9890110    
   1.000000       1.000000    
