  1.3698630E-02  1.369862910360098E-002
  2.7397260E-02  2.739725820720196E-002
  4.1095890E-02  4.109588637948036E-002
  5.4794520E-02  5.479451641440392E-002
  6.8493150E-02  6.849314272403717E-002
  8.2191780E-02  8.219177275896072E-002
  9.5890410E-02  9.589040279388428E-002
  0.1095890      0.109589032828808     
  0.1232877      0.123287662863731     
  0.1369863      0.136986285448074     
  0.1506849      0.150684922933578     
  0.1643836      0.164383545517921     
  0.1780822      0.178082183003426     
  0.1917808      0.191780805587769     
  0.2054795      0.205479443073273     
  0.2191781      0.219178065657616     
  0.2328767      0.232876688241959     
  0.2465753      0.246575325727463     
  0.2602740      0.260273963212967     
  0.2739726      0.273972570896149     
  0.2876712      0.287671208381653     
  0.3013699      0.301369845867157     
  0.3150685      0.315068483352661     
  0.3287671      0.328767091035843     
  0.3424658      0.342465728521347     
  0.3561644      0.356164366006851     
  0.3698630      0.369862973690033     
  0.3835616      0.383561611175537     
  0.3972603      0.397260248661041     
  0.4109589      0.410958886146545     
  0.4246575      0.424657493829727     
  0.4383562      0.438356131315231     
  0.4520548      0.452054768800735     
  0.4657534      0.465753376483917     
  0.4794520      0.479452013969421     
  0.4931507      0.493150651454926     
  0.5068493      0.506849288940430     
  0.5205479      0.520547926425934     
  0.5342466      0.534246563911438     
  0.5479452      0.547945141792297     
  0.5616438      0.561643779277802     
  0.5753425      0.575342416763306     
  0.5890411      0.589041054248810     
  0.6027398      0.602739691734314     
  0.6164383      0.616438329219818     
  0.6301370      0.630136966705322     
  0.6438356      0.643835544586182     
  0.6575342      0.657534182071686     
  0.6712329      0.671232819557190     
  0.6849315      0.684931457042694     
  0.6986302      0.698630094528198     
  0.7123288      0.712328732013702     
  0.7260274      0.726027369499207     
  0.7397260      0.739725947380066     
  0.7534246      0.753424584865570     
  0.7671233      0.767123222351074     
  0.7808219      0.780821859836578     
  0.7945206      0.794520497322083     
  0.8082192      0.808219134807587     
  0.8219178      0.821917772293091     
  0.8356164      0.835616350173950     
  0.8493150      0.849314987659454     
  0.8630137      0.863013625144958     
  0.8767123      0.876712262630463     
  0.8904110      0.890410900115967     
  0.9041096      0.904109537601471     
  0.9178082      0.917808175086975     
  0.9315069      0.931506752967834     
  0.9452055      0.945205390453339     
  0.9589041      0.958904027938843     
  0.9726027      0.972602665424347     
  0.9863014      0.986301302909851     
   1.000000       1.00000000000000     
