  1.9230770E-02  1.923076994717121124267578125000000E-0002
  3.8461540E-02  3.846153989434242248535156250000000E-0002
  5.7692308E-02  5.769230797886848449707031250000000E-0002
  7.6923080E-02  7.692307978868484497070312500000000E-0002
  9.6153848E-02  9.615384787321090698242187500000000E-0002
  0.1153846      0.115384615957736968994140625000000      
  0.1346154      0.134615391492843627929687500000000      
  0.1538462      0.153846159577369689941406250000000      
  0.1730769      0.173076927661895751953125000000000      
  0.1923077      0.192307695746421813964843750000000      
  0.2115385      0.211538463830947875976562500000000      
  0.2307692      0.230769231915473937988281250000000      
  0.2500000      0.250000000000000000000000000000000      
  0.2692308      0.269230782985687255859375000000000      
  0.2884615      0.288461536169052124023437500000000      
  0.3076923      0.307692319154739379882812500000000      
  0.3269231      0.326923072338104248046875000000000      
  0.3461539      0.346153855323791503906250000000000      
  0.3653846      0.365384608507156372070312500000000      
  0.3846154      0.384615391492843627929687500000000      
  0.4038461      0.403846144676208496093750000000000      
  0.4230769      0.423076927661895751953125000000000      
  0.4423077      0.442307680845260620117187500000000      
  0.4615385      0.461538463830947875976562500000000      
  0.4807692      0.480769217014312744140625000000000      
  0.5000000      0.500000000000000000000000000000000      
  0.5192308      0.519230782985687255859375000000000      
  0.5384616      0.538461565971374511718750000000000      
  0.5576923      0.557692289352416992187500000000000      
  0.5769231      0.576923072338104248046875000000000      
  0.5961539      0.596153855323791503906250000000000      
  0.6153846      0.615384638309478759765625000000000      
  0.6346154      0.634615361690521240234375000000000      
  0.6538461      0.653846144676208496093750000000000      
  0.6730769      0.673076927661895751953125000000000      
  0.6923077      0.692307710647583007812500000000000      
  0.7115384      0.711538434028625488281250000000000      
  0.7307692      0.730769217014312744140625000000000      
  0.7500000      0.750000000000000000000000000000000      
  0.7692308      0.769230782985687255859375000000000      
  0.7884616      0.788461565971374511718750000000000      
  0.8076923      0.807692289352416992187500000000000      
  0.8269231      0.826923072338104248046875000000000      
  0.8461539      0.846153855323791503906250000000000      
  0.8653846      0.865384638309478759765625000000000      
  0.8846154      0.884615361690521240234375000000000      
  0.9038461      0.903846144676208496093750000000000      
  0.9230769      0.923076927661895751953125000000000      
  0.9423077      0.942307710647583007812500000000000      
  0.9615384      0.961538434028625488281250000000000      
  0.9807692      0.980769217014312744140625000000000      
   1.000000       1.00000000000000000000000000000000      
