  1.5384615E-02  1.538461539894342422485351562500000E-0002
  3.0769231E-02  3.076923079788684844970703125000000E-0002
  4.6153847E-02  4.615384712815284729003906250000000E-0002
  6.1538462E-02  6.153846159577369689941406250000000E-0002
  7.6923080E-02  7.692307978868484497070312500000000E-0002
  9.2307694E-02  9.230769425630569458007812500000000E-0002
  0.1076923      0.107692308723926544189453125000000      
  0.1230769      0.123076923191547393798828125000000      
  0.1384615      0.138461545109748840332031250000000      
  0.1538462      0.153846159577369689941406250000000      
  0.1692308      0.169230774044990539550781250000000      
  0.1846154      0.184615388512611389160156250000000      
  0.2000000      0.200000002980232238769531250000000      
  0.2153846      0.215384617447853088378906250000000      
  0.2307692      0.230769231915473937988281250000000      
  0.2461538      0.246153846383094787597656250000000      
  0.2615385      0.261538475751876831054687500000000      
  0.2769231      0.276923090219497680664062500000000      
  0.2923077      0.292307704687118530273437500000000      
  0.3076923      0.307692319154739379882812500000000      
  0.3230769      0.323076933622360229492187500000000      
  0.3384615      0.338461548089981079101562500000000      
  0.3538462      0.353846162557601928710937500000000      
  0.3692308      0.369230777025222778320312500000000      
  0.3846154      0.384615391492843627929687500000000      
  0.4000000      0.400000005960464477539062500000000      
  0.4153846      0.415384620428085327148437500000000      
  0.4307692      0.430769234895706176757812500000000      
  0.4461538      0.446153849363327026367187500000000      
  0.4615385      0.461538463830947875976562500000000      
  0.4769231      0.476923078298568725585937500000000      
  0.4923077      0.492307692766189575195312500000000      
  0.5076923      0.507692337036132812500000000000000      
  0.5230770      0.523076951503753662109375000000000      
  0.5384616      0.538461565971374511718750000000000      
  0.5538462      0.553846180438995361328125000000000      
  0.5692308      0.569230794906616210937500000000000      
  0.5846154      0.584615409374237060546875000000000      
  0.6000000      0.600000023841857910156250000000000      
  0.6153846      0.615384638309478759765625000000000      
  0.6307693      0.630769252777099609375000000000000      
  0.6461539      0.646153867244720458984375000000000      
  0.6615385      0.661538481712341308593750000000000      
  0.6769231      0.676923096179962158203125000000000      
  0.6923077      0.692307710647583007812500000000000      
  0.7076923      0.707692325115203857421875000000000      
  0.7230769      0.723076939582824707031250000000000      
  0.7384616      0.738461554050445556640625000000000      
  0.7538462      0.753846168518066406250000000000000      
  0.7692308      0.769230782985687255859375000000000      
  0.7846154      0.784615397453308105468750000000000      
  0.8000000      0.800000011920928955078125000000000      
  0.8153846      0.815384626388549804687500000000000      
  0.8307692      0.830769240856170654296875000000000      
  0.8461539      0.846153855323791503906250000000000      
  0.8615385      0.861538469791412353515625000000000      
  0.8769231      0.876923084259033203125000000000000      
  0.8923077      0.892307698726654052734375000000000      
  0.9076923      0.907692313194274902343750000000000      
  0.9230769      0.923076927661895751953125000000000      
  0.9384615      0.938461542129516601562500000000000      
  0.9538462      0.953846156597137451171875000000000      
  0.9692308      0.969230771064758300781250000000000      
  0.9846154      0.984615385532379150390625000000000      
   1.000000       1.00000000000000000000000000000000      
