  1.1904762E-02  1.190476212650537490844726562500000E-0002
  2.3809524E-02  2.380952425301074981689453125000000E-0002
  3.5714287E-02  3.571428731083869934082031250000000E-0002
  4.7619049E-02  4.761904850602149963378906250000000E-0002
  5.9523810E-02  5.952380970120429992675781250000000E-0002
  7.1428575E-02  7.142857462167739868164062500000000E-0002
  8.3333336E-02  8.333333581686019897460937500000000E-0002
  9.5238097E-02  9.523809701204299926757812500000000E-0002
  0.1071429      0.107142858207225799560546875000000      
  0.1190476      0.119047619402408599853515625000000      
  0.1309524      0.130952388048171997070312500000000      
  0.1428571      0.142857149243354797363281250000000      
  0.1547619      0.154761910438537597656250000000000      
  0.1666667      0.166666671633720397949218750000000      
  0.1785714      0.178571432828903198242187500000000      
  0.1904762      0.190476194024085998535156250000000      
  0.2023810      0.202380955219268798828125000000000      
  0.2142857      0.214285716414451599121093750000000      
  0.2261905      0.226190477609634399414062500000000      
  0.2380952      0.238095238804817199707031250000000      
  0.2500000      0.250000000000000000000000000000000      
  0.2619048      0.261904776096343994140625000000000      
  0.2738095      0.273809522390365600585937500000000      
  0.2857143      0.285714298486709594726562500000000      
  0.2976190      0.297619044780731201171875000000000      
  0.3095238      0.309523820877075195312500000000000      
  0.3214286      0.321428567171096801757812500000000      
  0.3333333      0.333333343267440795898437500000000      
  0.3452381      0.345238089561462402343750000000000      
  0.3571429      0.357142865657806396484375000000000      
  0.3690476      0.369047611951828002929687500000000      
  0.3809524      0.380952388048171997070312500000000      
  0.3928571      0.392857134342193603515625000000000      
  0.4047619      0.404761910438537597656250000000000      
  0.4166667      0.416666656732559204101562500000000      
  0.4285714      0.428571432828903198242187500000000      
  0.4404762      0.440476179122924804687500000000000      
  0.4523810      0.452380955219268798828125000000000      
  0.4642857      0.464285701513290405273437500000000      
  0.4761905      0.476190477609634399414062500000000      
  0.4880952      0.488095223903656005859375000000000      
  0.5000000      0.500000000000000000000000000000000      
  0.5119048      0.511904776096343994140625000000000      
  0.5238096      0.523809552192687988281250000000000      
  0.5357143      0.535714268684387207031250000000000      
  0.5476190      0.547619044780731201171875000000000      
  0.5595238      0.559523820877075195312500000000000      
  0.5714286      0.571428596973419189453125000000000      
  0.5833333      0.583333313465118408203125000000000      
  0.5952381      0.595238089561462402343750000000000      
  0.6071429      0.607142865657806396484375000000000      
  0.6190476      0.619047641754150390625000000000000      
  0.6309524      0.630952358245849609375000000000000      
  0.6428571      0.642857134342193603515625000000000      
  0.6547619      0.654761910438537597656250000000000      
  0.6666667      0.666666686534881591796875000000000      
  0.6785714      0.678571403026580810546875000000000      
  0.6904762      0.690476179122924804687500000000000      
  0.7023810      0.702380955219268798828125000000000      
  0.7142857      0.714285731315612792968750000000000      
  0.7261904      0.726190447807312011718750000000000      
  0.7380952      0.738095223903656005859375000000000      
  0.7500000      0.750000000000000000000000000000000      
  0.7619048      0.761904776096343994140625000000000      
  0.7738096      0.773809552192687988281250000000000      
  0.7857143      0.785714268684387207031250000000000      
  0.7976190      0.797619044780731201171875000000000      
  0.8095238      0.809523820877075195312500000000000      
  0.8214286      0.821428596973419189453125000000000      
  0.8333333      0.833333313465118408203125000000000      
  0.8452381      0.845238089561462402343750000000000      
  0.8571429      0.857142865657806396484375000000000      
  0.8690476      0.869047641754150390625000000000000      
  0.8809524      0.880952358245849609375000000000000      
  0.8928571      0.892857134342193603515625000000000      
  0.9047619      0.904761910438537597656250000000000      
  0.9166667      0.916666686534881591796875000000000      
  0.9285714      0.928571403026580810546875000000000      
  0.9404762      0.940476179122924804687500000000000      
  0.9523810      0.952380955219268798828125000000000      
  0.9642857      0.964285731315612792968750000000000      
  0.9761904      0.976190447807312011718750000000000      
  0.9880952      0.988095223903656005859375000000000      
   1.000000       1.00000000000000000000000000000000      
