  1.4925373E-02  0.0000000E+00
  2.9850746E-02  2.9851168E-02
  4.4776119E-02  4.4776764E-02
  5.9701491E-02  5.9702344E-02
  7.4626863E-02  7.4627936E-02
  8.9552239E-02  8.9553557E-02
  0.1044776      0.1044791    
  0.1194030      0.1194047    
  0.1343284      0.1343303    
  0.1492537      0.1492560    
  0.1641791      0.1641816    
  0.1791045      0.1791072    
  0.1940299      0.1940328    
  0.2089552      0.2089583    
  0.2238806      0.2238839    
  0.2388060      0.2388094    
  0.2537313      0.2537350    
  0.2686567      0.2686607    
  0.2835821      0.2835861    
  0.2985075      0.2985117    
  0.3134328      0.3134372    
  0.3283582      0.3283628    
  0.3432836      0.3432883    
  0.3582090      0.3582138    
  0.3731343      0.3731392    
  0.3880597      0.3880646    
  0.4029851      0.4029901    
  0.4179105      0.4179156    
  0.4328358      0.4328412    
  0.4477612      0.4477665    
  0.4626866      0.4626920    
  0.4776119      0.4776174    
  0.4925373      0.4925427    
  0.5074627      0.5074680    
  0.5223880      0.5223934    
  0.5373135      0.5373187    
  0.5522388      0.5522440    
  0.5671642      0.5671695    
  0.5820895      0.5820948    
  0.5970149      0.5970203    
  0.6119403      0.6119455    
  0.6268657      0.6268710    
  0.6417910      0.6417964    
  0.6567164      0.6567218    
  0.6716418      0.6716471    
  0.6865672      0.6865723    
  0.7014925      0.7014976    
  0.7164179      0.7164230    
  0.7313433      0.7313484    
  0.7462686      0.7462735    
  0.7611941      0.7611987    
  0.7761194      0.7761240    
  0.7910448      0.7910491    
  0.8059701      0.8059744    
  0.8208955      0.8208997    
  0.8358209      0.8358248    
  0.8507463      0.8507501    
  0.8656716      0.8656753    
  0.8805970      0.8806003    
  0.8955224      0.8955253    
  0.9104478      0.9104505    
  0.9253731      0.9253755    
  0.9402985      0.9403005    
  0.9552239      0.9552256    
  0.9701493      0.9701505    
  0.9850746      0.9850755    
   1.000000       1.000000    
