  1.2658228E-02  0.0000000E+00
  2.5316456E-02  2.5316793E-02
  3.7974682E-02  3.7975177E-02
  5.0632913E-02  5.0633568E-02
  6.3291140E-02  6.3291937E-02
  7.5949363E-02  7.5950347E-02
  8.8607594E-02  8.8608705E-02
  0.1012658      0.1012672    
  0.1139240      0.1139255    
  0.1265823      0.1265839    
  0.1392405      0.1392423    
  0.1518987      0.1519007    
  0.1645570      0.1645591    
  0.1772152      0.1772174    
  0.1898734      0.1898758    
  0.2025317      0.2025342    
  0.2151899      0.2151926    
  0.2278481      0.2278508    
  0.2405063      0.2405093    
  0.2531646      0.2531677    
  0.2658228      0.2658259    
  0.2784810      0.2784842    
  0.2911392      0.2911425    
  0.3037975      0.3038009    
  0.3164557      0.3164593    
  0.3291139      0.3291174    
  0.3417721      0.3417756    
  0.3544304      0.3544339    
  0.3670886      0.3670923    
  0.3797468      0.3797505    
  0.3924051      0.3924086    
  0.4050633      0.4050667    
  0.4177215      0.4177250    
  0.4303797      0.4303832    
  0.4430380      0.4430413    
  0.4556962      0.4556996    
  0.4683544      0.4683576    
  0.4810127      0.4810159    
  0.4936709      0.4936739    
  0.5063291      0.5063321    
  0.5189874      0.5189903    
  0.5316456      0.5316483    
  0.5443038      0.5443065    
  0.5569620      0.5569648    
  0.5696203      0.5696229    
  0.5822785      0.5822811    
  0.5949367      0.5949393    
  0.6075949      0.6075974    
  0.6202531      0.6202555    
  0.6329114      0.6329139    
  0.6455696      0.6455720    
  0.6582279      0.6582302    
  0.6708861      0.6708882    
  0.6835443      0.6835463    
  0.6962025      0.6962044    
  0.7088608      0.7088624    
  0.7215190      0.7215205    
  0.7341772      0.7341787    
  0.7468355      0.7468368    
  0.7594936      0.7594948    
  0.7721519      0.7721531    
  0.7848101      0.7848111    
  0.7974684      0.7974693    
  0.8101266      0.8101276    
  0.8227848      0.8227857    
  0.8354430      0.8354435    
  0.8481013      0.8481018    
  0.8607595      0.8607599    
  0.8734177      0.8734180    
  0.8860760      0.8860762    
  0.8987342      0.8987341    
  0.9113924      0.9113924    
  0.9240506      0.9240505    
  0.9367089      0.9367086    
  0.9493671      0.9493669    
  0.9620253      0.9620250    
  0.9746835      0.9746834    
  0.9873418      0.9873416    
   1.000000      0.9999999    
