  2.4999999E-03  2.499999944120645523071289062500000E-0003
  4.9999999E-03  4.999999888241291046142578125000000E-0003
  7.4999998E-03  7.499999832361936569213867187500000E-0003
  9.9999998E-03  9.999999776482582092285156250000000E-0003
  1.2500000E-02  1.250000018626451492309570312500000E-0002
  1.5000000E-02  1.499999966472387313842773437500000E-0002
  1.7500000E-02  1.750000007450580596923828125000000E-0002
  2.0000000E-02  1.999999955296516418457031250000000E-0002
  2.2500001E-02  2.250000089406967163085937500000000E-0002
  2.5000000E-02  2.500000037252902984619140625000000E-0002
  2.7500000E-02  2.749999985098838806152343750000000E-0002
  2.9999999E-02  2.999999932944774627685546875000000E-0002
  3.2499999E-02  3.249999880790710449218750000000000E-0002
  3.5000000E-02  3.500000014901161193847656250000000E-0002
  3.7500001E-02  3.750000149011611938476562500000000E-0002
  3.9999999E-02  3.999999910593032836914062500000000E-0002
  4.2500000E-02  4.250000044703483581542968750000000E-0002
  4.5000002E-02  4.500000178813934326171875000000000E-0002
  4.7499999E-02  4.749999940395355224609375000000000E-0002
  5.0000001E-02  5.000000074505805969238281250000000E-0002
  5.2499998E-02  5.249999836087226867675781250000000E-0002
  5.5000000E-02  5.499999970197677612304687500000000E-0002
  5.7500001E-02  5.750000104308128356933593750000000E-0002
  5.9999999E-02  5.999999865889549255371093750000000E-0002
  6.2500000E-02  6.250000000000000000000000000000000E-0002
  6.4999998E-02  6.499999761581420898437500000000000E-0002
  6.7500003E-02  6.750000268220901489257812500000000E-0002
  7.0000000E-02  7.000000029802322387695312500000000E-0002
  7.2499998E-02  7.249999791383743286132812500000000E-0002
  7.5000003E-02  7.500000298023223876953125000000000E-0002
  7.7500001E-02  7.750000059604644775390625000000000E-0002
  7.9999998E-02  7.999999821186065673828125000000000E-0002
  8.2500003E-02  8.250000327825546264648437500000000E-0002
  8.5000001E-02  8.500000089406967163085937500000000E-0002
  8.7499999E-02  8.749999850988388061523437500000000E-0002
  9.0000004E-02  9.000000357627868652343750000000000E-0002
  9.2500001E-02  9.250000119209289550781250000000000E-0002
  9.4999999E-02  9.499999880790710449218750000000000E-0002
  9.7499996E-02  9.749999642372131347656250000000000E-0002
  0.1000000      0.100000001490116119384765625000000      
  0.1025000      0.102499999105930328369140625000000      
  0.1050000      0.104999996721744537353515625000000      
  0.1075000      0.107500001788139343261718750000000      
  0.1100000      0.109999999403953552246093750000000      
  0.1125000      0.112499997019767761230468750000000      
  0.1150000      0.115000002086162567138671875000000      
  0.1175000      0.117499999701976776123046875000000      
  0.1200000      0.119999997317790985107421875000000      
  0.1225000      0.122500002384185791015625000000000      
  0.1250000      0.125000000000000000000000000000000      
  0.1275000      0.127499997615814208984375000000000      
  0.1300000      0.129999995231628417968750000000000      
  0.1325000      0.132499992847442626953125000000000      
  0.1350000      0.135000005364418029785156250000000      
  0.1375000      0.137500002980232238769531250000000      
  0.1400000      0.140000000596046447753906250000000      
  0.1425000      0.142499998211860656738281250000000      
  0.1450000      0.144999995827674865722656250000000      
  0.1475000      0.147499993443489074707031250000000      
  0.1500000      0.150000005960464477539062500000000      
  0.1525000      0.152500003576278686523437500000000      
  0.1550000      0.155000001192092895507812500000000      
  0.1575000      0.157499998807907104492187500000000      
  0.1600000      0.159999996423721313476562500000000      
  0.1625000      0.162499994039535522460937500000000      
  0.1650000      0.165000006556510925292968750000000      
  0.1675000      0.167500004172325134277343750000000      
  0.1700000      0.170000001788139343261718750000000      
  0.1725000      0.172499999403953552246093750000000      
  0.1750000      0.174999997019767761230468750000000      
  0.1775000      0.177499994635581970214843750000000      
  0.1800000      0.180000007152557373046875000000000      
  0.1825000      0.182500004768371582031250000000000      
  0.1850000      0.185000002384185791015625000000000      
  0.1875000      0.187500000000000000000000000000000      
  0.1900000      0.189999997615814208984375000000000      
  0.1925000      0.192499995231628417968750000000000      
  0.1950000      0.194999992847442626953125000000000      
  0.1975000      0.197500005364418029785156250000000      
  0.2000000      0.200000002980232238769531250000000      
  0.2025000      0.202500000596046447753906250000000      
  0.2050000      0.204999998211860656738281250000000      
  0.2075000      0.207499995827674865722656250000000      
  0.2100000      0.209999993443489074707031250000000      
  0.2125000      0.212500005960464477539062500000000      
  0.2150000      0.215000003576278686523437500000000      
  0.2175000      0.217500001192092895507812500000000      
  0.2200000      0.219999998807907104492187500000000      
  0.2225000      0.222499996423721313476562500000000      
  0.2250000      0.224999994039535522460937500000000      
  0.2275000      0.227500006556510925292968750000000      
  0.2300000      0.230000004172325134277343750000000      
  0.2325000      0.232500001788139343261718750000000      
  0.2350000      0.234999999403953552246093750000000      
  0.2375000      0.237499997019767761230468750000000      
  0.2400000      0.239999994635581970214843750000000      
  0.2425000      0.242500007152557373046875000000000      
  0.2450000      0.245000004768371582031250000000000      
  0.2475000      0.247500002384185791015625000000000      
  0.2500000      0.250000000000000000000000000000000      
  0.2525000      0.252499997615814208984375000000000      
  0.2550000      0.254999995231628417968750000000000      
  0.2575000      0.257499992847442626953125000000000      
  0.2600000      0.259999990463256835937500000000000      
  0.2625000      0.262499988079071044921875000000000      
  0.2650000      0.264999985694885253906250000000000      
  0.2675000      0.267500013113021850585937500000000      
  0.2700000      0.270000010728836059570312500000000      
  0.2725000      0.272500008344650268554687500000000      
  0.2750000      0.275000005960464477539062500000000      
  0.2775000      0.277500003576278686523437500000000      
  0.2800000      0.280000001192092895507812500000000      
  0.2825000      0.282499998807907104492187500000000      
  0.2850000      0.284999996423721313476562500000000      
  0.2875000      0.287499994039535522460937500000000      
  0.2900000      0.289999991655349731445312500000000      
  0.2925000      0.292499989271163940429687500000000      
  0.2950000      0.294999986886978149414062500000000      
  0.2975000      0.297500014305114746093750000000000      
  0.3000000      0.300000011920928955078125000000000      
  0.3025000      0.302500009536743164062500000000000      
  0.3050000      0.305000007152557373046875000000000      
  0.3075000      0.307500004768371582031250000000000      
  0.3100000      0.310000002384185791015625000000000      
  0.3125000      0.312500000000000000000000000000000      
  0.3150000      0.314999997615814208984375000000000      
  0.3175000      0.317499995231628417968750000000000      
  0.3200000      0.319999992847442626953125000000000      
  0.3225000      0.322499990463256835937500000000000      
  0.3250000      0.324999988079071044921875000000000      
  0.3275000      0.327499985694885253906250000000000      
  0.3300000      0.330000013113021850585937500000000      
  0.3325000      0.332500010728836059570312500000000      
  0.3350000      0.335000008344650268554687500000000      
  0.3375000      0.337500005960464477539062500000000      
  0.3400000      0.340000003576278686523437500000000      
  0.3425000      0.342500001192092895507812500000000      
  0.3450000      0.344999998807907104492187500000000      
  0.3475000      0.347499996423721313476562500000000      
  0.3500000      0.349999994039535522460937500000000      
  0.3525000      0.352499991655349731445312500000000      
  0.3550000      0.354999989271163940429687500000000      
  0.3575000      0.357499986886978149414062500000000      
  0.3600000      0.360000014305114746093750000000000      
  0.3625000      0.362500011920928955078125000000000      
  0.3650000      0.365000009536743164062500000000000      
  0.3675000      0.367500007152557373046875000000000      
  0.3700000      0.370000004768371582031250000000000      
  0.3725000      0.372500002384185791015625000000000      
  0.3750000      0.375000000000000000000000000000000      
  0.3775000      0.377499997615814208984375000000000      
  0.3800000      0.379999995231628417968750000000000      
  0.3825000      0.382499992847442626953125000000000      
  0.3850000      0.384999990463256835937500000000000      
  0.3875000      0.387499988079071044921875000000000      
  0.3900000      0.389999985694885253906250000000000      
  0.3925000      0.392500013113021850585937500000000      
  0.3950000      0.395000010728836059570312500000000      
  0.3975000      0.397500008344650268554687500000000      
  0.4000000      0.400000005960464477539062500000000      
  0.4025000      0.402500003576278686523437500000000      
  0.4050000      0.405000001192092895507812500000000      
  0.4075000      0.407499998807907104492187500000000      
  0.4100000      0.409999996423721313476562500000000      
  0.4125000      0.412499994039535522460937500000000      
  0.4150000      0.414999991655349731445312500000000      
  0.4175000      0.417499989271163940429687500000000      
  0.4200000      0.419999986886978149414062500000000      
  0.4225000      0.422500014305114746093750000000000      
  0.4250000      0.425000011920928955078125000000000      
  0.4275000      0.427500009536743164062500000000000      
  0.4300000      0.430000007152557373046875000000000      
  0.4325000      0.432500004768371582031250000000000      
  0.4350000      0.435000002384185791015625000000000      
  0.4375000      0.437500000000000000000000000000000      
  0.4400000      0.439999997615814208984375000000000      
  0.4425000      0.442499995231628417968750000000000      
  0.4450000      0.444999992847442626953125000000000      
  0.4475000      0.447499990463256835937500000000000      
  0.4500000      0.449999988079071044921875000000000      
  0.4525000      0.452499985694885253906250000000000      
  0.4550000      0.455000013113021850585937500000000      
  0.4575000      0.457500010728836059570312500000000      
  0.4600000      0.460000008344650268554687500000000      
  0.4625000      0.462500005960464477539062500000000      
  0.4650000      0.465000003576278686523437500000000      
  0.4675000      0.467500001192092895507812500000000      
  0.4700000      0.469999998807907104492187500000000      
  0.4725000      0.472499996423721313476562500000000      
  0.4750000      0.474999994039535522460937500000000      
  0.4775000      0.477499991655349731445312500000000      
  0.4800000      0.479999989271163940429687500000000      
  0.4825000      0.482499986886978149414062500000000      
  0.4850000      0.485000014305114746093750000000000      
  0.4875000      0.487500011920928955078125000000000      
  0.4900000      0.490000009536743164062500000000000      
  0.4925000      0.492500007152557373046875000000000      
  0.4950000      0.495000004768371582031250000000000      
  0.4975000      0.497500002384185791015625000000000      
  0.5000000      0.500000000000000000000000000000000      
  0.5025000      0.502499997615814208984375000000000      
  0.5050000      0.504999995231628417968750000000000      
  0.5075000      0.507499992847442626953125000000000      
  0.5100000      0.509999990463256835937500000000000      
  0.5125000      0.512499988079071044921875000000000      
  0.5150000      0.514999985694885253906250000000000      
  0.5175000      0.517499983310699462890625000000000      
  0.5200000      0.519999980926513671875000000000000      
  0.5225000      0.522499978542327880859375000000000      
  0.5250000      0.524999976158142089843750000000000      
  0.5275000      0.527499973773956298828125000000000      
  0.5300000      0.529999971389770507812500000000000      
  0.5325000      0.532500028610229492187500000000000      
  0.5350000      0.535000026226043701171875000000000      
  0.5375000      0.537500023841857910156250000000000      
  0.5400000      0.540000021457672119140625000000000      
  0.5425000      0.542500019073486328125000000000000      
  0.5450000      0.545000016689300537109375000000000      
  0.5475000      0.547500014305114746093750000000000      
  0.5500000      0.550000011920928955078125000000000      
  0.5525000      0.552500009536743164062500000000000      
  0.5550000      0.555000007152557373046875000000000      
  0.5575000      0.557500004768371582031250000000000      
  0.5600000      0.560000002384185791015625000000000      
  0.5625000      0.562500000000000000000000000000000      
  0.5650000      0.564999997615814208984375000000000      
  0.5675000      0.567499995231628417968750000000000      
  0.5700000      0.569999992847442626953125000000000      
  0.5725000      0.572499990463256835937500000000000      
  0.5750000      0.574999988079071044921875000000000      
  0.5775000      0.577499985694885253906250000000000      
  0.5800000      0.579999983310699462890625000000000      
  0.5825000      0.582499980926513671875000000000000      
  0.5850000      0.584999978542327880859375000000000      
  0.5875000      0.587499976158142089843750000000000      
  0.5900000      0.589999973773956298828125000000000      
  0.5925000      0.592499971389770507812500000000000      
  0.5950000      0.595000028610229492187500000000000      
  0.5975000      0.597500026226043701171875000000000      
  0.6000000      0.600000023841857910156250000000000      
  0.6025000      0.602500021457672119140625000000000      
  0.6050000      0.605000019073486328125000000000000      
  0.6075000      0.607500016689300537109375000000000      
  0.6100000      0.610000014305114746093750000000000      
  0.6125000      0.612500011920928955078125000000000      
  0.6150000      0.615000009536743164062500000000000      
  0.6175000      0.617500007152557373046875000000000      
  0.6200000      0.620000004768371582031250000000000      
  0.6225000      0.622500002384185791015625000000000      
  0.6250000      0.625000000000000000000000000000000      
  0.6275000      0.627499997615814208984375000000000      
  0.6300000      0.629999995231628417968750000000000      
  0.6325000      0.632499992847442626953125000000000      
  0.6350000      0.634999990463256835937500000000000      
  0.6375000      0.637499988079071044921875000000000      
  0.6400000      0.639999985694885253906250000000000      
  0.6425000      0.642499983310699462890625000000000      
  0.6450000      0.644999980926513671875000000000000      
  0.6475000      0.647499978542327880859375000000000      
  0.6500000      0.649999976158142089843750000000000      
  0.6525000      0.652499973773956298828125000000000      
  0.6550000      0.654999971389770507812500000000000      
  0.6575000      0.657500028610229492187500000000000      
  0.6600000      0.660000026226043701171875000000000      
  0.6625000      0.662500023841857910156250000000000      
  0.6650000      0.665000021457672119140625000000000      
  0.6675000      0.667500019073486328125000000000000      
  0.6700000      0.670000016689300537109375000000000      
  0.6725000      0.672500014305114746093750000000000      
  0.6750000      0.675000011920928955078125000000000      
  0.6775000      0.677500009536743164062500000000000      
  0.6800000      0.680000007152557373046875000000000      
  0.6825000      0.682500004768371582031250000000000      
  0.6850000      0.685000002384185791015625000000000      
  0.6875000      0.687500000000000000000000000000000      
  0.6900000      0.689999997615814208984375000000000      
  0.6925000      0.692499995231628417968750000000000      
  0.6950000      0.694999992847442626953125000000000      
  0.6975000      0.697499990463256835937500000000000      
  0.7000000      0.699999988079071044921875000000000      
  0.7025000      0.702499985694885253906250000000000      
  0.7050000      0.704999983310699462890625000000000      
  0.7075000      0.707499980926513671875000000000000      
  0.7100000      0.709999978542327880859375000000000      
  0.7125000      0.712499976158142089843750000000000      
  0.7150000      0.714999973773956298828125000000000      
  0.7175000      0.717499971389770507812500000000000      
  0.7200000      0.720000028610229492187500000000000      
  0.7225000      0.722500026226043701171875000000000      
  0.7250000      0.725000023841857910156250000000000      
  0.7275000      0.727500021457672119140625000000000      
  0.7300000      0.730000019073486328125000000000000      
  0.7325000      0.732500016689300537109375000000000      
  0.7350000      0.735000014305114746093750000000000      
  0.7375000      0.737500011920928955078125000000000      
  0.7400000      0.740000009536743164062500000000000      
  0.7425000      0.742500007152557373046875000000000      
  0.7450000      0.745000004768371582031250000000000      
  0.7475000      0.747500002384185791015625000000000      
  0.7500000      0.750000000000000000000000000000000      
  0.7525000      0.752499997615814208984375000000000      
  0.7550000      0.754999995231628417968750000000000      
  0.7575000      0.757499992847442626953125000000000      
  0.7600000      0.759999990463256835937500000000000      
  0.7625000      0.762499988079071044921875000000000      
  0.7650000      0.764999985694885253906250000000000      
  0.7675000      0.767499983310699462890625000000000      
  0.7700000      0.769999980926513671875000000000000      
  0.7725000      0.772499978542327880859375000000000      
  0.7750000      0.774999976158142089843750000000000      
  0.7775000      0.777499973773956298828125000000000      
  0.7800000      0.779999971389770507812500000000000      
  0.7825000      0.782500028610229492187500000000000      
  0.7850000      0.785000026226043701171875000000000      
  0.7875000      0.787500023841857910156250000000000      
  0.7900000      0.790000021457672119140625000000000      
  0.7925000      0.792500019073486328125000000000000      
  0.7950000      0.795000016689300537109375000000000      
  0.7975000      0.797500014305114746093750000000000      
  0.8000000      0.800000011920928955078125000000000      
  0.8025000      0.802500009536743164062500000000000      
  0.8050000      0.805000007152557373046875000000000      
  0.8075000      0.807500004768371582031250000000000      
  0.8100000      0.810000002384185791015625000000000      
  0.8125000      0.812500000000000000000000000000000      
  0.8150000      0.814999997615814208984375000000000      
  0.8175000      0.817499995231628417968750000000000      
  0.8200000      0.819999992847442626953125000000000      
  0.8225000      0.822499990463256835937500000000000      
  0.8250000      0.824999988079071044921875000000000      
  0.8275000      0.827499985694885253906250000000000      
  0.8300000      0.829999983310699462890625000000000      
  0.8325000      0.832499980926513671875000000000000      
  0.8350000      0.834999978542327880859375000000000      
  0.8375000      0.837499976158142089843750000000000      
  0.8400000      0.839999973773956298828125000000000      
  0.8425000      0.842499971389770507812500000000000      
  0.8450000      0.845000028610229492187500000000000      
  0.8475000      0.847500026226043701171875000000000      
  0.8500000      0.850000023841857910156250000000000      
  0.8525000      0.852500021457672119140625000000000      
  0.8550000      0.855000019073486328125000000000000      
  0.8575000      0.857500016689300537109375000000000      
  0.8600000      0.860000014305114746093750000000000      
  0.8625000      0.862500011920928955078125000000000      
  0.8650000      0.865000009536743164062500000000000      
  0.8675000      0.867500007152557373046875000000000      
  0.8700000      0.870000004768371582031250000000000      
  0.8725000      0.872500002384185791015625000000000      
  0.8750000      0.875000000000000000000000000000000      
  0.8775000      0.877499997615814208984375000000000      
  0.8800000      0.879999995231628417968750000000000      
  0.8825000      0.882499992847442626953125000000000      
  0.8850000      0.884999990463256835937500000000000      
  0.8875000      0.887499988079071044921875000000000      
  0.8900000      0.889999985694885253906250000000000      
  0.8925000      0.892499983310699462890625000000000      
  0.8950000      0.894999980926513671875000000000000      
  0.8975000      0.897499978542327880859375000000000      
  0.9000000      0.899999976158142089843750000000000      
  0.9025000      0.902499973773956298828125000000000      
  0.9050000      0.904999971389770507812500000000000      
  0.9075000      0.907500028610229492187500000000000      
  0.9100000      0.910000026226043701171875000000000      
  0.9125000      0.912500023841857910156250000000000      
  0.9150000      0.915000021457672119140625000000000      
  0.9175000      0.917500019073486328125000000000000      
  0.9200000      0.920000016689300537109375000000000      
  0.9225000      0.922500014305114746093750000000000      
  0.9250000      0.925000011920928955078125000000000      
  0.9275000      0.927500009536743164062500000000000      
  0.9300000      0.930000007152557373046875000000000      
  0.9325000      0.932500004768371582031250000000000      
  0.9350000      0.935000002384185791015625000000000      
  0.9375000      0.937500000000000000000000000000000      
  0.9400000      0.939999997615814208984375000000000      
  0.9425000      0.942499995231628417968750000000000      
  0.9450000      0.944999992847442626953125000000000      
  0.9475000      0.947499990463256835937500000000000      
  0.9500000      0.949999988079071044921875000000000      
  0.9525000      0.952499985694885253906250000000000      
  0.9550000      0.954999983310699462890625000000000      
  0.9575000      0.957499980926513671875000000000000      
  0.9600000      0.959999978542327880859375000000000      
  0.9625000      0.962499976158142089843750000000000      
  0.9650000      0.964999973773956298828125000000000      
  0.9675000      0.967499971389770507812500000000000      
  0.9700000      0.970000028610229492187500000000000      
  0.9725000      0.972500026226043701171875000000000      
  0.9750000      0.975000023841857910156250000000000      
  0.9775000      0.977500021457672119140625000000000      
  0.9800000      0.980000019073486328125000000000000      
  0.9825000      0.982500016689300537109375000000000      
  0.9850000      0.985000014305114746093750000000000      
  0.9875000      0.987500011920928955078125000000000      
  0.9900000      0.990000009536743164062500000000000      
  0.9925000      0.992500007152557373046875000000000      
  0.9950000      0.995000004768371582031250000000000      
  0.9975000      0.997500002384185791015625000000000      
   1.000000       1.00000000000000000000000000000000      
