  3.5714287E-02  0.0000000E+00
  7.1428575E-02  7.1428642E-02
  0.1071429      0.1071430    
  0.1428571      0.1428573    
  0.1785714      0.1785716    
  0.2142857      0.2142860    
  0.2500000      0.2500003    
  0.2857143      0.2857145    
  0.3214286      0.3214288    
  0.3571429      0.3571432    
  0.3928571      0.3928574    
  0.4285714      0.4285718    
  0.4642857      0.4642861    
  0.5000000      0.5000005    
  0.5357143      0.5357147    
  0.5714286      0.5714290    
  0.6071429      0.6071433    
  0.6428571      0.6428575    
  0.6785714      0.6785717    
  0.7142857      0.7142860    
  0.7500000      0.7500003    
  0.7857143      0.7857146    
  0.8214286      0.8214288    
  0.8571429      0.8571429    
  0.8928571      0.8928573    
  0.9285714      0.9285715    
  0.9642857      0.9642858    
   1.000000       1.000000    
