  3.8461540E-02  3.8461536E-02
  7.6923080E-02  7.6923072E-02
  0.1153846      0.1153846    
  0.1538462      0.1538461    
  0.1923077      0.1923077    
  0.2307692      0.2307692    
  0.2692308      0.2692308    
  0.3076923      0.3076923    
  0.3461539      0.3461538    
  0.3846154      0.3846154    
  0.4230769      0.4230769    
  0.4615385      0.4615384    
  0.5000000      0.5000000    
  0.5384616      0.5384615    
  0.5769231      0.5769230    
  0.6153846      0.6153846    
  0.6538461      0.6538461    
  0.6923077      0.6923077    
  0.7307692      0.7307692    
  0.7692308      0.7692307    
  0.8076923      0.8076923    
  0.8461539      0.8461538    
  0.8846154      0.8846153    
  0.9230769      0.9230769    
  0.9615384      0.9615384    
   1.000000       1.000000    
