  7.1428575E-02  7.142856717109680E-002
  0.1428571      0.142857134342194     
  0.2142857      0.214285701513290     
  0.2857143      0.285714268684387     
  0.3571429      0.357142835855484     
  0.4285714      0.428571403026581     
  0.5000000      0.499999970197678     
  0.5714286      0.571428537368774     
  0.6428571      0.642857074737549     
  0.7142857      0.714285671710968     
  0.7857143      0.785714268684387     
  0.8571429      0.857142806053162     
  0.9285714      0.928571403026581     
   1.000000       1.00000000000000     
