  3.5714287E-02  0.000000000000000000000000000000000E+0000
  7.1428575E-02  7.142857142857142857142857142857124E-0002
  0.1071429      0.107142857142857142857142857142857      
  0.1428571      0.142857142857142857142857142857143      
  0.1785714      0.178571428571428571428571428571428      
  0.2142857      0.214285714285714285714285714285714      
  0.2500000      0.249999999999999999999999999999999      
  0.2857143      0.285714285714285714285714285714285      
  0.3214286      0.321428571428571428571428571428571      
  0.3571429      0.357142857142857142857142857142856      
  0.3928571      0.392857142857142857142857142857142      
  0.4285714      0.428571428571428571428571428571428      
  0.4642857      0.464285714285714285714285714285714      
  0.5000000      0.499999999999999999999999999999999      
  0.5357143      0.535714285714285714285714285714285      
  0.5714286      0.571428571428571428571428571428571      
  0.6071429      0.607142857142857142857142857142856      
  0.6428571      0.642857142857142857142857142857142      
  0.6785714      0.678571428571428571428571428571428      
  0.7142857      0.714285714285714285714285714285714      
  0.7500000      0.750000000000000000000000000000000      
  0.7857143      0.785714285714285714285714285714285      
  0.8214286      0.821428571428571428571428571428571      
  0.8571429      0.857142857142857142857142857142857      
  0.8928571      0.892857142857142857142857142857143      
  0.9285714      0.928571428571428571428571428571428      
  0.9642857      0.964285714285714285714285714285714      
   1.000000       1.00000000000000000000000000000000      
