  1.9607844E-02  0.000000000000000E+000
  3.9215688E-02  3.921568627450977E-002
  5.8823530E-02  5.882352941176471E-002
  7.8431375E-02  7.843137254901954E-002
  9.8039217E-02  9.803921568627445E-002
  0.1176471      0.117647058823529     
  0.1372549      0.137254901960784     
  0.1568628      0.156862745098039     
  0.1764706      0.176470588235294     
  0.1960784      0.196078431372549     
  0.2156863      0.215686274509804     
  0.2352941      0.235294117647059     
  0.2549020      0.254901960784314     
  0.2745098      0.274509803921569     
  0.2941177      0.294117647058824     
  0.3137255      0.313725490196079     
  0.3333333      0.333333333333333     
  0.3529412      0.352941176470588     
  0.3725490      0.372549019607843     
  0.3921569      0.392156862745098     
  0.4117647      0.411764705882353     
  0.4313726      0.431372549019608     
  0.4509804      0.450980392156863     
  0.4705882      0.470588235294118     
  0.4901961      0.490196078431373     
  0.5098040      0.509803921568628     
  0.5294118      0.529411764705883     
  0.5490196      0.549019607843138     
  0.5686275      0.568627450980392     
  0.5882353      0.588235294117647     
  0.6078432      0.607843137254902     
  0.6274510      0.627450980392157     
  0.6470588      0.647058823529412     
  0.6666667      0.666666666666667     
  0.6862745      0.686274509803921     
  0.7058824      0.705882352941176     
  0.7254902      0.725490196078431     
  0.7450981      0.745098039215686     
  0.7647059      0.764705882352941     
  0.7843137      0.784313725490196     
  0.8039216      0.803921568627450     
  0.8235294      0.823529411764705     
  0.8431373      0.843137254901960     
  0.8627451      0.862745098039215     
  0.8823529      0.882352941176470     
  0.9019608      0.901960784313725     
  0.9215686      0.921568627450980     
  0.9411765      0.941176470588235     
  0.9607843      0.960784313725490     
  0.9803922      0.980392156862745     
   1.000000       1.00000000000000     
