  2.2727273E-02  2.272727340459823608398437500000000E-0002
  4.5454547E-02  4.545454680919647216796875000000000E-0002
  6.8181820E-02  6.818182021379470825195312500000000E-0002
  9.0909094E-02  9.090909361839294433593750000000000E-0002
  0.1136364      0.113636367022991180419921875000000      
  0.1363636      0.136363640427589416503906250000000      
  0.1590909      0.159090906381607055664062500000000      
  0.1818182      0.181818187236785888671875000000000      
  0.2045455      0.204545453190803527832031250000000      
  0.2272727      0.227272734045982360839843750000000      
  0.2500000      0.250000000000000000000000000000000      
  0.2727273      0.272727280855178833007812500000000      
  0.2954545      0.295454531908035278320312500000000      
  0.3181818      0.318181812763214111328125000000000      
  0.3409091      0.340909093618392944335937500000000      
  0.3636364      0.363636374473571777343750000000000      
  0.3863636      0.386363625526428222656250000000000      
  0.4090909      0.409090906381607055664062500000000      
  0.4318182      0.431818187236785888671875000000000      
  0.4545455      0.454545468091964721679687500000000      
  0.4772727      0.477272719144821166992187500000000      
  0.5000000      0.500000000000000000000000000000000      
  0.5227273      0.522727251052856445312500000000000      
  0.5454546      0.545454561710357666015625000000000      
  0.5681818      0.568181812763214111328125000000000      
  0.5909091      0.590909063816070556640625000000000      
  0.6136364      0.613636374473571777343750000000000      
  0.6363636      0.636363625526428222656250000000000      
  0.6590909      0.659090936183929443359375000000000      
  0.6818182      0.681818187236785888671875000000000      
  0.7045454      0.704545438289642333984375000000000      
  0.7272727      0.727272748947143554687500000000000      
  0.7500000      0.750000000000000000000000000000000      
  0.7727273      0.772727251052856445312500000000000      
  0.7954546      0.795454561710357666015625000000000      
  0.8181818      0.818181812763214111328125000000000      
  0.8409091      0.840909063816070556640625000000000      
  0.8636364      0.863636374473571777343750000000000      
  0.8863636      0.886363625526428222656250000000000      
  0.9090909      0.909090936183929443359375000000000      
  0.9318182      0.931818187236785888671875000000000      
  0.9545454      0.954545438289642333984375000000000      
  0.9772727      0.977272748947143554687500000000000      
   1.000000       1.00000000000000000000000000000000      
