  1.5625000E-02  1.5624999E-02
  3.1250000E-02  3.1249998E-02
  4.6875000E-02  4.6874996E-02
  6.2500000E-02  6.2499996E-02
  7.8125000E-02  7.8124993E-02
  9.3750000E-02  9.3749993E-02
  0.1093750      0.1093750    
  0.1250000      0.1250000    
  0.1406250      0.1406250    
  0.1562500      0.1562500    
  0.1718750      0.1718750    
  0.1875000      0.1875000    
  0.2031250      0.2031250    
  0.2187500      0.2187500    
  0.2343750      0.2343750    
  0.2500000      0.2500000    
  0.2656250      0.2656250    
  0.2812500      0.2812500    
  0.2968750      0.2968750    
  0.3125000      0.3125000    
  0.3281250      0.3281250    
  0.3437500      0.3437500    
  0.3593750      0.3593750    
  0.3750000      0.3750000    
  0.3906250      0.3906250    
  0.4062500      0.4062500    
  0.4218750      0.4218750    
  0.4375000      0.4375000    
  0.4531250      0.4531250    
  0.4687500      0.4687500    
  0.4843750      0.4843750    
  0.5000000      0.5000000    
  0.5156250      0.5156249    
  0.5312500      0.5312499    
  0.5468750      0.5468749    
  0.5625000      0.5624999    
  0.5781250      0.5781249    
  0.5937500      0.5937499    
  0.6093750      0.6093749    
  0.6250000      0.6249999    
  0.6406250      0.6406249    
  0.6562500      0.6562499    
  0.6718750      0.6718749    
  0.6875000      0.6874999    
  0.7031250      0.7031249    
  0.7187500      0.7187499    
  0.7343750      0.7343749    
  0.7500000      0.7499999    
  0.7656250      0.7656249    
  0.7812500      0.7812499    
  0.7968750      0.7968749    
  0.8125000      0.8124999    
  0.8281250      0.8281249    
  0.8437500      0.8437499    
  0.8593750      0.8593749    
  0.8750000      0.8749999    
  0.8906250      0.8906249    
  0.9062500      0.9062499    
  0.9218750      0.9218749    
  0.9375000      0.9374999    
  0.9531250      0.9531249    
  0.9687500      0.9687499    
  0.9843750      0.9843749    
   1.000000      0.9999999    
