  2.6315790E-02  2.631578780710697E-002
  5.2631579E-02  5.263157561421394E-002
  7.8947365E-02  7.894736528396606E-002
  0.1052632      0.105263151228428     
  0.1315790      0.131578937172890     
  0.1578947      0.157894730567932     
  0.1842105      0.184210509061813     
  0.2105263      0.210526302456856     
  0.2368421      0.236842095851898     
  0.2631579      0.263157874345779     
  0.2894737      0.289473652839661     
  0.3157895      0.315789461135864     
  0.3421053      0.342105239629745     
  0.3684210      0.368421018123627     
  0.3947369      0.394736826419830     
  0.4210526      0.421052604913712     
  0.4473684      0.447368383407593     
  0.4736842      0.473684191703796     
  0.5000000      0.499999970197678     
  0.5263158      0.526315748691559     
  0.5526316      0.552631556987762     
  0.5789474      0.578947305679321     
  0.6052632      0.605263113975525     
  0.6315789      0.631578922271729     
  0.6578947      0.657894670963287     
  0.6842105      0.684210479259491     
  0.7105263      0.710526287555695     
  0.7368421      0.736842036247253     
  0.7631579      0.763157844543457     
  0.7894737      0.789473652839661     
  0.8157895      0.815789401531219     
  0.8421053      0.842105209827423     
  0.8684211      0.868421018123627     
  0.8947368      0.894736766815186     
  0.9210526      0.921052575111389     
  0.9473684      0.947368383407593     
  0.9736842      0.973684191703796     
   1.000000       1.00000000000000     
