  1.2658228E-02  1.265822723507881E-002
  2.5316456E-02  2.531645447015762E-002
  3.7974682E-02  3.797468170523643E-002
  5.0632913E-02  5.063290894031525E-002
  6.3291140E-02  6.329113245010376E-002
  7.5949363E-02  7.594936341047287E-002
  8.8607594E-02  8.860759437084198E-002
  0.1012658      0.101265817880630     
  0.1139240      0.113924041390419     
  0.1265823      0.126582264900208     
  0.1392405      0.139240503311157     
  0.1518987      0.151898726820946     
  0.1645570      0.164556950330734     
  0.1772152      0.177215188741684     
  0.1898734      0.189873412251472     
  0.2025317      0.202531635761261     
  0.2151899      0.215189859271049     
  0.2278481      0.227848082780838     
  0.2405063      0.240506321191788     
  0.2531646      0.253164529800415     
  0.2658228      0.265822768211365     
  0.2784810      0.278481006622314     
  0.2911392      0.291139215230942     
  0.3037975      0.303797453641891     
  0.3164557      0.316455692052841     
  0.3291139      0.329113900661469     
  0.3417721      0.341772139072418     
  0.3544304      0.354430377483368     
  0.3670886      0.367088586091995     
  0.3797468      0.379746824502945     
  0.3924051      0.392405033111572     
  0.4050633      0.405063271522522     
  0.4177215      0.417721509933472     
  0.4303797      0.430379718542099     
  0.4430380      0.443037956953049     
  0.4556962      0.455696165561676     
  0.4683544      0.468354403972626     
  0.4810127      0.481012642383575     
  0.4936709      0.493670850992203     
  0.5063291      0.506329059600830     
  0.5189874      0.518987298011780     
  0.5316456      0.531645536422729     
  0.5443038      0.544303774833679     
  0.5569620      0.556962013244629     
  0.5696203      0.569620251655579     
  0.5822785      0.582278430461884     
  0.5949367      0.594936668872833     
  0.6075949      0.607594907283783     
  0.6202531      0.620253145694733     
  0.6329114      0.632911384105682     
  0.6455696      0.645569562911987     
  0.6582279      0.658227801322937     
  0.6708861      0.670886039733887     
  0.6835443      0.683544278144836     
  0.6962025      0.696202516555786     
  0.7088608      0.708860754966736     
  0.7215190      0.721518933773041     
  0.7341772      0.734177172183990     
  0.7468355      0.746835410594940     
  0.7594936      0.759493649005890     
  0.7721519      0.772151887416840     
  0.7848101      0.784810066223145     
  0.7974684      0.797468304634094     
  0.8101266      0.810126543045044     
  0.8227848      0.822784781455994     
  0.8354430      0.835443019866943     
  0.8481013      0.848101198673248     
  0.8607595      0.860759437084198     
  0.8734177      0.873417675495148     
  0.8860760      0.886075913906097     
  0.8987342      0.898734152317047     
  0.9113924      0.911392331123352     
  0.9240506      0.924050569534302     
  0.9367089      0.936708807945251     
  0.9493671      0.949367046356201     
  0.9620253      0.962025284767151     
  0.9746835      0.974683523178101     
  0.9873418      0.987341761589050     
   1.000000       1.00000000000000     
