  1.4705882E-02  0.000000000000000E+000
  2.9411765E-02  2.941176470588234E-002
  4.4117648E-02  4.411764705882350E-002
  5.8823530E-02  5.882352941176472E-002
  7.3529415E-02  7.352941176470587E-002
  8.8235296E-02  8.823529411764701E-002
  0.1029412      0.102941176470588     
  0.1176471      0.117647058823529     
  0.1323529      0.132352941176471     
  0.1470588      0.147058823529412     
  0.1617647      0.161764705882353     
  0.1764706      0.176470588235294     
  0.1911765      0.191176470588235     
  0.2058824      0.205882352941176     
  0.2205882      0.220588235294118     
  0.2352941      0.235294117647059     
  0.2500000      0.250000000000000     
  0.2647059      0.264705882352941     
  0.2794118      0.279411764705882     
  0.2941177      0.294117647058823     
  0.3088235      0.308823529411765     
  0.3235294      0.323529411764706     
  0.3382353      0.338235294117647     
  0.3529412      0.352941176470588     
  0.3676471      0.367647058823529     
  0.3823529      0.382352941176470     
  0.3970588      0.397058823529411     
  0.4117647      0.411764705882353     
  0.4264706      0.426470588235294     
  0.4411765      0.441176470588235     
  0.4558823      0.455882352941176     
  0.4705882      0.470588235294117     
  0.4852941      0.485294117647059     
  0.5000000      0.500000000000000     
  0.5147059      0.514705882352941     
  0.5294118      0.529411764705882     
  0.5441176      0.544117647058823     
  0.5588235      0.558823529411764     
  0.5735294      0.573529411764705     
  0.5882353      0.588235294117646     
  0.6029412      0.602941176470587     
  0.6176471      0.617647058823529     
  0.6323529      0.632352941176470     
  0.6470588      0.647058823529411     
  0.6617647      0.661764705882352     
  0.6764706      0.676470588235293     
  0.6911765      0.691176470588234     
  0.7058824      0.705882352941176     
  0.7205882      0.720588235294117     
  0.7352941      0.735294117647058     
  0.7500000      0.749999999999999     
  0.7647059      0.764705882352940     
  0.7794118      0.779411764705882     
  0.7941176      0.794117647058823     
  0.8088235      0.808823529411764     
  0.8235294      0.823529411764705     
  0.8382353      0.838235294117646     
  0.8529412      0.852941176470587     
  0.8676471      0.867647058823528     
  0.8823529      0.882352941176470     
  0.8970588      0.897058823529411     
  0.9117647      0.911764705882352     
  0.9264706      0.926470588235293     
  0.9411765      0.941176470588235     
  0.9558824      0.955882352941176     
  0.9705882      0.970588235294117     
  0.9852941      0.985294117647058     
   1.000000       1.00000000000000     
