  1.0526316E-02  1.0526315E-02
  2.1052632E-02  2.1052631E-02
  3.1578947E-02  3.1578947E-02
  4.2105265E-02  4.2105261E-02
  5.2631579E-02  5.2631576E-02
  6.3157894E-02  6.3157894E-02
  7.3684208E-02  7.3684208E-02
  8.4210530E-02  8.4210522E-02
  9.4736844E-02  9.4736837E-02
  0.1052632      0.1052632    
  0.1157895      0.1157895    
  0.1263158      0.1263158    
  0.1368421      0.1368421    
  0.1473684      0.1473684    
  0.1578947      0.1578947    
  0.1684211      0.1684210    
  0.1789474      0.1789474    
  0.1894737      0.1894737    
  0.2000000      0.2000000    
  0.2105263      0.2105263    
  0.2210526      0.2210526    
  0.2315789      0.2315789    
  0.2421053      0.2421052    
  0.2526316      0.2526316    
  0.2631579      0.2631579    
  0.2736842      0.2736842    
  0.2842105      0.2842105    
  0.2947368      0.2947368    
  0.3052632      0.3052631    
  0.3157895      0.3157895    
  0.3263158      0.3263158    
  0.3368421      0.3368421    
  0.3473684      0.3473684    
  0.3578947      0.3578947    
  0.3684210      0.3684210    
  0.3789474      0.3789473    
  0.3894737      0.3894737    
  0.4000000      0.4000000    
  0.4105263      0.4105263    
  0.4210526      0.4210526    
  0.4315789      0.4315789    
  0.4421053      0.4421052    
  0.4526316      0.4526316    
  0.4631579      0.4631579    
  0.4736842      0.4736842    
  0.4842105      0.4842105    
  0.4947369      0.4947368    
  0.5052631      0.5052631    
  0.5157894      0.5157894    
  0.5263158      0.5263157    
  0.5368421      0.5368421    
  0.5473684      0.5473684    
  0.5578948      0.5578947    
  0.5684211      0.5684210    
  0.5789474      0.5789474    
  0.5894737      0.5894737    
  0.6000000      0.6000000    
  0.6105263      0.6105263    
  0.6210526      0.6210526    
  0.6315789      0.6315789    
  0.6421053      0.6421052    
  0.6526316      0.6526315    
  0.6631579      0.6631579    
  0.6736842      0.6736842    
  0.6842105      0.6842105    
  0.6947368      0.6947368    
  0.7052631      0.7052631    
  0.7157895      0.7157894    
  0.7263158      0.7263157    
  0.7368421      0.7368421    
  0.7473684      0.7473684    
  0.7578948      0.7578947    
  0.7684211      0.7684210    
  0.7789474      0.7789474    
  0.7894737      0.7894737    
  0.8000000      0.8000000    
  0.8105263      0.8105263    
  0.8210526      0.8210526    
  0.8315790      0.8315789    
  0.8421053      0.8421052    
  0.8526316      0.8526316    
  0.8631579      0.8631579    
  0.8736842      0.8736842    
  0.8842105      0.8842105    
  0.8947368      0.8947368    
  0.9052632      0.9052631    
  0.9157895      0.9157894    
  0.9263158      0.9263157    
  0.9368421      0.9368421    
  0.9473684      0.9473684    
  0.9578947      0.9578947    
  0.9684210      0.9684210    
  0.9789473      0.9789473    
  0.9894737      0.9894737    
   1.000000       1.000000    
