  1.1494253E-02  1.149425189942122E-002
  2.2988506E-02  2.298850379884243E-002
  3.4482758E-02  3.448275476694107E-002
  4.5977011E-02  4.597700759768486E-002
  5.7471264E-02  5.747126042842865E-002
  6.8965517E-02  6.896550953388214E-002
  8.0459774E-02  8.045976608991623E-002
  9.1954023E-02  9.195401519536972E-002
  0.1034483      0.103448264300823     
  0.1149425      0.114942520856857     
  0.1264368      0.126436769962311     
  0.1379310      0.137931019067764     
  0.1494253      0.149425268173218     
  0.1609195      0.160919532179832     
  0.1724138      0.172413781285286     
  0.1839080      0.183908030390739     
  0.1954023      0.195402279496193     
  0.2068966      0.206896528601646     
  0.2183908      0.218390792608261     
  0.2298851      0.229885041713715     
  0.2413793      0.241379290819168     
  0.2528736      0.252873539924622     
  0.2643678      0.264367789030075     
  0.2758621      0.275862038135529     
  0.2873563      0.287356287240982     
  0.2988506      0.298850536346436     
  0.3103448      0.310344815254211     
  0.3218391      0.321839064359665     
  0.3333333      0.333333313465118     
  0.3448276      0.344827562570572     
  0.3563218      0.356321811676025     
  0.3678161      0.367816060781479     
  0.3793103      0.379310309886932     
  0.3908046      0.390804558992386     
  0.4022988      0.402298808097839     
  0.4137931      0.413793057203293     
  0.4252874      0.425287306308746     
  0.4367816      0.436781585216522     
  0.4482759      0.448275834321976     
  0.4597701      0.459770083427429     
  0.4712644      0.471264332532883     
  0.4827586      0.482758581638336     
  0.4942529      0.494252830743790     
  0.5057471      0.505747079849243     
  0.5172414      0.517241358757019     
  0.5287356      0.528735578060150     
  0.5402299      0.540229856967926     
  0.5517241      0.551724076271057     
  0.5632184      0.563218355178833     
  0.5747126      0.574712574481964     
  0.5862069      0.586206853389740     
  0.5977011      0.597701072692871     
  0.6091954      0.609195351600647     
  0.6206896      0.620689630508423     
  0.6321839      0.632183849811554     
  0.6436782      0.643678128719330     
  0.6551724      0.655172348022461     
  0.6666667      0.666666626930237     
  0.6781609      0.678160846233368     
  0.6896552      0.689655125141144     
  0.7011494      0.701149344444275     
  0.7126437      0.712643623352051     
  0.7241379      0.724137842655182     
  0.7356322      0.735632121562958     
  0.7471265      0.747126400470734     
  0.7586207      0.758620619773865     
  0.7701150      0.770114898681641     
  0.7816092      0.781609117984772     
  0.7931035      0.793103396892548     
  0.8045977      0.804597616195679     
  0.8160920      0.816091895103455     
  0.8275862      0.827586114406586     
  0.8390805      0.839080393314362     
  0.8505747      0.850574612617493     
  0.8620690      0.862068891525269     
  0.8735632      0.873563170433044     
  0.8850574      0.885057389736176     
  0.8965517      0.896551668643951     
  0.9080459      0.908045887947083     
  0.9195402      0.919540166854858     
  0.9310345      0.931034386157990     
  0.9425287      0.942528665065765     
  0.9540230      0.954022884368896     
  0.9655172      0.965517163276672     
  0.9770115      0.977011501789093     
  0.9885057      0.988505721092224     
   1.000000       1.00000000000000     
