  2.4390243E-02  0.000000000000000E+000
  4.8780486E-02  4.878048780487819E-002
  7.3170729E-02  7.317073170731726E-002
  9.7560972E-02  9.756097560975638E-002
  0.1219512      0.121951219512195     
  0.1463415      0.146341463414635     
  0.1707317      0.170731707317074     
  0.1951219      0.195121951219513     
  0.2195122      0.219512195121952     
  0.2439024      0.243902439024391     
  0.2682927      0.268292682926830     
  0.2926829      0.292682926829269     
  0.3170732      0.317073170731708     
  0.3414634      0.341463414634147     
  0.3658537      0.365853658536586     
  0.3902439      0.390243902439025     
  0.4146341      0.414634146341464     
  0.4390244      0.439024390243904     
  0.4634146      0.463414634146343     
  0.4878049      0.487804878048782     
  0.5121951      0.512195121951221     
  0.5365854      0.536585365853660     
  0.5609756      0.560975609756099     
  0.5853658      0.585365853658538     
  0.6097561      0.609756097560977     
  0.6341463      0.634146341463416     
  0.6585366      0.658536585365855     
  0.6829268      0.682926829268294     
  0.7073171      0.707317073170733     
  0.7317073      0.731707317073172     
  0.7560976      0.756097560975611     
  0.7804878      0.780487804878050     
  0.8048781      0.804878048780489     
  0.8292683      0.829268292682928     
  0.8536586      0.853658536585367     
  0.8780488      0.878048780487806     
  0.9024390      0.902439024390245     
  0.9268293      0.926829268292684     
  0.9512195      0.951219512195123     
  0.9756098      0.975609756097561     
   1.000000       1.00000000000000     
