  1.5151516E-02  1.515151467174292E-002
  3.0303031E-02  3.030302934348583E-002
  4.5454547E-02  4.545454308390617E-002
  6.0606062E-02  6.060605868697166E-002
  7.5757578E-02  7.575757056474686E-002
  9.0909094E-02  9.090908616781235E-002
  0.1060606      0.106060601770878     
  0.1212121      0.121212117373943     
  0.1363636      0.136363625526428     
  0.1515152      0.151515141129494     
  0.1666667      0.166666656732559     
  0.1818182      0.181818172335625     
  0.1969697      0.196969687938690     
  0.2121212      0.212121203541756     
  0.2272727      0.227272719144821     
  0.2424242      0.242424234747887     
  0.2575758      0.257575750350952     
  0.2727273      0.272727251052856     
  0.2878788      0.287878781557083     
  0.3030303      0.303030282258987     
  0.3181818      0.318181812763214     
  0.3333333      0.333333313465118     
  0.3484848      0.348484843969345     
  0.3636364      0.363636344671249     
  0.3787879      0.378787875175476     
  0.3939394      0.393939375877380     
  0.4090909      0.409090906381607     
  0.4242424      0.424242407083511     
  0.4393939      0.439393937587738     
  0.4545455      0.454545438289642     
  0.4696970      0.469696968793869     
  0.4848485      0.484848469495773     
  0.5000000      0.499999970197678     
  0.5151515      0.515151500701904     
  0.5303030      0.530303001403809     
  0.5454546      0.545454502105713     
  0.5606061      0.560606062412262     
  0.5757576      0.575757563114166     
  0.5909091      0.590909063816071     
  0.6060606      0.606060564517975     
  0.6212121      0.621212124824524     
  0.6363636      0.636363625526428     
  0.6515151      0.651515126228333     
  0.6666667      0.666666626930237     
  0.6818182      0.681818187236786     
  0.6969697      0.696969687938690     
  0.7121212      0.712121188640594     
  0.7272727      0.727272689342499     
  0.7424242      0.742424190044403     
  0.7575758      0.757575750350952     
  0.7727273      0.772727251052856     
  0.7878788      0.787878751754761     
  0.8030303      0.803030252456665     
  0.8181818      0.818181812763214     
  0.8333333      0.833333313465118     
  0.8484849      0.848484814167023     
  0.8636364      0.863636314868927     
  0.8787879      0.878787875175476     
  0.8939394      0.893939375877380     
  0.9090909      0.909090876579285     
  0.9242424      0.924242377281189     
  0.9393939      0.939393937587738     
  0.9545454      0.954545438289642     
  0.9696970      0.969696938991547     
  0.9848485      0.984848499298096     
   1.000000       1.00000000000000     
