  1.1363637E-02  0.000000000000000000000000000000000E+0000
  2.2727273E-02  2.272727272727272727272727272727242E-0002
  3.4090910E-02  3.409090909090909090909090909090866E-0002
  4.5454547E-02  4.545454545454545454545454545454485E-0002
  5.6818184E-02  5.681818181818181818181818181818111E-0002
  6.8181820E-02  6.818181818181818181818181818181726E-0002
  7.9545453E-02  7.954545454545454545454545454545350E-0002
  9.0909094E-02  9.090909090909090909090909090908967E-0002
  0.1022727      0.102272727272727272727272727272726      
  0.1136364      0.113636363636363636363636363636362      
  0.1250000      0.124999999999999999999999999999998      
  0.1363636      0.136363636363636363636363636363635      
  0.1477273      0.147727272727272727272727272727271      
  0.1590909      0.159090909090909090909090909090907      
  0.1704545      0.170454545454545454545454545454543      
  0.1818182      0.181818181818181818181818181818180      
  0.1931818      0.193181818181818181818181818181816      
  0.2045455      0.204545454545454545454545454545452      
  0.2159091      0.215909090909090909090909090909088      
  0.2272727      0.227272727272727272727272727272725      
  0.2386364      0.238636363636363636363636363636361      
  0.2500000      0.249999999999999999999999999999997      
  0.2613636      0.261363636363636363636363636363634      
  0.2727273      0.272727272727272727272727272727270      
  0.2840909      0.284090909090909090909090909090906      
  0.2954545      0.295454545454545454545454545454542      
  0.3068182      0.306818181818181818181818181818178      
  0.3181818      0.318181818181818181818181818181815      
  0.3295455      0.329545454545454545454545454545451      
  0.3409091      0.340909090909090909090909090909087      
  0.3522727      0.352272727272727272727272727272724      
  0.3636364      0.363636363636363636363636363636360      
  0.3750000      0.374999999999999999999999999999996      
  0.3863636      0.386363636363636363636363636363633      
  0.3977273      0.397727272727272727272727272727269      
  0.4090909      0.409090909090909090909090909090905      
  0.4204545      0.420454545454545454545454545454541      
  0.4318182      0.431818181818181818181818181818178      
  0.4431818      0.443181818181818181818181818181814      
  0.4545455      0.454545454545454545454545454545450      
  0.4659091      0.465909090909090909090909090909086      
  0.4772727      0.477272727272727272727272727272722      
  0.4886364      0.488636363636363636363636363636359      
  0.5000000      0.499999999999999999999999999999995      
  0.5113636      0.511363636363636363636363636363631      
  0.5227273      0.522727272727272727272727272727268      
  0.5340909      0.534090909090909090909090909090904      
  0.5454546      0.545454545454545454545454545454540      
  0.5568182      0.556818181818181818181818181818176      
  0.5681818      0.568181818181818181818181818181813      
  0.5795454      0.579545454545454545454545454545449      
  0.5909091      0.590909090909090909090909090909085      
  0.6022727      0.602272727272727272727272727272722      
  0.6136364      0.613636363636363636363636363636358      
  0.6250000      0.624999999999999999999999999999995      
  0.6363636      0.636363636363636363636363636363631      
  0.6477273      0.647727272727272727272727272727267      
  0.6590909      0.659090909090909090909090909090904      
  0.6704546      0.670454545454545454545454545454540      
  0.6818182      0.681818181818181818181818181818176      
  0.6931818      0.693181818181818181818181818181813      
  0.7045454      0.704545454545454545454545454545449      
  0.7159091      0.715909090909090909090909090909086      
  0.7272727      0.727272727272727272727272727272722      
  0.7386364      0.738636363636363636363636363636359      
  0.7500000      0.749999999999999999999999999999995      
  0.7613636      0.761363636363636363636363636363631      
  0.7727273      0.772727272727272727272727272727268      
  0.7840909      0.784090909090909090909090909090904      
  0.7954546      0.795454545454545454545454545454541      
  0.8068182      0.806818181818181818181818181818178      
  0.8181818      0.818181818181818181818181818181814      
  0.8295454      0.829545454545454545454545454545451      
  0.8409091      0.840909090909090909090909090909087      
  0.8522727      0.852272727272727272727272727272724      
  0.8636364      0.863636363636363636363636363636360      
  0.8750000      0.874999999999999999999999999999997      
  0.8863636      0.886363636363636363636363636363633      
  0.8977273      0.897727272727272727272727272727270      
  0.9090909      0.909090909090909090909090909090906      
  0.9204546      0.920454545454545454545454545454543      
  0.9318182      0.931818181818181818181818181818180      
  0.9431818      0.943181818181818181818181818181816      
  0.9545454      0.954545454545454545454545454545453      
  0.9659091      0.965909090909090909090909090909090      
  0.9772727      0.977272727272727272727272727272727      
  0.9886364      0.988636363636363636363636363636363      
   1.000000       1.00000000000000000000000000000000      
