  3.1250000E-02  0.0000000E+00
  6.2500000E-02  6.2500201E-02
  9.3750000E-02  9.3750268E-02
  0.1250000      0.1250004    
  0.1562500      0.1562505    
  0.1875000      0.1875005    
  0.2187500      0.2187507    
  0.2500000      0.2500007    
  0.2812500      0.2812508    
  0.3125000      0.3125010    
  0.3437500      0.3437509    
  0.3750000      0.3750010    
  0.4062500      0.4062510    
  0.4375000      0.4375012    
  0.4687500      0.4687512    
  0.5000000      0.5000013    
  0.5312500      0.5312513    
  0.5625000      0.5625013    
  0.5937500      0.5937515    
  0.6250000      0.6250015    
  0.6562500      0.6562516    
  0.6875000      0.6875015    
  0.7187500      0.7187515    
  0.7500000      0.7500016    
  0.7812500      0.7812515    
  0.8125000      0.8125014    
  0.8437500      0.8437512    
  0.8750000      0.8750011    
  0.9062500      0.9062510    
  0.9375000      0.9375008    
  0.9687500      0.9687505    
   1.000000       1.000000    
