  1.7241379E-02  1.724137924611568E-002
  3.4482758E-02  3.448275849223137E-002
  5.1724140E-02  5.172413587570190E-002
  6.8965517E-02  6.896551698446274E-002
  8.6206898E-02  8.620689809322357E-002
  0.1034483      0.103448271751404     
  0.1206897      0.120689652860165     
  0.1379310      0.137931033968925     
  0.1551724      0.155172407627106     
  0.1724138      0.172413796186447     
  0.1896552      0.189655169844627     
  0.2068966      0.206896543502808     
  0.2241379      0.224137932062149     
  0.2413793      0.241379305720329     
  0.2586207      0.258620679378510     
  0.2758621      0.275862067937851     
  0.2931035      0.293103456497192     
  0.3103448      0.310344815254211     
  0.3275862      0.327586203813553     
  0.3448276      0.344827592372894     
  0.3620690      0.362068951129913     
  0.3793103      0.379310339689255     
  0.3965517      0.396551728248596     
  0.4137931      0.413793087005615     
  0.4310345      0.431034475564957     
  0.4482759      0.448275864124298     
  0.4655173      0.465517252683640     
  0.4827586      0.482758611440659     
  0.5000000      0.500000000000000     
  0.5172414      0.517241358757019     
  0.5344828      0.534482777118683     
  0.5517241      0.551724135875702     
  0.5689655      0.568965494632721     
  0.5862069      0.586206912994385     
  0.6034483      0.603448271751404     
  0.6206896      0.620689630508423     
  0.6379310      0.637931048870087     
  0.6551724      0.655172407627106     
  0.6724138      0.672413766384125     
  0.6896552      0.689655184745789     
  0.7068965      0.706896543502808     
  0.7241379      0.724137902259827     
  0.7413793      0.741379320621490     
  0.7586207      0.758620679378510     
  0.7758621      0.775862038135529     
  0.7931035      0.793103456497192     
  0.8103448      0.810344815254211     
  0.8275862      0.827586174011230     
  0.8448276      0.844827592372894     
  0.8620690      0.862068951129913     
  0.8793104      0.879310369491577     
  0.8965517      0.896551728248596     
  0.9137931      0.913793087005615     
  0.9310345      0.931034505367279     
  0.9482759      0.948275864124298     
  0.9655172      0.965517222881317     
  0.9827586      0.982758641242981     
   1.000000       1.00000000000000     
