  2.4999999E-03  2.4999999E-03
  4.9999999E-03  4.9999999E-03
  7.4999998E-03  7.4999998E-03
  9.9999998E-03  9.9999998E-03
  1.2500000E-02  1.2499999E-02
  1.5000000E-02  1.5000000E-02
  1.7500000E-02  1.7500000E-02
  2.0000000E-02  2.0000000E-02
  2.2500001E-02  2.2499999E-02
  2.5000000E-02  2.4999999E-02
  2.7500000E-02  2.7500000E-02
  2.9999999E-02  2.9999999E-02
  3.2499999E-02  3.2499999E-02
  3.5000000E-02  3.5000000E-02
  3.7500001E-02  3.7499998E-02
  3.9999999E-02  3.9999999E-02
  4.2500000E-02  4.2500000E-02
  4.5000002E-02  4.4999998E-02
  4.7499999E-02  4.7499999E-02
  5.0000001E-02  4.9999997E-02
  5.2499998E-02  5.2499998E-02
  5.5000000E-02  5.5000000E-02
  5.7500001E-02  5.7499997E-02
  5.9999999E-02  5.9999999E-02
  6.2500000E-02  6.2500000E-02
  6.4999998E-02  6.4999998E-02
  6.7500003E-02  6.7499995E-02
  7.0000000E-02  7.0000000E-02
  7.2499998E-02  7.2499998E-02
  7.5000003E-02  7.4999996E-02
  7.7500001E-02  7.7500001E-02
  7.9999998E-02  7.9999998E-02
  8.2500003E-02  8.2499996E-02
  8.5000001E-02  8.5000001E-02
  8.7499999E-02  8.7499999E-02
  9.0000004E-02  8.9999996E-02
  9.2500001E-02  9.2500001E-02
  9.4999999E-02  9.4999999E-02
  9.7499996E-02  9.7499996E-02
  0.1000000      0.1000000    
  0.1025000      0.1025000    
  0.1050000      0.1050000    
  0.1075000      0.1075000    
  0.1100000      0.1100000    
  0.1125000      0.1125000    
  0.1150000      0.1150000    
  0.1175000      0.1175000    
  0.1200000      0.1200000    
  0.1225000      0.1225000    
  0.1250000      0.1250000    
  0.1275000      0.1275000    
  0.1300000      0.1300000    
  0.1325000      0.1325000    
  0.1350000      0.1350000    
  0.1375000      0.1375000    
  0.1400000      0.1400000    
  0.1425000      0.1425000    
  0.1450000      0.1450000    
  0.1475000      0.1475000    
  0.1500000      0.1500000    
  0.1525000      0.1525000    
  0.1550000      0.1550000    
  0.1575000      0.1575000    
  0.1600000      0.1600000    
  0.1625000      0.1625000    
  0.1650000      0.1650000    
  0.1675000      0.1675000    
  0.1700000      0.1700000    
  0.1725000      0.1725000    
  0.1750000      0.1750000    
  0.1775000      0.1775000    
  0.1800000      0.1800000    
  0.1825000      0.1825000    
  0.1850000      0.1850000    
  0.1875000      0.1875000    
  0.1900000      0.1900000    
  0.1925000      0.1925000    
  0.1950000      0.1950000    
  0.1975000      0.1975000    
  0.2000000      0.2000000    
  0.2025000      0.2025000    
  0.2050000      0.2050000    
  0.2075000      0.2075000    
  0.2100000      0.2100000    
  0.2125000      0.2125000    
  0.2150000      0.2150000    
  0.2175000      0.2175000    
  0.2200000      0.2200000    
  0.2225000      0.2225000    
  0.2250000      0.2250000    
  0.2275000      0.2275000    
  0.2300000      0.2300000    
  0.2325000      0.2325000    
  0.2350000      0.2350000    
  0.2375000      0.2375000    
  0.2400000      0.2400000    
  0.2425000      0.2425000    
  0.2450000      0.2450000    
  0.2475000      0.2475000    
  0.2500000      0.2500000    
  0.2525000      0.2525000    
  0.2550000      0.2550000    
  0.2575000      0.2575000    
  0.2600000      0.2600000    
  0.2625000      0.2625000    
  0.2650000      0.2650000    
  0.2675000      0.2675000    
  0.2700000      0.2700000    
  0.2725000      0.2725000    
  0.2750000      0.2750000    
  0.2775000      0.2775000    
  0.2800000      0.2800000    
  0.2825000      0.2825000    
  0.2850000      0.2850000    
  0.2875000      0.2875000    
  0.2900000      0.2900000    
  0.2925000      0.2925000    
  0.2950000      0.2950000    
  0.2975000      0.2975000    
  0.3000000      0.3000000    
  0.3025000      0.3025000    
  0.3050000      0.3050000    
  0.3075000      0.3075000    
  0.3100000      0.3100000    
  0.3125000      0.3125000    
  0.3150000      0.3150000    
  0.3175000      0.3175000    
  0.3200000      0.3200000    
  0.3225000      0.3225000    
  0.3250000      0.3250000    
  0.3275000      0.3275000    
  0.3300000      0.3300000    
  0.3325000      0.3325000    
  0.3350000      0.3350000    
  0.3375000      0.3375000    
  0.3400000      0.3400000    
  0.3425000      0.3425000    
  0.3450000      0.3450000    
  0.3475000      0.3475000    
  0.3500000      0.3500000    
  0.3525000      0.3525000    
  0.3550000      0.3550000    
  0.3575000      0.3575000    
  0.3600000      0.3600000    
  0.3625000      0.3625000    
  0.3650000      0.3650000    
  0.3675000      0.3675000    
  0.3700000      0.3700000    
  0.3725000      0.3725000    
  0.3750000      0.3750000    
  0.3775000      0.3775000    
  0.3800000      0.3800000    
  0.3825000      0.3825000    
  0.3850000      0.3850000    
  0.3875000      0.3875000    
  0.3900000      0.3900000    
  0.3925000      0.3925000    
  0.3950000      0.3950000    
  0.3975000      0.3975000    
  0.4000000      0.4000000    
  0.4025000      0.4025000    
  0.4050000      0.4050000    
  0.4075000      0.4075000    
  0.4100000      0.4100000    
  0.4125000      0.4125000    
  0.4150000      0.4150000    
  0.4175000      0.4175000    
  0.4200000      0.4200000    
  0.4225000      0.4225000    
  0.4250000      0.4250000    
  0.4275000      0.4275000    
  0.4300000      0.4300000    
  0.4325000      0.4325000    
  0.4350000      0.4350000    
  0.4375000      0.4375000    
  0.4400000      0.4400000    
  0.4425000      0.4425000    
  0.4450000      0.4450000    
  0.4475000      0.4475000    
  0.4500000      0.4500000    
  0.4525000      0.4525000    
  0.4550000      0.4550000    
  0.4575000      0.4575000    
  0.4600000      0.4600000    
  0.4625000      0.4625000    
  0.4650000      0.4650000    
  0.4675000      0.4675000    
  0.4700000      0.4700000    
  0.4725000      0.4725000    
  0.4750000      0.4750000    
  0.4775000      0.4775000    
  0.4800000      0.4800000    
  0.4825000      0.4825000    
  0.4850000      0.4850000    
  0.4875000      0.4875000    
  0.4900000      0.4900000    
  0.4925000      0.4925000    
  0.4950000      0.4950000    
  0.4975000      0.4975000    
  0.5000000      0.5000000    
  0.5025000      0.5025000    
  0.5050000      0.5050000    
  0.5075000      0.5075000    
  0.5100000      0.5100000    
  0.5125000      0.5125000    
  0.5150000      0.5150000    
  0.5175000      0.5175000    
  0.5200000      0.5200000    
  0.5225000      0.5225000    
  0.5250000      0.5250000    
  0.5275000      0.5275000    
  0.5300000      0.5300000    
  0.5325000      0.5325000    
  0.5350000      0.5350000    
  0.5375000      0.5375000    
  0.5400000      0.5400000    
  0.5425000      0.5425000    
  0.5450000      0.5450000    
  0.5475000      0.5475000    
  0.5500000      0.5500000    
  0.5525000      0.5525000    
  0.5550000      0.5550000    
  0.5575000      0.5575000    
  0.5600000      0.5600000    
  0.5625000      0.5625000    
  0.5650000      0.5650000    
  0.5675000      0.5675000    
  0.5700000      0.5700000    
  0.5725000      0.5725000    
  0.5750000      0.5750000    
  0.5775000      0.5775000    
  0.5800000      0.5800000    
  0.5825000      0.5825000    
  0.5850000      0.5850000    
  0.5875000      0.5875000    
  0.5900000      0.5900000    
  0.5925000      0.5925000    
  0.5950000      0.5950000    
  0.5975000      0.5975000    
  0.6000000      0.6000000    
  0.6025000      0.6025000    
  0.6050000      0.6050000    
  0.6075000      0.6075000    
  0.6100000      0.6100000    
  0.6125000      0.6125000    
  0.6150000      0.6150000    
  0.6175000      0.6175000    
  0.6200000      0.6200000    
  0.6225000      0.6225000    
  0.6250000      0.6250000    
  0.6275000      0.6275000    
  0.6300000      0.6300000    
  0.6325000      0.6325000    
  0.6350000      0.6350000    
  0.6375000      0.6375000    
  0.6400000      0.6400000    
  0.6425000      0.6425000    
  0.6450000      0.6450000    
  0.6475000      0.6475000    
  0.6500000      0.6500000    
  0.6525000      0.6525000    
  0.6550000      0.6550000    
  0.6575000      0.6575000    
  0.6600000      0.6600000    
  0.6625000      0.6625000    
  0.6650000      0.6650000    
  0.6675000      0.6675000    
  0.6700000      0.6700000    
  0.6725000      0.6725000    
  0.6750000      0.6750000    
  0.6775000      0.6775000    
  0.6800000      0.6800000    
  0.6825000      0.6825000    
  0.6850000      0.6850000    
  0.6875000      0.6875000    
  0.6900000      0.6900000    
  0.6925000      0.6925000    
  0.6950000      0.6950000    
  0.6975000      0.6975000    
  0.7000000      0.7000000    
  0.7025000      0.7025000    
  0.7050000      0.7050000    
  0.7075000      0.7075000    
  0.7100000      0.7100000    
  0.7125000      0.7125000    
  0.7150000      0.7150000    
  0.7175000      0.7175000    
  0.7200000      0.7200000    
  0.7225000      0.7225000    
  0.7250000      0.7250000    
  0.7275000      0.7275000    
  0.7300000      0.7300000    
  0.7325000      0.7325000    
  0.7350000      0.7350000    
  0.7375000      0.7375000    
  0.7400000      0.7400000    
  0.7425000      0.7425000    
  0.7450000      0.7450000    
  0.7475000      0.7475000    
  0.7500000      0.7500000    
  0.7525000      0.7525000    
  0.7550000      0.7550000    
  0.7575000      0.7575000    
  0.7600000      0.7600000    
  0.7625000      0.7625000    
  0.7650000      0.7650000    
  0.7675000      0.7675000    
  0.7700000      0.7700000    
  0.7725000      0.7725000    
  0.7750000      0.7750000    
  0.7775000      0.7775000    
  0.7800000      0.7800000    
  0.7825000      0.7825000    
  0.7850000      0.7850000    
  0.7875000      0.7875000    
  0.7900000      0.7900000    
  0.7925000      0.7925000    
  0.7950000      0.7950000    
  0.7975000      0.7975000    
  0.8000000      0.8000000    
  0.8025000      0.8025000    
  0.8050000      0.8050000    
  0.8075000      0.8075000    
  0.8100000      0.8100000    
  0.8125000      0.8125000    
  0.8150000      0.8150000    
  0.8175000      0.8175000    
  0.8200000      0.8200000    
  0.8225000      0.8225000    
  0.8250000      0.8250000    
  0.8275000      0.8275000    
  0.8300000      0.8300000    
  0.8325000      0.8325000    
  0.8350000      0.8350000    
  0.8375000      0.8375000    
  0.8400000      0.8400000    
  0.8425000      0.8425000    
  0.8450000      0.8450000    
  0.8475000      0.8475000    
  0.8500000      0.8500000    
  0.8525000      0.8525000    
  0.8550000      0.8550000    
  0.8575000      0.8575000    
  0.8600000      0.8600000    
  0.8625000      0.8625000    
  0.8650000      0.8650000    
  0.8675000      0.8675000    
  0.8700000      0.8700000    
  0.8725000      0.8725000    
  0.8750000      0.8750000    
  0.8775000      0.8775000    
  0.8800000      0.8800000    
  0.8825000      0.8825000    
  0.8850000      0.8850000    
  0.8875000      0.8875000    
  0.8900000      0.8900000    
  0.8925000      0.8925000    
  0.8950000      0.8950000    
  0.8975000      0.8975000    
  0.9000000      0.9000000    
  0.9025000      0.9025000    
  0.9050000      0.9050000    
  0.9075000      0.9075000    
  0.9100000      0.9100000    
  0.9125000      0.9125000    
  0.9150000      0.9150000    
  0.9175000      0.9175000    
  0.9200000      0.9200000    
  0.9225000      0.9225000    
  0.9250000      0.9250000    
  0.9275000      0.9274999    
  0.9300000      0.9300000    
  0.9325000      0.9325000    
  0.9350000      0.9350000    
  0.9375000      0.9375000    
  0.9400000      0.9400000    
  0.9425000      0.9425000    
  0.9450000      0.9450000    
  0.9475000      0.9475000    
  0.9500000      0.9500000    
  0.9525000      0.9525000    
  0.9550000      0.9550000    
  0.9575000      0.9575000    
  0.9600000      0.9600000    
  0.9625000      0.9625000    
  0.9650000      0.9650000    
  0.9675000      0.9675000    
  0.9700000      0.9700000    
  0.9725000      0.9725000    
  0.9750000      0.9750000    
  0.9775000      0.9775000    
  0.9800000      0.9800000    
  0.9825000      0.9825000    
  0.9850000      0.9850000    
  0.9875000      0.9875000    
  0.9900000      0.9899999    
  0.9925000      0.9925000    
  0.9950000      0.9950000    
  0.9975000      0.9975000    
   1.000000       1.000000    
