  2.3255814E-02  2.325581386685371398925781250000000E-0002
  4.6511628E-02  4.651162773370742797851562500000000E-0002
  6.9767445E-02  6.976744532585144042968750000000000E-0002
  9.3023255E-02  9.302325546741485595703125000000000E-0002
  0.1162791      0.116279073059558868408203125000000      
  0.1395349      0.139534890651702880859375000000000      
  0.1627907      0.162790700793266296386718750000000      
  0.1860465      0.186046510934829711914062500000000      
  0.2093023      0.209302321076393127441406250000000      
  0.2325581      0.232558146119117736816406250000000      
  0.2558140      0.255813956260681152343750000000000      
  0.2790698      0.279069781303405761718750000000000      
  0.3023256      0.302325576543807983398437500000000      
  0.3255814      0.325581401586532592773437500000000      
  0.3488372      0.348837196826934814453125000000000      
  0.3720930      0.372093021869659423828125000000000      
  0.3953488      0.395348846912384033203125000000000      
  0.4186046      0.418604642152786254882812500000000      
  0.4418605      0.441860467195510864257812500000000      
  0.4651163      0.465116292238235473632812500000000      
  0.4883721      0.488372087478637695312500000000000      
  0.5116279      0.511627912521362304687500000000000      
  0.5348837      0.534883737564086914062500000000000      
  0.5581396      0.558139562606811523437500000000000      
  0.5813953      0.581395328044891357421875000000000      
  0.6046512      0.604651153087615966796875000000000      
  0.6279070      0.627906978130340576171875000000000      
  0.6511628      0.651162803173065185546875000000000      
  0.6744186      0.674418628215789794921875000000000      
  0.6976744      0.697674393653869628906250000000000      
  0.7209302      0.720930218696594238281250000000000      
  0.7441860      0.744186043739318847656250000000000      
  0.7674419      0.767441868782043457031250000000000      
  0.7906977      0.790697693824768066406250000000000      
  0.8139535      0.813953459262847900390625000000000      
  0.8372093      0.837209284305572509765625000000000      
  0.8604651      0.860465109348297119140625000000000      
  0.8837209      0.883720934391021728515625000000000      
  0.9069768      0.906976759433746337890625000000000      
  0.9302326      0.930232584476470947265625000000000      
  0.9534883      0.953488349914550781250000000000000      
  0.9767442      0.976744174957275390625000000000000      
   1.000000       1.00000000000000000000000000000000      
