  1.0101010E-02  1.010101009160280227661132812500000E-0002
  2.0202020E-02  2.020202018320560455322265625000000E-0002
  3.0303031E-02  3.030303120613098144531250000000000E-0002
  4.0404040E-02  4.040404036641120910644531250000000E-0002
  5.0505050E-02  5.050504952669143676757812500000000E-0002
  6.0606062E-02  6.060606241226196289062500000000000E-0002
  7.0707068E-02  7.070706784725189208984375000000000E-0002
  8.0808081E-02  8.080808073282241821289062500000000E-0002
  9.0909094E-02  9.090909361839294433593750000000000E-0002
  0.1010101      0.101010099053382873535156250000000      
  0.1111111      0.111111111938953399658203125000000      
  0.1212121      0.121212124824523925781250000000000      
  0.1313131      0.131313130259513854980468750000000      
  0.1414141      0.141414135694503784179687500000000      
  0.1515152      0.151515156030654907226562500000000      
  0.1616162      0.161616161465644836425781250000000      
  0.1717172      0.171717166900634765625000000000000      
  0.1818182      0.181818187236785888671875000000000      
  0.1919192      0.191919192671775817871093750000000      
  0.2020202      0.202020198106765747070312500000000      
  0.2121212      0.212121218442916870117187500000000      
  0.2222222      0.222222223877906799316406250000000      
  0.2323232      0.232323229312896728515625000000000      
  0.2424242      0.242424249649047851562500000000000      
  0.2525252      0.252525240182876586914062500000000      
  0.2626263      0.262626260519027709960937500000000      
  0.2727273      0.272727280855178833007812500000000      
  0.2828283      0.282828271389007568359375000000000      
  0.2929293      0.292929291725158691406250000000000      
  0.3030303      0.303030312061309814453125000000000      
  0.3131313      0.313131302595138549804687500000000      
  0.3232323      0.323232322931289672851562500000000      
  0.3333333      0.333333343267440795898437500000000      
  0.3434343      0.343434333801269531250000000000000      
  0.3535354      0.353535354137420654296875000000000      
  0.3636364      0.363636374473571777343750000000000      
  0.3737374      0.373737365007400512695312500000000      
  0.3838384      0.383838385343551635742187500000000      
  0.3939394      0.393939405679702758789062500000000      
  0.4040404      0.404040396213531494140625000000000      
  0.4141414      0.414141416549682617187500000000000      
  0.4242424      0.424242436885833740234375000000000      
  0.4343434      0.434343427419662475585937500000000      
  0.4444444      0.444444447755813598632812500000000      
  0.4545455      0.454545468091964721679687500000000      
  0.4646465      0.464646458625793457031250000000000      
  0.4747475      0.474747478961944580078125000000000      
  0.4848485      0.484848499298095703125000000000000      
  0.4949495      0.494949489831924438476562500000000      
  0.5050505      0.505050480365753173828125000000000      
  0.5151515      0.515151500701904296875000000000000      
  0.5252525      0.525252521038055419921875000000000      
  0.5353535      0.535353541374206542968750000000000      
  0.5454546      0.545454561710357666015625000000000      
  0.5555556      0.555555582046508789062500000000000      
  0.5656565      0.565656542778015136718750000000000      
  0.5757576      0.575757563114166259765625000000000      
  0.5858586      0.585858583450317382812500000000000      
  0.5959596      0.595959603786468505859375000000000      
  0.6060606      0.606060624122619628906250000000000      
  0.6161616      0.616161644458770751953125000000000      
  0.6262626      0.626262605190277099609375000000000      
  0.6363636      0.636363625526428222656250000000000      
  0.6464646      0.646464645862579345703125000000000      
  0.6565657      0.656565666198730468750000000000000      
  0.6666667      0.666666686534881591796875000000000      
  0.6767676      0.676767647266387939453125000000000      
  0.6868687      0.686868667602539062500000000000000      
  0.6969697      0.696969687938690185546875000000000      
  0.7070707      0.707070708274841308593750000000000      
  0.7171717      0.717171728610992431640625000000000      
  0.7272727      0.727272748947143554687500000000000      
  0.7373737      0.737373709678649902343750000000000      
  0.7474747      0.747474730014801025390625000000000      
  0.7575758      0.757575750350952148437500000000000      
  0.7676768      0.767676770687103271484375000000000      
  0.7777778      0.777777791023254394531250000000000      
  0.7878788      0.787878811359405517578125000000000      
  0.7979798      0.797979772090911865234375000000000      
  0.8080808      0.808080792427062988281250000000000      
  0.8181818      0.818181812763214111328125000000000      
  0.8282828      0.828282833099365234375000000000000      
  0.8383839      0.838383853435516357421875000000000      
  0.8484849      0.848484873771667480468750000000000      
  0.8585858      0.858585834503173828125000000000000      
  0.8686869      0.868686854839324951171875000000000      
  0.8787879      0.878787875175476074218750000000000      
  0.8888889      0.888888895511627197265625000000000      
  0.8989899      0.898989915847778320312500000000000      
  0.9090909      0.909090936183929443359375000000000      
  0.9191919      0.919191896915435791015625000000000      
  0.9292929      0.929292917251586914062500000000000      
  0.9393939      0.939393937587738037109375000000000      
  0.9494950      0.949494957923889160156250000000000      
  0.9595960      0.959595978260040283203125000000000      
  0.9696970      0.969696998596191406250000000000000      
  0.9797980      0.979797959327697753906250000000000      
  0.9898990      0.989898979663848876953125000000000      
   1.000000       1.00000000000000000000000000000000      
