  1.2987013E-02  1.298701297491789E-002
  2.5974026E-02  2.597402594983578E-002
  3.8961038E-02  3.896103799343109E-002
  5.1948052E-02  5.194805189967155E-002
  6.4935066E-02  6.493506580591202E-002
  7.7922076E-02  7.792207598686218E-002
  9.0909094E-02  9.090909361839294E-002
  0.1038961      0.103896103799343     
  0.1168831      0.116883113980293     
  0.1298701      0.129870131611824     
  0.1428571      0.142857149243355     
  0.1558442      0.155844151973724     
  0.1688312      0.168831169605255     
  0.1818182      0.181818187236786     
  0.1948052      0.194805189967155     
  0.2077922      0.207792207598686     
  0.2207792      0.220779225230217     
  0.2337662      0.233766227960587     
  0.2467532      0.246753245592117     
  0.2597403      0.259740263223648     
  0.2727273      0.272727280855179     
  0.2857143      0.285714298486710     
  0.2987013      0.298701286315918     
  0.3116883      0.311688303947449     
  0.3246753      0.324675321578979     
  0.3376623      0.337662339210510     
  0.3506494      0.350649356842041     
  0.3636364      0.363636374473572     
  0.3766234      0.376623362302780     
  0.3896104      0.389610379934311     
  0.4025974      0.402597397565842     
  0.4155844      0.415584415197372     
  0.4285714      0.428571432828903     
  0.4415585      0.441558450460434     
  0.4545455      0.454545468091965     
  0.4675325      0.467532455921173     
  0.4805195      0.480519473552704     
  0.4935065      0.493506491184235     
  0.5064935      0.506493508815765     
  0.5194805      0.519480526447296     
  0.5324675      0.532467544078827     
  0.5454546      0.545454561710358     
  0.5584416      0.558441579341888     
  0.5714286      0.571428596973419     
  0.5844156      0.584415555000305     
  0.5974026      0.597402572631836     
  0.6103896      0.610389590263367     
  0.6233766      0.623376607894897     
  0.6363636      0.636363625526428     
  0.6493506      0.649350643157959     
  0.6623377      0.662337660789490     
  0.6753247      0.675324678421021     
  0.6883117      0.688311696052551     
  0.7012987      0.701298713684082     
  0.7142857      0.714285731315613     
  0.7272727      0.727272748947144     
  0.7402598      0.740259766578674     
  0.7532467      0.753246724605560     
  0.7662337      0.766233742237091     
  0.7792208      0.779220759868622     
  0.7922078      0.792207777500153     
  0.8051948      0.805194795131683     
  0.8181818      0.818181812763214     
  0.8311688      0.831168830394745     
  0.8441558      0.844155848026276     
  0.8571429      0.857142865657806     
  0.8701299      0.870129883289337     
  0.8831169      0.883116900920868     
  0.8961039      0.896103918552399     
  0.9090909      0.909090936183929     
  0.9220779      0.922077894210815     
  0.9350649      0.935064911842346     
  0.9480519      0.948051929473877     
  0.9610389      0.961038947105408     
  0.9740260      0.974025964736938     
  0.9870130      0.987012982368469     
   1.000000       1.00000000000000     
