  1.5625000E-02  0.0000000E+00
  3.1250000E-02  3.1250447E-02
  4.6875000E-02  4.6875644E-02
  6.2500000E-02  6.2500887E-02
  7.8125000E-02  7.8126140E-02
  9.3750000E-02  9.3751289E-02
  0.1093750      0.1093765    
  0.1250000      0.1250017    
  0.1406250      0.1406270    
  0.1562500      0.1562522    
  0.1718750      0.1718774    
  0.1875000      0.1875026    
  0.2031250      0.2031278    
  0.2187500      0.2187530    
  0.2343750      0.2343782    
  0.2500000      0.2500034    
  0.2656250      0.2656287    
  0.2812500      0.2812539    
  0.2968750      0.2968791    
  0.3125000      0.3125043    
  0.3281250      0.3281294    
  0.3437500      0.3437546    
  0.3593750      0.3593798    
  0.3750000      0.3750049    
  0.3906250      0.3906301    
  0.4062500      0.4062552    
  0.4218750      0.4218802    
  0.4375000      0.4375054    
  0.4531250      0.4531306    
  0.4687500      0.4687557    
  0.4843750      0.4843808    
  0.5000000      0.5000058    
  0.5156250      0.5156308    
  0.5312500      0.5312558    
  0.5468750      0.5468808    
  0.5625000      0.5625057    
  0.5781250      0.5781308    
  0.5937500      0.5937557    
  0.6093750      0.6093807    
  0.6250000      0.6250056    
  0.6406250      0.6406304    
  0.6562500      0.6562555    
  0.6718750      0.6718805    
  0.6875000      0.6875053    
  0.7031250      0.7031302    
  0.7187500      0.7187551    
  0.7343750      0.7343799    
  0.7500000      0.7500049    
  0.7656250      0.7656296    
  0.7812500      0.7812545    
  0.7968750      0.7968795    
  0.8125000      0.8125042    
  0.8281250      0.8281291    
  0.8437500      0.8437539    
  0.8593750      0.8593788    
  0.8750000      0.8750035    
  0.8906250      0.8906283    
  0.9062500      0.9062530    
  0.9218750      0.9218778    
  0.9375000      0.9375024    
  0.9531250      0.9531270    
  0.9687500      0.9687514    
  0.9843750      0.9843761    
   1.000000       1.000000    
