  2.0833334E-02  0.0000000E+00
  4.1666668E-02  4.1667011E-02
  6.2500000E-02  6.2500514E-02
  8.3333336E-02  8.3333984E-02
  0.1041667      0.1041675    
  0.1250000      0.1250010    
  0.1458333      0.1458345    
  0.1666667      0.1666680    
  0.1875000      0.1875015    
  0.2083333      0.2083350    
  0.2291667      0.2291685    
  0.2500000      0.2500019    
  0.2708333      0.2708356    
  0.2916667      0.2916689    
  0.3125000      0.3125024    
  0.3333333      0.3333359    
  0.3541667      0.3541693    
  0.3750000      0.3750029    
  0.3958333      0.3958363    
  0.4166667      0.4166697    
  0.4375000      0.4375032    
  0.4583333      0.4583366    
  0.4791667      0.4791701    
  0.5000000      0.5000035    
  0.5208333      0.5208368    
  0.5416667      0.5416701    
  0.5625000      0.5625036    
  0.5833333      0.5833369    
  0.6041667      0.6041704    
  0.6250000      0.6250036    
  0.6458333      0.6458369    
  0.6666667      0.6666703    
  0.6875000      0.6875035    
  0.7083333      0.7083365    
  0.7291667      0.7291698    
  0.7500000      0.7500030    
  0.7708333      0.7708361    
  0.7916667      0.7916692    
  0.8125000      0.8125023    
  0.8333333      0.8333356    
  0.8541667      0.8541687    
  0.8750000      0.8750018    
  0.8958333      0.8958350    
  0.9166667      0.9166682    
  0.9375000      0.9375013    
  0.9583333      0.9583344    
  0.9791667      0.9791675    
   1.000000       1.000000    
