  3.1250000E-02  3.1249998E-02
  6.2500000E-02  6.2499996E-02
  9.3750000E-02  9.3749993E-02
  0.1250000      0.1250000    
  0.1562500      0.1562500    
  0.1875000      0.1875000    
  0.2187500      0.2187500    
  0.2500000      0.2500000    
  0.2812500      0.2812500    
  0.3125000      0.3125000    
  0.3437500      0.3437500    
  0.3750000      0.3750000    
  0.4062500      0.4062500    
  0.4375000      0.4375000    
  0.4687500      0.4687500    
  0.5000000      0.5000000    
  0.5312500      0.5312499    
  0.5625000      0.5624999    
  0.5937500      0.5937499    
  0.6250000      0.6249999    
  0.6562500      0.6562499    
  0.6875000      0.6874999    
  0.7187500      0.7187499    
  0.7500000      0.7499999    
  0.7812500      0.7812499    
  0.8125000      0.8124999    
  0.8437500      0.8437499    
  0.8750000      0.8749999    
  0.9062500      0.9062499    
  0.9375000      0.9374999    
  0.9687500      0.9687499    
   1.000000      0.9999999    
