  1.2820513E-02  0.000000000000000E+000
  2.5641026E-02  2.564102564102543E-002
  3.8461540E-02  3.846153846153816E-002
  5.1282052E-02  5.128205128205086E-002
  6.4102568E-02  6.410256410256358E-002
  7.6923080E-02  7.692307692307632E-002
  8.9743592E-02  8.974358974358898E-002
  0.1025641      0.102564102564102     
  0.1153846      0.115384615384615     
  0.1282051      0.128205128205127     
  0.1410256      0.141025641025640     
  0.1538462      0.153846153846153     
  0.1666667      0.166666666666665     
  0.1794872      0.179487179487178     
  0.1923077      0.192307692307691     
  0.2051282      0.205128205128204     
  0.2179487      0.217948717948716     
  0.2307692      0.230769230769229     
  0.2435897      0.243589743589742     
  0.2564103      0.256410256410255     
  0.2692308      0.269230769230767     
  0.2820513      0.282051282051280     
  0.2948718      0.294871794871793     
  0.3076923      0.307692307692305     
  0.3205128      0.320512820512818     
  0.3333333      0.333333333333331     
  0.3461539      0.346153846153844     
  0.3589744      0.358974358974356     
  0.3717949      0.371794871794869     
  0.3846154      0.384615384615382     
  0.3974359      0.397435897435895     
  0.4102564      0.410256410256407     
  0.4230769      0.423076923076920     
  0.4358974      0.435897435897433     
  0.4487180      0.448717948717946     
  0.4615385      0.461538461538459     
  0.4743590      0.474358974358972     
  0.4871795      0.487179487179484     
  0.5000000      0.499999999999997     
  0.5128205      0.512820512820510     
  0.5256410      0.525641025641023     
  0.5384616      0.538461538461536     
  0.5512820      0.551282051282049     
  0.5641026      0.564102564102562     
  0.5769231      0.576923076923074     
  0.5897436      0.589743589743587     
  0.6025641      0.602564102564100     
  0.6153846      0.615384615384613     
  0.6282051      0.628205128205126     
  0.6410257      0.641025641025639     
  0.6538461      0.653846153846152     
  0.6666667      0.666666666666664     
  0.6794872      0.679487179487177     
  0.6923077      0.692307692307690     
  0.7051282      0.705128205128203     
  0.7179487      0.717948717948716     
  0.7307692      0.730769230769229     
  0.7435898      0.743589743589742     
  0.7564102      0.756410256410254     
  0.7692308      0.769230769230767     
  0.7820513      0.782051282051280     
  0.7948718      0.794871794871793     
  0.8076923      0.807692307692306     
  0.8205128      0.820512820512818     
  0.8333333      0.833333333333332     
  0.8461539      0.846153846153844     
  0.8589743      0.858974358974357     
  0.8717949      0.871794871794871     
  0.8846154      0.884615384615384     
  0.8974359      0.897435897435896     
  0.9102564      0.910256410256409     
  0.9230769      0.923076923076922     
  0.9358974      0.935897435897435     
  0.9487180      0.948717948717948     
  0.9615384      0.961538461538461     
  0.9743590      0.974358974358974     
  0.9871795      0.987179487179487     
   1.000000       1.00000000000000     
