  1.1764706E-02  0.0000000E+00
  2.3529412E-02  2.3529725E-02
  3.5294119E-02  3.5294592E-02
  4.7058824E-02  4.7059450E-02
  5.8823530E-02  5.8824327E-02
  7.0588239E-02  7.0589177E-02
  8.2352944E-02  8.2354009E-02
  9.4117649E-02  9.4118893E-02
  0.1058824      0.1058837    
  0.1176471      0.1176486    
  0.1294118      0.1294134    
  0.1411765      0.1411783    
  0.1529412      0.1529431    
  0.1647059      0.1647079    
  0.1764706      0.1764728    
  0.1882353      0.1882376    
  0.2000000      0.2000024    
  0.2117647      0.2117672    
  0.2235294      0.2235322    
  0.2352941      0.2352970    
  0.2470588      0.2470619    
  0.2588235      0.2588266    
  0.2705882      0.2705915    
  0.2823530      0.2823562    
  0.2941177      0.2941210    
  0.3058824      0.3058861    
  0.3176471      0.3176507    
  0.3294118      0.3294156    
  0.3411765      0.3411804    
  0.3529412      0.3529451    
  0.3647059      0.3647100    
  0.3764706      0.3764746    
  0.3882353      0.3882394    
  0.4000000      0.4000043    
  0.4117647      0.4117691    
  0.4235294      0.4235338    
  0.4352941      0.4352985    
  0.4470588      0.4470632    
  0.4588235      0.4588280    
  0.4705882      0.4705930    
  0.4823529      0.4823576    
  0.4941176      0.4941225    
  0.5058824      0.5058873    
  0.5176471      0.5176519    
  0.5294118      0.5294165    
  0.5411765      0.5411812    
  0.5529412      0.5529462    
  0.5647059      0.5647110    
  0.5764706      0.5764756    
  0.5882353      0.5882405    
  0.6000000      0.6000050    
  0.6117647      0.6117699    
  0.6235294      0.6235345    
  0.6352941      0.6352993    
  0.6470588      0.6470640    
  0.6588235      0.6588288    
  0.6705883      0.6705934    
  0.6823530      0.6823581    
  0.6941177      0.6941230    
  0.7058824      0.7058876    
  0.7176471      0.7176523    
  0.7294118      0.7294170    
  0.7411765      0.7411816    
  0.7529412      0.7529462    
  0.7647059      0.7647109    
  0.7764706      0.7764754    
  0.7882353      0.7882401    
  0.8000000      0.8000047    
  0.8117647      0.8117693    
  0.8235294      0.8235338    
  0.8352941      0.8352983    
  0.8470588      0.8470629    
  0.8588235      0.8588275    
  0.8705882      0.8705921    
  0.8823529      0.8823566    
  0.8941177      0.8941210    
  0.9058824      0.9058855    
  0.9176471      0.9176499    
  0.9294118      0.9294145    
  0.9411765      0.9411787    
  0.9529412      0.9529431    
  0.9647059      0.9647074    
  0.9764706      0.9764718    
  0.9882353      0.9882361    
   1.000000       1.000000    
