  2.2222223E-02  0.000000000000000E+000
  4.4444446E-02  4.444444444444442E-002
  6.6666670E-02  6.666666666666667E-002
  8.8888891E-02  8.888888888888884E-002
  0.1111111      0.111111111111111     
  0.1333333      0.133333333333333     
  0.1555556      0.155555555555555     
  0.1777778      0.177777777777778     
  0.2000000      0.200000000000000     
  0.2222222      0.222222222222222     
  0.2444444      0.244444444444444     
  0.2666667      0.266666666666667     
  0.2888889      0.288888888888889     
  0.3111111      0.311111111111111     
  0.3333333      0.333333333333333     
  0.3555556      0.355555555555555     
  0.3777778      0.377777777777777     
  0.4000000      0.400000000000000     
  0.4222222      0.422222222222222     
  0.4444444      0.444444444444444     
  0.4666667      0.466666666666666     
  0.4888889      0.488888888888889     
  0.5111111      0.511111111111111     
  0.5333334      0.533333333333333     
  0.5555556      0.555555555555555     
  0.5777778      0.577777777777778     
  0.6000000      0.600000000000000     
  0.6222222      0.622222222222222     
  0.6444445      0.644444444444445     
  0.6666667      0.666666666666667     
  0.6888889      0.688888888888889     
  0.7111111      0.711111111111111     
  0.7333333      0.733333333333333     
  0.7555556      0.755555555555556     
  0.7777778      0.777777777777778     
  0.8000000      0.800000000000000     
  0.8222222      0.822222222222222     
  0.8444445      0.844444444444445     
  0.8666667      0.866666666666667     
  0.8888889      0.888888888888889     
  0.9111111      0.911111111111111     
  0.9333333      0.933333333333333     
  0.9555556      0.955555555555555     
  0.9777778      0.977777777777778     
   1.000000       1.00000000000000     
