  2.4390243E-02  2.439024299383163452148437500000000E-0002
  4.8780486E-02  4.878048598766326904296875000000000E-0002
  7.3170729E-02  7.317072898149490356445312500000000E-0002
  9.7560972E-02  9.756097197532653808593750000000000E-0002
  0.1219512      0.121951222419738769531250000000000      
  0.1463415      0.146341457962989807128906250000000      
  0.1707317      0.170731708407402038574218750000000      
  0.1951219      0.195121943950653076171875000000000      
  0.2195122      0.219512194395065307617187500000000      
  0.2439024      0.243902444839477539062500000000000      
  0.2682927      0.268292695283889770507812500000000      
  0.2926829      0.292682915925979614257812500000000      
  0.3170732      0.317073166370391845703125000000000      
  0.3414634      0.341463416814804077148437500000000      
  0.3658537      0.365853667259216308593750000000000      
  0.3902439      0.390243887901306152343750000000000      
  0.4146341      0.414634138345718383789062500000000      
  0.4390244      0.439024388790130615234375000000000      
  0.4634146      0.463414639234542846679687500000000      
  0.4878049      0.487804889678955078125000000000000      
  0.5121951      0.512195110321044921875000000000000      
  0.5365854      0.536585390567779541015625000000000      
  0.5609756      0.560975611209869384765625000000000      
  0.5853658      0.585365831851959228515625000000000      
  0.6097561      0.609756112098693847656250000000000      
  0.6341463      0.634146332740783691406250000000000      
  0.6585366      0.658536612987518310546875000000000      
  0.6829268      0.682926833629608154296875000000000      
  0.7073171      0.707317054271697998046875000000000      
  0.7317073      0.731707334518432617187500000000000      
  0.7560976      0.756097555160522460937500000000000      
  0.7804878      0.780487775802612304687500000000000      
  0.8048781      0.804878056049346923828125000000000      
  0.8292683      0.829268276691436767578125000000000      
  0.8536586      0.853658556938171386718750000000000      
  0.8780488      0.878048777580261230468750000000000      
  0.9024390      0.902438998222351074218750000000000      
  0.9268293      0.926829278469085693359375000000000      
  0.9512195      0.951219499111175537109375000000000      
  0.9756098      0.975609779357910156250000000000000      
   1.000000       1.00000000000000000000000000000000      
