  1.2195121E-02  0.0000000E+00
  2.4390243E-02  2.4390571E-02
  3.6585364E-02  3.6585879E-02
  4.8780486E-02  4.8781142E-02
  6.0975611E-02  6.0976442E-02
  7.3170729E-02  7.3171698E-02
  8.5365854E-02  8.5366979E-02
  9.7560972E-02  9.7562268E-02
  0.1097561      0.1097575    
  0.1219512      0.1219528    
  0.1341463      0.1341481    
  0.1463415      0.1463433    
  0.1585366      0.1585386    
  0.1707317      0.1707339    
  0.1829268      0.1829291    
  0.1951219      0.1951243    
  0.2073171      0.2073196    
  0.2195122      0.2195149    
  0.2317073      0.2317101    
  0.2439024      0.2439054    
  0.2560976      0.2561007    
  0.2682927      0.2682958    
  0.2804878      0.2804912    
  0.2926829      0.2926864    
  0.3048781      0.3048817    
  0.3170732      0.3170767    
  0.3292683      0.3292721    
  0.3414634      0.3414674    
  0.3536585      0.3536624    
  0.3658537      0.3658578    
  0.3780488      0.3780530    
  0.3902439      0.3902482    
  0.4024390      0.4024434    
  0.4146341      0.4146386    
  0.4268293      0.4268339    
  0.4390244      0.4390292    
  0.4512195      0.4512245    
  0.4634146      0.4634195    
  0.4756097      0.4756148    
  0.4878049      0.4878099    
  0.5000000      0.5000051    
  0.5121951      0.5122002    
  0.5243902      0.5243953    
  0.5365854      0.5365907    
  0.5487805      0.5487858    
  0.5609756      0.5609807    
  0.5731707      0.5731758    
  0.5853658      0.5853709    
  0.5975610      0.5975659    
  0.6097561      0.6097612    
  0.6219512      0.6219563    
  0.6341463      0.6341513    
  0.6463414      0.6463462    
  0.6585366      0.6585411    
  0.6707317      0.6707363    
  0.6829268      0.6829312    
  0.6951219      0.6951262    
  0.7073171      0.7073210    
  0.7195122      0.7195161    
  0.7317073      0.7317109    
  0.7439024      0.7439060    
  0.7560976      0.7561010    
  0.7682927      0.7682958    
  0.7804878      0.7804911    
  0.7926829      0.7926859    
  0.8048781      0.8048809    
  0.8170732      0.8170760    
  0.8292683      0.8292711    
  0.8414634      0.8414662    
  0.8536586      0.8536609    
  0.8658537      0.8658559    
  0.8780488      0.8780510    
  0.8902439      0.8902459    
  0.9024390      0.9024407    
  0.9146342      0.9146356    
  0.9268293      0.9268305    
  0.9390244      0.9390256    
  0.9512195      0.9512204    
  0.9634146      0.9634154    
  0.9756098      0.9756104    
  0.9878049      0.9878053    
   1.000000       1.000000    
