  1.0204081E-02  0.0000000E+00
  2.0408163E-02  2.0408768E-02
  3.0612245E-02  3.0613147E-02
  4.0816326E-02  4.0817518E-02
  5.1020410E-02  5.1021911E-02
  6.1224490E-02  6.1226275E-02
  7.1428575E-02  7.1430653E-02
  8.1632651E-02  8.1635013E-02
  9.1836736E-02  9.1839388E-02
  0.1020408      0.1020438    
  0.1122449      0.1122481    
  0.1224490      0.1224525    
  0.1326531      0.1326568    
  0.1428571      0.1428611    
  0.1530612      0.1530655    
  0.1632653      0.1632698    
  0.1734694      0.1734741    
  0.1836735      0.1836786    
  0.1938775      0.1938828    
  0.2040816      0.2040872    
  0.2142857      0.2142915    
  0.2244898      0.2244958    
  0.2346939      0.2347002    
  0.2448980      0.2449045    
  0.2551020      0.2551089    
  0.2653061      0.2653131    
  0.2755102      0.2755175    
  0.2857143      0.2857217    
  0.2959184      0.2959261    
  0.3061225      0.3061303    
  0.3163265      0.3163347    
  0.3265306      0.3265389    
  0.3367347      0.3367431    
  0.3469388      0.3469476    
  0.3571429      0.3571518    
  0.3673469      0.3673560    
  0.3775510      0.3775603    
  0.3877551      0.3877645    
  0.3979592      0.3979690    
  0.4081633      0.4081731    
  0.4183674      0.4183773    
  0.4285714      0.4285814    
  0.4387755      0.4387858    
  0.4489796      0.4489900    
  0.4591837      0.4591943    
  0.4693878      0.4693983    
  0.4795918      0.4796027    
  0.4897959      0.4898069    
  0.5000000      0.5000112    
  0.5102041      0.5102155    
  0.5204082      0.5204195    
  0.5306122      0.5306240    
  0.5408163      0.5408282    
  0.5510204      0.5510324    
  0.5612245      0.5612367    
  0.5714286      0.5714409    
  0.5816327      0.5816453    
  0.5918368      0.5918493    
  0.6020408      0.6020536    
  0.6122449      0.6122578    
  0.6224490      0.6224621    
  0.6326531      0.6326663    
  0.6428571      0.6428703    
  0.6530612      0.6530748    
  0.6632653      0.6632785    
  0.6734694      0.6734827    
  0.6836734      0.6836867    
  0.6938776      0.6938908    
  0.7040817      0.7040945    
  0.7142857      0.7142986    
  0.7244898      0.7245024    
  0.7346939      0.7347063    
  0.7448980      0.7449101    
  0.7551020      0.7551139    
  0.7653061      0.7653175    
  0.7755102      0.7755213    
  0.7857143      0.7857252    
  0.7959183      0.7959289    
  0.8061224      0.8061327    
  0.8163266      0.8163365    
  0.8265306      0.8265404    
  0.8367347      0.8367440    
  0.8469388      0.8469479    
  0.8571429      0.8571516    
  0.8673469      0.8673553    
  0.8775510      0.8775589    
  0.8877551      0.8877628    
  0.8979592      0.8979664    
  0.9081632      0.9081700    
  0.9183673      0.9183736    
  0.9285714      0.9285771    
  0.9387755      0.9387806    
  0.9489796      0.9489841    
  0.9591837      0.9591875    
  0.9693878      0.9693909    
  0.9795918      0.9795943    
  0.9897959      0.9897975    
   1.000000       1.000001    
