  4.1666668E-02  4.166666418313980E-002
  8.3333336E-02  8.333332836627960E-002
  0.1250000      0.124999992549419     
  0.1666667      0.166666656732559     
  0.2083333      0.208333313465118     
  0.2500000      0.249999985098839     
  0.2916667      0.291666656732559     
  0.3333333      0.333333313465118     
  0.3750000      0.374999970197678     
  0.4166667      0.416666626930237     
  0.4583333      0.458333313465118     
  0.5000000      0.499999970197678     
  0.5416667      0.541666626930237     
  0.5833333      0.583333313465118     
  0.6250000      0.624999940395355     
  0.6666667      0.666666626930237     
  0.7083333      0.708333313465118     
  0.7500000      0.749999940395355     
  0.7916667      0.791666626930237     
  0.8333333      0.833333253860474     
  0.8750000      0.874999940395355     
  0.9166667      0.916666626930237     
  0.9583333      0.958333253860474     
   1.000000      0.999999940395355     
