  2.7027028E-02  2.7027026E-02
  5.4054055E-02  5.4054052E-02
  8.1081077E-02  8.1081077E-02
  0.1081081      0.1081081    
  0.1351351      0.1351351    
  0.1621622      0.1621622    
  0.1891892      0.1891892    
  0.2162162      0.2162162    
  0.2432432      0.2432432    
  0.2702703      0.2702703    
  0.2972973      0.2972973    
  0.3243243      0.3243243    
  0.3513514      0.3513513    
  0.3783784      0.3783784    
  0.4054054      0.4054054    
  0.4324324      0.4324324    
  0.4594595      0.4594594    
  0.4864865      0.4864865    
  0.5135135      0.5135135    
  0.5405405      0.5405405    
  0.5675676      0.5675675    
  0.5945946      0.5945946    
  0.6216216      0.6216216    
  0.6486486      0.6486486    
  0.6756757      0.6756756    
  0.7027027      0.7027026    
  0.7297297      0.7297297    
  0.7567568      0.7567567    
  0.7837838      0.7837837    
  0.8108108      0.8108108    
  0.8378378      0.8378378    
  0.8648649      0.8648648    
  0.8918919      0.8918918    
  0.9189189      0.9189188    
  0.9459459      0.9459459    
  0.9729730      0.9729729    
   1.000000       1.000000    
