  3.5714287E-02  3.5714284E-02
  7.1428575E-02  7.1428567E-02
  0.1071429      0.1071429    
  0.1428571      0.1428571    
  0.1785714      0.1785714    
  0.2142857      0.2142857    
  0.2500000      0.2500000    
  0.2857143      0.2857143    
  0.3214286      0.3214285    
  0.3571429      0.3571428    
  0.3928571      0.3928571    
  0.4285714      0.4285714    
  0.4642857      0.4642857    
  0.5000000      0.5000000    
  0.5357143      0.5357143    
  0.5714286      0.5714285    
  0.6071429      0.6071428    
  0.6428571      0.6428571    
  0.6785714      0.6785714    
  0.7142857      0.7142857    
  0.7500000      0.7499999    
  0.7857143      0.7857143    
  0.8214286      0.8214285    
  0.8571429      0.8571428    
  0.8928571      0.8928571    
  0.9285714      0.9285713    
  0.9642857      0.9642857    
   1.000000      0.9999999    
