  1.2500000E-02  0.000000000000000E+000
  2.5000000E-02  2.500000000000002E-002
  3.7500001E-02  3.750000000000005E-002
  5.0000001E-02  5.000000000000004E-002
  6.2500000E-02  6.250000000000006E-002
  7.5000003E-02  7.500000000000011E-002
  8.7499999E-02  8.750000000000006E-002
  0.1000000      0.100000000000000     
  0.1125000      0.112500000000000     
  0.1250000      0.125000000000000     
  0.1375000      0.137500000000000     
  0.1500000      0.150000000000000     
  0.1625000      0.162500000000000     
  0.1750000      0.175000000000000     
  0.1875000      0.187500000000000     
  0.2000000      0.200000000000000     
  0.2125000      0.212500000000000     
  0.2250000      0.225000000000000     
  0.2375000      0.237500000000000     
  0.2500000      0.250000000000000     
  0.2625000      0.262500000000000     
  0.2750000      0.275000000000000     
  0.2875000      0.287500000000000     
  0.3000000      0.300000000000000     
  0.3125000      0.312500000000000     
  0.3250000      0.325000000000000     
  0.3375000      0.337500000000000     
  0.3500000      0.350000000000000     
  0.3625000      0.362500000000000     
  0.3750000      0.375000000000000     
  0.3875000      0.387500000000000     
  0.4000000      0.400000000000000     
  0.4125000      0.412500000000000     
  0.4250000      0.424999999999999     
  0.4375000      0.437499999999999     
  0.4500000      0.449999999999999     
  0.4625000      0.462499999999999     
  0.4750000      0.474999999999999     
  0.4875000      0.487499999999999     
  0.5000000      0.499999999999999     
  0.5125000      0.512499999999999     
  0.5250000      0.524999999999999     
  0.5375000      0.537499999999998     
  0.5500000      0.549999999999998     
  0.5625000      0.562499999999998     
  0.5750000      0.574999999999999     
  0.5875000      0.587499999999998     
  0.6000000      0.599999999999998     
  0.6125000      0.612499999999998     
  0.6250000      0.624999999999998     
  0.6375000      0.637499999999998     
  0.6500000      0.649999999999998     
  0.6625000      0.662499999999998     
  0.6750000      0.674999999999998     
  0.6875000      0.687499999999998     
  0.7000000      0.699999999999999     
  0.7125000      0.712499999999998     
  0.7250000      0.724999999999998     
  0.7375000      0.737499999999998     
  0.7500000      0.749999999999999     
  0.7625000      0.762499999999999     
  0.7750000      0.774999999999999     
  0.7875000      0.787499999999999     
  0.8000000      0.799999999999999     
  0.8125000      0.812499999999999     
  0.8250000      0.824999999999999     
  0.8375000      0.837499999999999     
  0.8500000      0.849999999999999     
  0.8625000      0.862499999999999     
  0.8750000      0.875000000000000     
  0.8875000      0.887500000000000     
  0.9000000      0.900000000000000     
  0.9125000      0.912500000000000     
  0.9250000      0.925000000000000     
  0.9375000      0.937500000000000     
  0.9500000      0.950000000000000     
  0.9625000      0.962500000000000     
  0.9750000      0.975000000000000     
  0.9875000      0.987500000000000     
   1.000000       1.00000000000000     
