  1.4925373E-02  1.492537278681993484497070312500000E-0002
  2.9850746E-02  2.985074557363986968994140625000000E-0002
  4.4776119E-02  4.477611929178237915039062500000000E-0002
  5.9701491E-02  5.970149114727973937988281250000000E-0002
  7.4626863E-02  7.462686300277709960937500000000000E-0002
  8.9552239E-02  8.955223858356475830078125000000000E-0002
  0.1044776      0.104477614164352416992187500000000      
  0.1194030      0.119402982294559478759765625000000      
  0.1343284      0.134328365325927734375000000000000      
  0.1492537      0.149253726005554199218750000000000      
  0.1641791      0.164179101586341857910156250000000      
  0.1791045      0.179104477167129516601562500000000      
  0.1940299      0.194029852747917175292968750000000      
  0.2089552      0.208955228328704833984375000000000      
  0.2238806      0.223880603909492492675781250000000      
  0.2388060      0.238805964589118957519531250000000      
  0.2537313      0.253731340169906616210937500000000      
  0.2686567      0.268656730651855468750000000000000      
  0.2835821      0.283582091331481933593750000000000      
  0.2985075      0.298507452011108398437500000000000      
  0.3134328      0.313432842493057250976562500000000      
  0.3283582      0.328358203172683715820312500000000      
  0.3432836      0.343283593654632568359375000000000      
  0.3582090      0.358208954334259033203125000000000      
  0.3731343      0.373134315013885498046875000000000      
  0.3880597      0.388059705495834350585937500000000      
  0.4029851      0.402985066175460815429687500000000      
  0.4179105      0.417910456657409667968750000000000      
  0.4328358      0.432835817337036132812500000000000      
  0.4477612      0.447761207818984985351562500000000      
  0.4626866      0.462686568498611450195312500000000      
  0.4776119      0.477611929178237915039062500000000      
  0.4925373      0.492537319660186767578125000000000      
  0.5074627      0.507462680339813232421875000000000      
  0.5223880      0.522388041019439697265625000000000      
  0.5373135      0.537313461303710937500000000000000      
  0.5522388      0.552238821983337402343750000000000      
  0.5671642      0.567164182662963867187500000000000      
  0.5820895      0.582089543342590332031250000000000      
  0.5970149      0.597014904022216796875000000000000      
  0.6119403      0.611940324306488037109375000000000      
  0.6268657      0.626865684986114501953125000000000      
  0.6417910      0.641791045665740966796875000000000      
  0.6567164      0.656716406345367431640625000000000      
  0.6716418      0.671641767024993896484375000000000      
  0.6865672      0.686567187309265136718750000000000      
  0.7014925      0.701492547988891601562500000000000      
  0.7164179      0.716417908668518066406250000000000      
  0.7313433      0.731343269348144531250000000000000      
  0.7462686      0.746268630027770996093750000000000      
  0.7611941      0.761194050312042236328125000000000      
  0.7761194      0.776119410991668701171875000000000      
  0.7910448      0.791044771671295166015625000000000      
  0.8059701      0.805970132350921630859375000000000      
  0.8208955      0.820895493030548095703125000000000      
  0.8358209      0.835820913314819335937500000000000      
  0.8507463      0.850746273994445800781250000000000      
  0.8656716      0.865671634674072265625000000000000      
  0.8805970      0.880596995353698730468750000000000      
  0.8955224      0.895522415637969970703125000000000      
  0.9104478      0.910447776317596435546875000000000      
  0.9253731      0.925373136997222900390625000000000      
  0.9402985      0.940298497676849365234375000000000      
  0.9552239      0.955223858356475830078125000000000      
  0.9701493      0.970149278640747070312500000000000      
  0.9850746      0.985074639320373535156250000000000      
   1.000000       1.00000000000000000000000000000000      
