  1.1111111E-02  1.1111110E-02
  2.2222223E-02  2.2222221E-02
  3.3333335E-02  3.3333331E-02
  4.4444446E-02  4.4444442E-02
  5.5555556E-02  5.5555552E-02
  6.6666670E-02  6.6666663E-02
  7.7777781E-02  7.7777773E-02
  8.8888891E-02  8.8888884E-02
  0.1000000      0.1000000    
  0.1111111      0.1111111    
  0.1222222      0.1222222    
  0.1333333      0.1333333    
  0.1444445      0.1444444    
  0.1555556      0.1555555    
  0.1666667      0.1666667    
  0.1777778      0.1777778    
  0.1888889      0.1888889    
  0.2000000      0.2000000    
  0.2111111      0.2111111    
  0.2222222      0.2222222    
  0.2333333      0.2333333    
  0.2444444      0.2444444    
  0.2555556      0.2555555    
  0.2666667      0.2666667    
  0.2777778      0.2777778    
  0.2888889      0.2888889    
  0.3000000      0.3000000    
  0.3111111      0.3111111    
  0.3222222      0.3222222    
  0.3333333      0.3333333    
  0.3444445      0.3444444    
  0.3555556      0.3555555    
  0.3666667      0.3666666    
  0.3777778      0.3777778    
  0.3888889      0.3888889    
  0.4000000      0.4000000    
  0.4111111      0.4111111    
  0.4222222      0.4222222    
  0.4333333      0.4333333    
  0.4444444      0.4444444    
  0.4555556      0.4555555    
  0.4666667      0.4666666    
  0.4777778      0.4777777    
  0.4888889      0.4888889    
  0.5000000      0.5000000    
  0.5111111      0.5111111    
  0.5222222      0.5222222    
  0.5333334      0.5333333    
  0.5444444      0.5444444    
  0.5555556      0.5555555    
  0.5666667      0.5666666    
  0.5777778      0.5777777    
  0.5888889      0.5888889    
  0.6000000      0.6000000    
  0.6111111      0.6111110    
  0.6222222      0.6222222    
  0.6333333      0.6333333    
  0.6444445      0.6444444    
  0.6555555      0.6555555    
  0.6666667      0.6666666    
  0.6777778      0.6777778    
  0.6888889      0.6888888    
  0.7000000      0.6999999    
  0.7111111      0.7111111    
  0.7222222      0.7222222    
  0.7333333      0.7333333    
  0.7444444      0.7444444    
  0.7555556      0.7555555    
  0.7666667      0.7666667    
  0.7777778      0.7777777    
  0.7888889      0.7888888    
  0.8000000      0.8000000    
  0.8111111      0.8111111    
  0.8222222      0.8222222    
  0.8333333      0.8333333    
  0.8444445      0.8444444    
  0.8555555      0.8555555    
  0.8666667      0.8666666    
  0.8777778      0.8777777    
  0.8888889      0.8888888    
  0.9000000      0.9000000    
  0.9111111      0.9111111    
  0.9222222      0.9222221    
  0.9333333      0.9333333    
  0.9444444      0.9444444    
  0.9555556      0.9555555    
  0.9666666      0.9666666    
  0.9777778      0.9777777    
  0.9888889      0.9888889    
   1.000000       1.000000    
