  1.2345679E-02  0.0000000E+00
  2.4691358E-02  2.4691869E-02
  3.7037037E-02  3.7037790E-02
  4.9382716E-02  4.9383737E-02
  6.1728396E-02  6.1729629E-02
  7.4074075E-02  7.4075565E-02
  8.6419754E-02  8.6421452E-02
  9.8765433E-02  9.8767444E-02
  0.1111111      0.1111134    
  0.1234568      0.1234592    
  0.1358025      0.1358051    
  0.1481481      0.1481510    
  0.1604938      0.1604970    
  0.1728395      0.1728428    
  0.1851852      0.1851888    
  0.1975309      0.1975347    
  0.2098765      0.2098806    
  0.2222222      0.2222265    
  0.2345679      0.2345724    
  0.2469136      0.2469185    
  0.2592593      0.2592642    
  0.2716049      0.2716101    
  0.2839506      0.2839559    
  0.2962963      0.2963017    
  0.3086420      0.3086477    
  0.3209876      0.3209934    
  0.3333333      0.3333394    
  0.3456790      0.3456852    
  0.3580247      0.3580311    
  0.3703704      0.3703769    
  0.3827161      0.3827229    
  0.3950617      0.3950686    
  0.4074074      0.4074146    
  0.4197531      0.4197604    
  0.4320988      0.4321063    
  0.4444444      0.4444521    
  0.4567901      0.4567979    
  0.4691358      0.4691437    
  0.4814815      0.4814896    
  0.4938272      0.4938352    
  0.5061728      0.5061809    
  0.5185185      0.5185267    
  0.5308642      0.5308723    
  0.5432099      0.5432182    
  0.5555556      0.5555639    
  0.5679013      0.5679094    
  0.5802469      0.5802553    
  0.5925926      0.5926009    
  0.6049383      0.6049467    
  0.6172839      0.6172922    
  0.6296296      0.6296378    
  0.6419753      0.6419836    
  0.6543210      0.6543293    
  0.6666667      0.6666749    
  0.6790124      0.6790205    
  0.6913580      0.6913663    
  0.7037037      0.7037119    
  0.7160494      0.7160575    
  0.7283950      0.7284032    
  0.7407407      0.7407486    
  0.7530864      0.7530941    
  0.7654321      0.7654397    
  0.7777778      0.7777852    
  0.7901235      0.7901309    
  0.8024691      0.8024760    
  0.8148148      0.8148214    
  0.8271605      0.8271669    
  0.8395061      0.8395122    
  0.8518519      0.8518576    
  0.8641976      0.8642032    
  0.8765432      0.8765483    
  0.8888889      0.8888937    
  0.9012346      0.9012390    
  0.9135802      0.9135843    
  0.9259259      0.9259296    
  0.9382716      0.9382747    
  0.9506173      0.9506201    
  0.9629630      0.9629651    
  0.9753087      0.9753104    
  0.9876543      0.9876555    
   1.000000       1.000001    
