  1.0416667E-02  1.041666697710752487182617187500000E-0002
  2.0833334E-02  2.083333395421504974365234375000000E-0002
  3.1250000E-02  3.125000000000000000000000000000000E-0002
  4.1666668E-02  4.166666790843009948730468750000000E-0002
  5.2083332E-02  5.208333209156990051269531250000000E-0002
  6.2500000E-02  6.250000000000000000000000000000000E-0002
  7.2916664E-02  7.291666418313980102539062500000000E-0002
  8.3333336E-02  8.333333581686019897460937500000000E-0002
  9.3750000E-02  9.375000000000000000000000000000000E-0002
  0.1041667      0.104166664183139801025390625000000      
  0.1145833      0.114583335816860198974609375000000      
  0.1250000      0.125000000000000000000000000000000      
  0.1354167      0.135416671633720397949218750000000      
  0.1458333      0.145833328366279602050781250000000      
  0.1562500      0.156250000000000000000000000000000      
  0.1666667      0.166666671633720397949218750000000      
  0.1770833      0.177083328366279602050781250000000      
  0.1875000      0.187500000000000000000000000000000      
  0.1979167      0.197916671633720397949218750000000      
  0.2083333      0.208333328366279602050781250000000      
  0.2187500      0.218750000000000000000000000000000      
  0.2291667      0.229166671633720397949218750000000      
  0.2395833      0.239583328366279602050781250000000      
  0.2500000      0.250000000000000000000000000000000      
  0.2604167      0.260416656732559204101562500000000      
  0.2708333      0.270833343267440795898437500000000      
  0.2812500      0.281250000000000000000000000000000      
  0.2916667      0.291666656732559204101562500000000      
  0.3020833      0.302083343267440795898437500000000      
  0.3125000      0.312500000000000000000000000000000      
  0.3229167      0.322916656732559204101562500000000      
  0.3333333      0.333333343267440795898437500000000      
  0.3437500      0.343750000000000000000000000000000      
  0.3541667      0.354166656732559204101562500000000      
  0.3645833      0.364583343267440795898437500000000      
  0.3750000      0.375000000000000000000000000000000      
  0.3854167      0.385416656732559204101562500000000      
  0.3958333      0.395833343267440795898437500000000      
  0.4062500      0.406250000000000000000000000000000      
  0.4166667      0.416666656732559204101562500000000      
  0.4270833      0.427083343267440795898437500000000      
  0.4375000      0.437500000000000000000000000000000      
  0.4479167      0.447916656732559204101562500000000      
  0.4583333      0.458333343267440795898437500000000      
  0.4687500      0.468750000000000000000000000000000      
  0.4791667      0.479166656732559204101562500000000      
  0.4895833      0.489583343267440795898437500000000      
  0.5000000      0.500000000000000000000000000000000      
  0.5104167      0.510416686534881591796875000000000      
  0.5208333      0.520833313465118408203125000000000      
  0.5312500      0.531250000000000000000000000000000      
  0.5416667      0.541666686534881591796875000000000      
  0.5520833      0.552083313465118408203125000000000      
  0.5625000      0.562500000000000000000000000000000      
  0.5729167      0.572916686534881591796875000000000      
  0.5833333      0.583333313465118408203125000000000      
  0.5937500      0.593750000000000000000000000000000      
  0.6041667      0.604166686534881591796875000000000      
  0.6145833      0.614583313465118408203125000000000      
  0.6250000      0.625000000000000000000000000000000      
  0.6354167      0.635416686534881591796875000000000      
  0.6458333      0.645833313465118408203125000000000      
  0.6562500      0.656250000000000000000000000000000      
  0.6666667      0.666666686534881591796875000000000      
  0.6770833      0.677083313465118408203125000000000      
  0.6875000      0.687500000000000000000000000000000      
  0.6979167      0.697916686534881591796875000000000      
  0.7083333      0.708333313465118408203125000000000      
  0.7187500      0.718750000000000000000000000000000      
  0.7291667      0.729166686534881591796875000000000      
  0.7395833      0.739583313465118408203125000000000      
  0.7500000      0.750000000000000000000000000000000      
  0.7604167      0.760416686534881591796875000000000      
  0.7708333      0.770833313465118408203125000000000      
  0.7812500      0.781250000000000000000000000000000      
  0.7916667      0.791666686534881591796875000000000      
  0.8020833      0.802083313465118408203125000000000      
  0.8125000      0.812500000000000000000000000000000      
  0.8229167      0.822916686534881591796875000000000      
  0.8333333      0.833333313465118408203125000000000      
  0.8437500      0.843750000000000000000000000000000      
  0.8541667      0.854166686534881591796875000000000      
  0.8645833      0.864583313465118408203125000000000      
  0.8750000      0.875000000000000000000000000000000      
  0.8854167      0.885416686534881591796875000000000      
  0.8958333      0.895833313465118408203125000000000      
  0.9062500      0.906250000000000000000000000000000      
  0.9166667      0.916666686534881591796875000000000      
  0.9270833      0.927083313465118408203125000000000      
  0.9375000      0.937500000000000000000000000000000      
  0.9479167      0.947916686534881591796875000000000      
  0.9583333      0.958333313465118408203125000000000      
  0.9687500      0.968750000000000000000000000000000      
  0.9791667      0.979166686534881591796875000000000      
  0.9895833      0.989583313465118408203125000000000      
   1.000000       1.00000000000000000000000000000000      
