  1.0638298E-02  0.000000000000000000000000000000000E+0000
  2.1276595E-02  2.127659574468085106382978723404263E-0002
  3.1914894E-02  3.191489361702127659574468085106398E-0002
  4.2553190E-02  4.255319148936170212765957446808526E-0002
  5.3191490E-02  5.319148936170212765957446808510659E-0002
  6.3829787E-02  6.382978723404255319148936170212796E-0002
  7.4468084E-02  7.446808510638297872340425531914925E-0002
  8.5106380E-02  8.510638297872340425531914893617051E-0002
  9.5744684E-02  9.574468085106382978723404255319184E-0002
  0.1063830      0.106382978723404255319148936170213      
  0.1170213      0.117021276595744680851063829787234      
  0.1276596      0.127659574468085106382978723404256      
  0.1382979      0.138297872340425531914893617021277      
  0.1489362      0.148936170212765957446808510638298      
  0.1595745      0.159574468085106382978723404255320      
  0.1702128      0.170212765957446808510638297872341      
  0.1808511      0.180851063829787234042553191489362      
  0.1914894      0.191489361702127659574468085106383      
  0.2021277      0.202127659574468085106382978723405      
  0.2127660      0.212765957446808510638297872340426      
  0.2234043      0.223404255319148936170212765957447      
  0.2340426      0.234042553191489361702127659574469      
  0.2446809      0.244680851063829787234042553191490      
  0.2553191      0.255319148936170212765957446808511      
  0.2659574      0.265957446808510638297872340425533      
  0.2765957      0.276595744680851063829787234042554      
  0.2872340      0.287234042553191489361702127659575      
  0.2978723      0.297872340425531914893617021276597      
  0.3085106      0.308510638297872340425531914893618      
  0.3191489      0.319148936170212765957446808510639      
  0.3297872      0.329787234042553191489361702127661      
  0.3404255      0.340425531914893617021276595744682      
  0.3510638      0.351063829787234042553191489361703      
  0.3617021      0.361702127659574468085106382978725      
  0.3723404      0.372340425531914893617021276595746      
  0.3829787      0.382978723404255319148936170212767      
  0.3936170      0.393617021276595744680851063829789      
  0.4042553      0.404255319148936170212765957446810      
  0.4148936      0.414893617021276595744680851063832      
  0.4255319      0.425531914893617021276595744680853      
  0.4361702      0.436170212765957446808510638297875      
  0.4468085      0.446808510638297872340425531914896      
  0.4574468      0.457446808510638297872340425531917      
  0.4680851      0.468085106382978723404255319148939      
  0.4787234      0.478723404255319148936170212765960      
  0.4893617      0.489361702127659574468085106382981      
  0.5000000      0.500000000000000000000000000000003      
  0.5106383      0.510638297872340425531914893617024      
  0.5212766      0.521276595744680851063829787234045      
  0.5319149      0.531914893617021276595744680851067      
  0.5425532      0.542553191489361702127659574468088      
  0.5531915      0.553191489361702127659574468085109      
  0.5638298      0.563829787234042553191489361702131      
  0.5744681      0.574468085106382978723404255319152      
  0.5851064      0.585106382978723404255319148936173      
  0.5957447      0.595744680851063829787234042553195      
  0.6063830      0.606382978723404255319148936170216      
  0.6170213      0.617021276595744680851063829787237      
  0.6276596      0.627659574468085106382978723404258      
  0.6382979      0.638297872340425531914893617021280      
  0.6489362      0.648936170212765957446808510638301      
  0.6595744      0.659574468085106382978723404255322      
  0.6702127      0.670212765957446808510638297872344      
  0.6808510      0.680851063829787234042553191489365      
  0.6914893      0.691489361702127659574468085106387      
  0.7021276      0.702127659574468085106382978723408      
  0.7127659      0.712765957446808510638297872340429      
  0.7234042      0.723404255319148936170212765957451      
  0.7340425      0.734042553191489361702127659574472      
  0.7446808      0.744680851063829787234042553191493      
  0.7553192      0.755319148936170212765957446808514      
  0.7659575      0.765957446808510638297872340425536      
  0.7765958      0.776595744680851063829787234042557      
  0.7872341      0.787234042553191489361702127659578      
  0.7978724      0.797872340425531914893617021276599      
  0.8085107      0.808510638297872340425531914893621      
  0.8191490      0.819148936170212765957446808510642      
  0.8297873      0.829787234042553191489361702127663      
  0.8404256      0.840425531914893617021276595744685      
  0.8510638      0.851063829787234042553191489361705      
  0.8617021      0.861702127659574468085106382978727      
  0.8723404      0.872340425531914893617021276595748      
  0.8829787      0.882978723404255319148936170212769      
  0.8936170      0.893617021276595744680851063829790      
  0.9042553      0.904255319148936170212765957446811      
  0.9148936      0.914893617021276595744680851063832      
  0.9255319      0.925531914893617021276595744680853      
  0.9361702      0.936170212765957446808510638297874      
  0.9468085      0.946808510638297872340425531914895      
  0.9574468      0.957446808510638297872340425531916      
  0.9680851      0.968085106382978723404255319148937      
  0.9787234      0.978723404255319148936170212765958      
  0.9893617      0.989361702127659574468085106382979      
   1.000000       1.00000000000000000000000000000000      
