  1.6949153E-02  0.000000000000000E+000
  3.3898305E-02  3.389830508474573E-002
  5.0847456E-02  5.084745762711860E-002
  6.7796610E-02  6.779661016949151E-002
  8.4745765E-02  8.474576271186431E-002
  0.1016949      0.101694915254237     
  0.1186441      0.118644067796610     
  0.1355932      0.135593220338983     
  0.1525424      0.152542372881356     
  0.1694915      0.169491525423729     
  0.1864407      0.186440677966102     
  0.2033898      0.203389830508474     
  0.2203390      0.220338983050847     
  0.2372881      0.237288135593220     
  0.2542373      0.254237288135593     
  0.2711864      0.271186440677966     
  0.2881356      0.288135593220339     
  0.3050847      0.305084745762712     
  0.3220339      0.322033898305084     
  0.3389831      0.338983050847457     
  0.3559322      0.355932203389831     
  0.3728814      0.372881355932203     
  0.3898305      0.389830508474576     
  0.4067796      0.406779661016949     
  0.4237288      0.423728813559322     
  0.4406780      0.440677966101695     
  0.4576271      0.457627118644068     
  0.4745763      0.474576271186441     
  0.4915254      0.491525423728814     
  0.5084746      0.508474576271187     
  0.5254237      0.525423728813560     
  0.5423729      0.542372881355933     
  0.5593221      0.559322033898305     
  0.5762712      0.576271186440678     
  0.5932204      0.593220338983051     
  0.6101695      0.610169491525424     
  0.6271186      0.627118644067797     
  0.6440678      0.644067796610170     
  0.6610169      0.661016949152542     
  0.6779661      0.677966101694915     
  0.6949152      0.694915254237288     
  0.7118644      0.711864406779661     
  0.7288136      0.728813559322034     
  0.7457627      0.745762711864407     
  0.7627119      0.762711864406780     
  0.7796610      0.779661016949152     
  0.7966102      0.796610169491526     
  0.8135593      0.813559322033898     
  0.8305085      0.830508474576271     
  0.8474576      0.847457627118644     
  0.8644068      0.864406779661017     
  0.8813559      0.881355932203389     
  0.8983051      0.898305084745762     
  0.9152542      0.915254237288135     
  0.9322034      0.932203389830508     
  0.9491525      0.949152542372881     
  0.9661017      0.966101694915254     
  0.9830508      0.983050847457627     
   1.000000       1.00000000000000     
