  7.6923080E-02  7.692307233810425E-002
  0.1538462      0.153846144676208     
  0.2307692      0.230769217014313     
  0.3076923      0.307692289352417     
  0.3846154      0.384615361690521     
  0.4615385      0.461538434028625     
  0.5384616      0.538461506366730     
  0.6153846      0.615384578704834     
  0.6923077      0.692307651042938     
  0.7692308      0.769230723381042     
  0.8461539      0.846153795719147     
  0.9230769      0.923076868057251     
   1.000000       1.00000000000000     
