  3.4482758E-02  3.4482758E-02
  6.8965517E-02  6.8965517E-02
  0.1034483      0.1034483    
  0.1379310      0.1379310    
  0.1724138      0.1724138    
  0.2068966      0.2068965    
  0.2413793      0.2413793    
  0.2758621      0.2758621    
  0.3103448      0.3103448    
  0.3448276      0.3448276    
  0.3793103      0.3793103    
  0.4137931      0.4137931    
  0.4482759      0.4482759    
  0.4827586      0.4827586    
  0.5172414      0.5172414    
  0.5517241      0.5517241    
  0.5862069      0.5862069    
  0.6206896      0.6206896    
  0.6551724      0.6551724    
  0.6896552      0.6896552    
  0.7241379      0.7241379    
  0.7586207      0.7586207    
  0.7931035      0.7931035    
  0.8275862      0.8275862    
  0.8620690      0.8620690    
  0.8965517      0.8965517    
  0.9310345      0.9310345    
  0.9655172      0.9655172    
   1.000000       1.000000    
