  1.9230770E-02  0.000000000000000E+000
  3.8461540E-02  3.846153846153840E-002
  5.7692308E-02  5.769230769230756E-002
  7.6923080E-02  7.692307692307680E-002
  9.6153848E-02  9.615384615384599E-002
  0.1153846      0.115384615384615     
  0.1346154      0.134615384615384     
  0.1538462      0.153846153846154     
  0.1730769      0.173076923076923     
  0.1923077      0.192307692307692     
  0.2115385      0.211538461538461     
  0.2307692      0.230769230769230     
  0.2500000      0.249999999999999     
  0.2692308      0.269230769230769     
  0.2884615      0.288461538461538     
  0.3076923      0.307692307692307     
  0.3269231      0.326923076923076     
  0.3461539      0.346153846153845     
  0.3653846      0.365384615384615     
  0.3846154      0.384615384615384     
  0.4038461      0.403846153846153     
  0.4230769      0.423076923076922     
  0.4423077      0.442307692307691     
  0.4615385      0.461538461538460     
  0.4807692      0.480769230769230     
  0.5000000      0.499999999999999     
  0.5192308      0.519230769230768     
  0.5384616      0.538461538461538     
  0.5576923      0.557692307692307     
  0.5769231      0.576923076923076     
  0.5961539      0.596153846153846     
  0.6153846      0.615384615384615     
  0.6346154      0.634615384615384     
  0.6538461      0.653846153846154     
  0.6730769      0.673076923076923     
  0.6923077      0.692307692307692     
  0.7115384      0.711538461538462     
  0.7307692      0.730769230769231     
  0.7500000      0.750000000000000     
  0.7692308      0.769230769230769     
  0.7884616      0.788461538461539     
  0.8076923      0.807692307692308     
  0.8269231      0.826923076923077     
  0.8461539      0.846153846153846     
  0.8653846      0.865384615384616     
  0.8846154      0.884615384615385     
  0.9038461      0.903846153846154     
  0.9230769      0.923076923076923     
  0.9423077      0.942307692307692     
  0.9615384      0.961538461538462     
  0.9807692      0.980769230769231     
   1.000000       1.00000000000000     
