  1.0752688E-02  0.000000000000000E+000
  2.1505376E-02  2.150537634408629E-002
  3.2258064E-02  3.225806451612945E-002
  4.3010753E-02  4.301075268817259E-002
  5.3763442E-02  5.376344086021579E-002
  6.4516127E-02  6.451612903225888E-002
  7.5268820E-02  7.526881720430206E-002
  8.6021505E-02  8.602150537634518E-002
  9.6774191E-02  9.677419354838845E-002
  0.1075269      0.107526881720432     
  0.1182796      0.118279569892475     
  0.1290323      0.129032258064518     
  0.1397849      0.139784946236561     
  0.1505376      0.150537634408604     
  0.1612903      0.161290322580647     
  0.1720430      0.172043010752690     
  0.1827957      0.182795698924734     
  0.1935484      0.193548387096777     
  0.2043011      0.204301075268820     
  0.2150538      0.215053763440863     
  0.2258064      0.225806451612906     
  0.2365591      0.236559139784949     
  0.2473118      0.247311827956992     
  0.2580645      0.258064516129036     
  0.2688172      0.268817204301079     
  0.2795699      0.279569892473122     
  0.2903226      0.290322580645165     
  0.3010753      0.301075268817209     
  0.3118280      0.311827956989252     
  0.3225806      0.322580645161295     
  0.3333333      0.333333333333338     
  0.3440860      0.344086021505381     
  0.3548387      0.354838709677424     
  0.3655914      0.365591397849467     
  0.3763441      0.376344086021511     
  0.3870968      0.387096774193554     
  0.3978495      0.397849462365597     
  0.4086021      0.408602150537640     
  0.4193548      0.419354838709683     
  0.4301075      0.430107526881726     
  0.4408602      0.440860215053769     
  0.4516129      0.451612903225812     
  0.4623656      0.462365591397855     
  0.4731183      0.473118279569898     
  0.4838710      0.483870967741941     
  0.4946237      0.494623655913984     
  0.5053763      0.505376344086027     
  0.5161290      0.516129032258070     
  0.5268817      0.526881720430113     
  0.5376344      0.537634408602156     
  0.5483871      0.548387096774199     
  0.5591398      0.559139784946242     
  0.5698925      0.569892473118285     
  0.5806451      0.580645161290328     
  0.5913978      0.591397849462371     
  0.6021506      0.602150537634413     
  0.6129032      0.612903225806457     
  0.6236559      0.623655913978500     
  0.6344086      0.634408602150542     
  0.6451613      0.645161290322586     
  0.6559139      0.655913978494629     
  0.6666667      0.666666666666672     
  0.6774194      0.677419354838714     
  0.6881720      0.688172043010758     
  0.6989247      0.698924731182800     
  0.7096774      0.709677419354843     
  0.7204301      0.720430107526886     
  0.7311828      0.731182795698929     
  0.7419355      0.741935483870972     
  0.7526882      0.752688172043016     
  0.7634408      0.763440860215058     
  0.7741935      0.774193548387101     
  0.7849463      0.784946236559144     
  0.7956989      0.795698924731187     
  0.8064516      0.806451612903230     
  0.8172043      0.817204301075273     
  0.8279570      0.827956989247316     
  0.8387097      0.838709677419359     
  0.8494624      0.849462365591401     
  0.8602151      0.860215053763444     
  0.8709677      0.870967741935487     
  0.8817204      0.881720430107530     
  0.8924731      0.892473118279572     
  0.9032258      0.903225806451615     
  0.9139785      0.913978494623658     
  0.9247312      0.924731182795701     
  0.9354839      0.935483870967743     
  0.9462366      0.946236559139786     
  0.9569892      0.956989247311829     
  0.9677419      0.967741935483872     
  0.9784946      0.978494623655914     
  0.9892473      0.989247311827957     
   1.000000       1.00000000000000     
