  1.3698630E-02  0.0000000E+00
  2.7397260E-02  2.7397580E-02
  4.1095890E-02  4.1096348E-02
  5.4794520E-02  5.4795157E-02
  6.8493150E-02  6.8493925E-02
  8.2191780E-02  8.2192697E-02
  9.5890410E-02  9.5891476E-02
  0.1095890      0.1095903    
  0.1232877      0.1232890    
  0.1369863      0.1369879    
  0.1506849      0.1506866    
  0.1643836      0.1643853    
  0.1780822      0.1780841    
  0.1917808      0.1917829    
  0.2054795      0.2054816    
  0.2191781      0.2191804    
  0.2328767      0.2328793    
  0.2465753      0.2465779    
  0.2602740      0.2602768    
  0.2739726      0.2739755    
  0.2876712      0.2876742    
  0.3013699      0.3013728    
  0.3150685      0.3150716    
  0.3287671      0.3287702    
  0.3424658      0.3424690    
  0.3561644      0.3561678    
  0.3698630      0.3698664    
  0.3835616      0.3835651    
  0.3972603      0.3972640    
  0.4109589      0.4109626    
  0.4246575      0.4246611    
  0.4383562      0.4383600    
  0.4520548      0.4520586    
  0.4657534      0.4657571    
  0.4794520      0.4794558    
  0.4931507      0.4931545    
  0.5068493      0.5068531    
  0.5205479      0.5205516    
  0.5342466      0.5342503    
  0.5479452      0.5479489    
  0.5616438      0.5616475    
  0.5753425      0.5753462    
  0.5890411      0.5890449    
  0.6027398      0.6027434    
  0.6164383      0.6164420    
  0.6301370      0.6301407    
  0.6438356      0.6438393    
  0.6575342      0.6575379    
  0.6712329      0.6712366    
  0.6849315      0.6849352    
  0.6986302      0.6986337    
  0.7123288      0.7123325    
  0.7260274      0.7260309    
  0.7397260      0.7397296    
  0.7534246      0.7534282    
  0.7671233      0.7671268    
  0.7808219      0.7808253    
  0.7945206      0.7945239    
  0.8082192      0.8082223    
  0.8219178      0.8219209    
  0.8356164      0.8356193    
  0.8493150      0.8493177    
  0.8630137      0.8630162    
  0.8767123      0.8767146    
  0.8904110      0.8904132    
  0.9041096      0.9041114    
  0.9178082      0.9178100    
  0.9315069      0.9315084    
  0.9452055      0.9452069    
  0.9589041      0.9589052    
  0.9726027      0.9726036    
  0.9863014      0.9863020    
   1.000000       1.000000    
