  1.3333334E-02  1.333333365619182586669921875000000E-0002
  2.6666667E-02  2.666666731238365173339843750000000E-0002
  3.9999999E-02  3.999999910593032836914062500000000E-0002
  5.3333335E-02  5.333333462476730346679687500000000E-0002
  6.6666670E-02  6.666667014360427856445312500000000E-0002
  7.9999998E-02  7.999999821186065673828125000000000E-0002
  9.3333334E-02  9.333333373069763183593750000000000E-0002
  0.1066667      0.106666669249534606933593750000000      
  0.1200000      0.119999997317790985107421875000000      
  0.1333333      0.133333340287208557128906250000000      
  0.1466667      0.146666660904884338378906250000000      
  0.1600000      0.159999996423721313476562500000000      
  0.1733333      0.173333331942558288574218750000000      
  0.1866667      0.186666667461395263671875000000000      
  0.2000000      0.200000002980232238769531250000000      
  0.2133333      0.213333338499069213867187500000000      
  0.2266667      0.226666674017906188964843750000000      
  0.2400000      0.239999994635581970214843750000000      
  0.2533333      0.253333330154418945312500000000000      
  0.2666667      0.266666680574417114257812500000000      
  0.2800000      0.280000001192092895507812500000000      
  0.2933333      0.293333321809768676757812500000000      
  0.3066667      0.306666672229766845703125000000000      
  0.3200000      0.319999992847442626953125000000000      
  0.3333333      0.333333343267440795898437500000000      
  0.3466667      0.346666663885116577148437500000000      
  0.3600000      0.360000014305114746093750000000000      
  0.3733333      0.373333334922790527343750000000000      
  0.3866667      0.386666655540466308593750000000000      
  0.4000000      0.400000005960464477539062500000000      
  0.4133333      0.413333326578140258789062500000000      
  0.4266667      0.426666676998138427734375000000000      
  0.4400000      0.439999997615814208984375000000000      
  0.4533333      0.453333348035812377929687500000000      
  0.4666667      0.466666668653488159179687500000000      
  0.4800000      0.479999989271163940429687500000000      
  0.4933333      0.493333339691162109375000000000000      
  0.5066667      0.506666660308837890625000000000000      
  0.5200000      0.519999980926513671875000000000000      
  0.5333334      0.533333361148834228515625000000000      
  0.5466667      0.546666681766510009765625000000000      
  0.5600000      0.560000002384185791015625000000000      
  0.5733333      0.573333323001861572265625000000000      
  0.5866666      0.586666643619537353515625000000000      
  0.6000000      0.600000023841857910156250000000000      
  0.6133333      0.613333344459533691406250000000000      
  0.6266667      0.626666665077209472656250000000000      
  0.6400000      0.639999985694885253906250000000000      
  0.6533333      0.653333306312561035156250000000000      
  0.6666667      0.666666686534881591796875000000000      
  0.6800000      0.680000007152557373046875000000000      
  0.6933333      0.693333327770233154296875000000000      
  0.7066666      0.706666648387908935546875000000000      
  0.7200000      0.720000028610229492187500000000000      
  0.7333333      0.733333349227905273437500000000000      
  0.7466667      0.746666669845581054687500000000000      
  0.7600000      0.759999990463256835937500000000000      
  0.7733333      0.773333311080932617187500000000000      
  0.7866667      0.786666691303253173828125000000000      
  0.8000000      0.800000011920928955078125000000000      
  0.8133333      0.813333332538604736328125000000000      
  0.8266667      0.826666653156280517578125000000000      
  0.8400000      0.839999973773956298828125000000000      
  0.8533334      0.853333353996276855468750000000000      
  0.8666667      0.866666674613952636718750000000000      
  0.8800000      0.879999995231628417968750000000000      
  0.8933333      0.893333315849304199218750000000000      
  0.9066667      0.906666696071624755859375000000000      
  0.9200000      0.920000016689300537109375000000000      
  0.9333333      0.933333337306976318359375000000000      
  0.9466667      0.946666657924652099609375000000000      
  0.9600000      0.959999978542327880859375000000000      
  0.9733334      0.973333358764648437500000000000000      
  0.9866667      0.986666679382324218750000000000000      
   1.000000       1.00000000000000000000000000000000      
