  2.9411765E-02  0.000000000000000000000000000000000E+0000
  5.8823530E-02  5.882352941176470588235294117647060E-0002
  8.8235296E-02  8.823529411764705882352941176470590E-0002
  0.1176471      0.117647058823529411764705882352941      
  0.1470588      0.147058823529411764705882352941177      
  0.1764706      0.176470588235294117647058823529412      
  0.2058824      0.205882352941176470588235294117647      
  0.2352941      0.235294117647058823529411764705882      
  0.2647059      0.264705882352941176470588235294118      
  0.2941177      0.294117647058823529411764705882353      
  0.3235294      0.323529411764705882352941176470588      
  0.3529412      0.352941176470588235294117647058824      
  0.3823529      0.382352941176470588235294117647059      
  0.4117647      0.411764705882352941176470588235295      
  0.4411765      0.441176470588235294117647058823530      
  0.4705882      0.470588235294117647058823529411765      
  0.5000000      0.500000000000000000000000000000000      
  0.5294118      0.529411764705882352941176470588236      
  0.5588235      0.558823529411764705882352941176471      
  0.5882353      0.588235294117647058823529411764706      
  0.6176471      0.617647058823529411764705882352941      
  0.6470588      0.647058823529411764705882352941177      
  0.6764706      0.676470588235294117647058823529412      
  0.7058824      0.705882352941176470588235294117647      
  0.7352941      0.735294117647058823529411764705883      
  0.7647059      0.764705882352941176470588235294118      
  0.7941176      0.794117647058823529411764705882353      
  0.8235294      0.823529411764705882352941176470588      
  0.8529412      0.852941176470588235294117647058824      
  0.8823529      0.882352941176470588235294117647059      
  0.9117647      0.911764705882352941176470588235294      
  0.9411765      0.941176470588235294117647058823529      
  0.9705882      0.970588235294117647058823529411765      
   1.000000       1.00000000000000000000000000000000      
