  1.4285714E-02  0.000000000000000000000000000000000E+0000
  2.8571429E-02  2.857142857142857142857142857142863E-0002
  4.2857144E-02  4.285714285714285714285714285714295E-0002
  5.7142857E-02  5.714285714285714285714285714285726E-0002
  7.1428575E-02  7.142857142857142857142857142857158E-0002
  8.5714288E-02  8.571428571428571428571428571428590E-0002
  0.1000000      0.100000000000000000000000000000000      
  0.1142857      0.114285714285714285714285714285715      
  0.1285714      0.128571428571428571428571428571429      
  0.1428571      0.142857142857142857142857142857143      
  0.1571429      0.157142857142857142857142857142858      
  0.1714286      0.171428571428571428571428571428572      
  0.1857143      0.185714285714285714285714285714286      
  0.2000000      0.200000000000000000000000000000001      
  0.2142857      0.214285714285714285714285714285715      
  0.2285714      0.228571428571428571428571428571429      
  0.2428571      0.242857142857142857142857142857143      
  0.2571429      0.257142857142857142857142857142858      
  0.2714286      0.271428571428571428571428571428572      
  0.2857143      0.285714285714285714285714285714286      
  0.3000000      0.300000000000000000000000000000001      
  0.3142857      0.314285714285714285714285714285715      
  0.3285714      0.328571428571428571428571428571429      
  0.3428572      0.342857142857142857142857142857144      
  0.3571429      0.357142857142857142857142857142858      
  0.3714286      0.371428571428571428571428571428572      
  0.3857143      0.385714285714285714285714285714287      
  0.4000000      0.400000000000000000000000000000001      
  0.4142857      0.414285714285714285714285714285715      
  0.4285714      0.428571428571428571428571428571430      
  0.4428571      0.442857142857142857142857142857144      
  0.4571429      0.457142857142857142857142857142858      
  0.4714286      0.471428571428571428571428571428573      
  0.4857143      0.485714285714285714285714285714287      
  0.5000000      0.500000000000000000000000000000001      
  0.5142857      0.514285714285714285714285714285715      
  0.5285714      0.528571428571428571428571428571430      
  0.5428572      0.542857142857142857142857142857144      
  0.5571429      0.557142857142857142857142857142858      
  0.5714286      0.571428571428571428571428571428573      
  0.5857143      0.585714285714285714285714285714287      
  0.6000000      0.600000000000000000000000000000001      
  0.6142857      0.614285714285714285714285714285716      
  0.6285715      0.628571428571428571428571428571430      
  0.6428571      0.642857142857142857142857142857144      
  0.6571429      0.657142857142857142857142857142859      
  0.6714286      0.671428571428571428571428571428573      
  0.6857143      0.685714285714285714285714285714287      
  0.7000000      0.700000000000000000000000000000001      
  0.7142857      0.714285714285714285714285714285716      
  0.7285714      0.728571428571428571428571428571430      
  0.7428572      0.742857142857142857142857142857144      
  0.7571428      0.757142857142857142857142857142859      
  0.7714286      0.771428571428571428571428571428573      
  0.7857143      0.785714285714285714285714285714287      
  0.8000000      0.800000000000000000000000000000001      
  0.8142857      0.814285714285714285714285714285716      
  0.8285714      0.828571428571428571428571428571430      
  0.8428571      0.842857142857142857142857142857144      
  0.8571429      0.857142857142857142857142857142859      
  0.8714285      0.871428571428571428571428571428573      
  0.8857143      0.885714285714285714285714285714287      
  0.9000000      0.900000000000000000000000000000002      
  0.9142857      0.914285714285714285714285714285716      
  0.9285714      0.928571428571428571428571428571430      
  0.9428571      0.942857142857142857142857142857144      
  0.9571428      0.957142857142857142857142857142858      
  0.9714286      0.971428571428571428571428571428572      
  0.9857143      0.985714285714285714285714285714286      
   1.000000       1.00000000000000000000000000000000      
