  1.0101010E-02  1.010101009160280E-002
  2.0202020E-02  2.020202018320560E-002
  3.0303031E-02  3.030303120613098E-002
  4.0404040E-02  4.040404036641121E-002
  5.0505050E-02  5.050504952669144E-002
  6.0606062E-02  6.060606241226196E-002
  7.0707068E-02  7.070706784725189E-002
  8.0808081E-02  8.080808073282242E-002
  9.0909094E-02  9.090909361839294E-002
  0.1010101      0.101010099053383     
  0.1111111      0.111111111938953     
  0.1212121      0.121212124824524     
  0.1313131      0.131313130259514     
  0.1414141      0.141414135694504     
  0.1515152      0.151515156030655     
  0.1616162      0.161616161465645     
  0.1717172      0.171717166900635     
  0.1818182      0.181818187236786     
  0.1919192      0.191919192671776     
  0.2020202      0.202020198106766     
  0.2121212      0.212121218442917     
  0.2222222      0.222222223877907     
  0.2323232      0.232323229312897     
  0.2424242      0.242424249649048     
  0.2525252      0.252525240182877     
  0.2626263      0.262626260519028     
  0.2727273      0.272727280855179     
  0.2828283      0.282828271389008     
  0.2929293      0.292929291725159     
  0.3030303      0.303030312061310     
  0.3131313      0.313131302595139     
  0.3232323      0.323232322931290     
  0.3333333      0.333333343267441     
  0.3434343      0.343434333801270     
  0.3535354      0.353535354137421     
  0.3636364      0.363636374473572     
  0.3737374      0.373737365007401     
  0.3838384      0.383838385343552     
  0.3939394      0.393939405679703     
  0.4040404      0.404040396213531     
  0.4141414      0.414141416549683     
  0.4242424      0.424242436885834     
  0.4343434      0.434343427419662     
  0.4444444      0.444444447755814     
  0.4545455      0.454545468091965     
  0.4646465      0.464646458625793     
  0.4747475      0.474747478961945     
  0.4848485      0.484848499298096     
  0.4949495      0.494949489831924     
  0.5050505      0.505050480365753     
  0.5151515      0.515151500701904     
  0.5252525      0.525252521038055     
  0.5353535      0.535353541374207     
  0.5454546      0.545454561710358     
  0.5555556      0.555555582046509     
  0.5656565      0.565656542778015     
  0.5757576      0.575757563114166     
  0.5858586      0.585858583450317     
  0.5959596      0.595959603786469     
  0.6060606      0.606060624122620     
  0.6161616      0.616161644458771     
  0.6262626      0.626262605190277     
  0.6363636      0.636363625526428     
  0.6464646      0.646464645862579     
  0.6565657      0.656565666198730     
  0.6666667      0.666666686534882     
  0.6767676      0.676767647266388     
  0.6868687      0.686868667602539     
  0.6969697      0.696969687938690     
  0.7070707      0.707070708274841     
  0.7171717      0.717171728610992     
  0.7272727      0.727272748947144     
  0.7373737      0.737373709678650     
  0.7474747      0.747474730014801     
  0.7575758      0.757575750350952     
  0.7676768      0.767676770687103     
  0.7777778      0.777777791023254     
  0.7878788      0.787878811359406     
  0.7979798      0.797979772090912     
  0.8080808      0.808080792427063     
  0.8181818      0.818181812763214     
  0.8282828      0.828282833099365     
  0.8383839      0.838383853435516     
  0.8484849      0.848484873771667     
  0.8585858      0.858585834503174     
  0.8686869      0.868686854839325     
  0.8787879      0.878787875175476     
  0.8888889      0.888888895511627     
  0.8989899      0.898989915847778     
  0.9090909      0.909090936183929     
  0.9191919      0.919191896915436     
  0.9292929      0.929292917251587     
  0.9393939      0.939393937587738     
  0.9494950      0.949494957923889     
  0.9595960      0.959595978260040     
  0.9696970      0.969696998596191     
  0.9797980      0.979797959327698     
  0.9898990      0.989898979663849     
   1.000000       1.00000000000000     
