  2.4390243E-02  0.0000000E+00
  4.8780486E-02  4.8780669E-02
  7.3170729E-02  7.3171027E-02
  9.7560972E-02  9.7561330E-02
  0.1219512      0.1219517    
  0.1463415      0.1463420    
  0.1707317      0.1707323    
  0.1951219      0.1951226    
  0.2195122      0.2195129    
  0.2439024      0.2439032    
  0.2682927      0.2682934    
  0.2926829      0.2926838    
  0.3170732      0.3170741    
  0.3414634      0.3414644    
  0.3658537      0.3658546    
  0.3902439      0.3902448    
  0.4146341      0.4146352    
  0.4390244      0.4390254    
  0.4634146      0.4634157    
  0.4878049      0.4878059    
  0.5121951      0.5121963    
  0.5365854      0.5365864    
  0.5609756      0.5609768    
  0.5853658      0.5853669    
  0.6097561      0.6097572    
  0.6341463      0.6341473    
  0.6585366      0.6585376    
  0.6829268      0.6829278    
  0.7073171      0.7073181    
  0.7317073      0.7317083    
  0.7560976      0.7560985    
  0.7804878      0.7804888    
  0.8048781      0.8048790    
  0.8292683      0.8292692    
  0.8536586      0.8536595    
  0.8780488      0.8780496    
  0.9024390      0.9024398    
  0.9268293      0.9268299    
  0.9512195      0.9512200    
  0.9756098      0.9756100    
   1.000000       1.000000    
