  3.9999999E-02  3.999999910593033E-002
  7.9999998E-02  7.999999821186066E-002
  0.1200000      0.119999997317791     
  0.1600000      0.159999996423721     
  0.2000000      0.199999988079071     
  0.2400000      0.239999994635582     
  0.2800000      0.280000001192093     
  0.3200000      0.319999992847443     
  0.3600000      0.359999984502792     
  0.4000000      0.399999976158142     
  0.4400000      0.439999997615814     
  0.4800000      0.479999989271164     
  0.5200000      0.519999980926514     
  0.5600000      0.560000002384186     
  0.6000000      0.599999964237213     
  0.6400000      0.639999985694885     
  0.6800000      0.680000007152557     
  0.7200000      0.719999969005585     
  0.7600000      0.759999990463257     
  0.8000000      0.799999952316284     
  0.8400000      0.839999973773956     
  0.8800000      0.879999995231628     
  0.9200000      0.919999957084656     
  0.9600000      0.959999978542328     
   1.000000       1.00000000000000     
