  3.8461540E-02  0.000000000000000E+000
  7.6923080E-02  7.692307692307691E-002
  0.1153846      0.115384615384615     
  0.1538462      0.153846153846154     
  0.1923077      0.192307692307692     
  0.2307692      0.230769230769231     
  0.2692308      0.269230769230769     
  0.3076923      0.307692307692308     
  0.3461539      0.346153846153846     
  0.3846154      0.384615384615385     
  0.4230769      0.423076923076923     
  0.4615385      0.461538461538461     
  0.5000000      0.500000000000000     
  0.5384616      0.538461538461538     
  0.5769231      0.576923076923077     
  0.6153846      0.615384615384615     
  0.6538461      0.653846153846154     
  0.6923077      0.692307692307692     
  0.7307692      0.730769230769231     
  0.7692308      0.769230769230769     
  0.8076923      0.807692307692307     
  0.8461539      0.846153846153846     
  0.8846154      0.884615384615384     
  0.9230769      0.923076923076923     
  0.9615384      0.961538461538461     
   1.000000       1.00000000000000     
