  1.5873017E-02  1.587301492691040E-002
  3.1746034E-02  3.174602985382080E-002
  4.7619049E-02  4.761904478073120E-002
  6.3492067E-02  6.349205970764160E-002
  7.9365082E-02  7.936507463455200E-002
  9.5238097E-02  9.523808956146240E-002
  0.1111111      0.111111104488373     
  0.1269841      0.126984119415283     
  0.1428571      0.142857134342194     
  0.1587302      0.158730149269104     
  0.1746032      0.174603164196014     
  0.1904762      0.190476179122925     
  0.2063492      0.206349194049835     
  0.2222222      0.222222208976746     
  0.2380952      0.238095223903656     
  0.2539683      0.253968238830566     
  0.2698413      0.269841253757477     
  0.2857143      0.285714268684387     
  0.3015873      0.301587283611298     
  0.3174603      0.317460298538208     
  0.3333333      0.333333313465118     
  0.3492064      0.349206328392029     
  0.3650794      0.365079343318939     
  0.3809524      0.380952358245850     
  0.3968254      0.396825373172760     
  0.4126984      0.412698388099670     
  0.4285714      0.428571403026581     
  0.4444444      0.444444417953491     
  0.4603175      0.460317432880402     
  0.4761905      0.476190447807312     
  0.4920635      0.492063462734222     
  0.5079365      0.507936477661133     
  0.5238096      0.523809492588043     
  0.5396826      0.539682507514954     
  0.5555556      0.555555522441864     
  0.5714286      0.571428537368774     
  0.5873016      0.587301552295685     
  0.6031746      0.603174567222595     
  0.6190476      0.619047582149506     
  0.6349207      0.634920597076416     
  0.6507937      0.650793612003326     
  0.6666667      0.666666626930237     
  0.6825397      0.682539641857147     
  0.6984127      0.698412656784058     
  0.7142857      0.714285671710968     
  0.7301587      0.730158686637878     
  0.7460318      0.746031701564789     
  0.7619048      0.761904716491699     
  0.7777778      0.777777731418610     
  0.7936508      0.793650746345520     
  0.8095238      0.809523761272430     
  0.8253968      0.825396776199341     
  0.8412699      0.841269791126251     
  0.8571429      0.857142806053162     
  0.8730159      0.873015820980072     
  0.8888889      0.888888835906982     
  0.9047619      0.904761850833893     
  0.9206349      0.920634865760803     
  0.9365079      0.936507880687714     
  0.9523810      0.952380895614624     
  0.9682540      0.968253970146179     
  0.9841270      0.984126985073090     
   1.000000       1.00000000000000     
