  2.2222223E-02  2.2222221E-02
  4.4444446E-02  4.4444442E-02
  6.6666670E-02  6.6666663E-02
  8.8888891E-02  8.8888884E-02
  0.1111111      0.1111111    
  0.1333333      0.1333333    
  0.1555556      0.1555555    
  0.1777778      0.1777778    
  0.2000000      0.2000000    
  0.2222222      0.2222222    
  0.2444444      0.2444444    
  0.2666667      0.2666667    
  0.2888889      0.2888889    
  0.3111111      0.3111111    
  0.3333333      0.3333333    
  0.3555556      0.3555555    
  0.3777778      0.3777778    
  0.4000000      0.4000000    
  0.4222222      0.4222222    
  0.4444444      0.4444444    
  0.4666667      0.4666666    
  0.4888889      0.4888889    
  0.5111111      0.5111111    
  0.5333334      0.5333333    
  0.5555556      0.5555555    
  0.5777778      0.5777777    
  0.6000000      0.6000000    
  0.6222222      0.6222222    
  0.6444445      0.6444444    
  0.6666667      0.6666666    
  0.6888889      0.6888888    
  0.7111111      0.7111111    
  0.7333333      0.7333333    
  0.7555556      0.7555555    
  0.7777778      0.7777777    
  0.8000000      0.8000000    
  0.8222222      0.8222222    
  0.8444445      0.8444444    
  0.8666667      0.8666666    
  0.8888889      0.8888888    
  0.9111111      0.9111111    
  0.9333333      0.9333333    
  0.9555556      0.9555555    
  0.9777778      0.9777777    
   1.000000       1.000000    
