  4.5454547E-02  0.000000000000000E+000
  9.0909094E-02  9.090909090909066E-002
  0.1363636      0.136363636363636     
  0.1818182      0.181818181818181     
  0.2272727      0.227272727272727     
  0.2727273      0.272727272727272     
  0.3181818      0.318181818181817     
  0.3636364      0.363636363636363     
  0.4090909      0.409090909090908     
  0.4545455      0.454545454545453     
  0.5000000      0.499999999999999     
  0.5454546      0.545454545454544     
  0.5909091      0.590909090909089     
  0.6363636      0.636363636363635     
  0.6818182      0.681818181818180     
  0.7272727      0.727272727272726     
  0.7727273      0.772727272727272     
  0.8181818      0.818181818181817     
  0.8636364      0.863636363636363     
  0.9090909      0.909090909090909     
  0.9545454      0.954545454545454     
   1.000000       1.00000000000000     
