  3.9999999E-02  0.0000000E+00
  7.9999998E-02  8.0000065E-02
  0.1200000      0.1200001    
  0.1600000      0.1600001    
  0.2000000      0.2000001    
  0.2400000      0.2400001    
  0.2800000      0.2800001    
  0.3200000      0.3200001    
  0.3600000      0.3600002    
  0.4000000      0.4000002    
  0.4400000      0.4400002    
  0.4800000      0.4800003    
  0.5200000      0.5200002    
  0.5600000      0.5600002    
  0.6000000      0.6000002    
  0.6400000      0.6400000    
  0.6800000      0.6799999    
  0.7200000      0.7199998    
  0.7600000      0.7600000    
  0.8000000      0.7999998    
  0.8400000      0.8399999    
  0.8800000      0.8799999    
  0.9200000      0.9199999    
  0.9600000      0.9600000    
   1.000000       1.000000    
