  1.8867925E-02  0.0000000E+00
  3.7735850E-02  3.7736159E-02
  5.6603774E-02  5.6604244E-02
  7.5471699E-02  7.5472325E-02
  9.4339624E-02  9.4340384E-02
  0.1132075      0.1132085    
  0.1320755      0.1320765    
  0.1509434      0.1509446    
  0.1698113      0.1698127    
  0.1886792      0.1886808    
  0.2075472      0.2075488    
  0.2264151      0.2264170    
  0.2452830      0.2452850    
  0.2641509      0.2641531    
  0.2830189      0.2830214    
  0.3018868      0.3018893    
  0.3207547      0.3207573    
  0.3396226      0.3396255    
  0.3584906      0.3584936    
  0.3773585      0.3773615    
  0.3962264      0.3962297    
  0.4150943      0.4150977    
  0.4339623      0.4339658    
  0.4528302      0.4528340    
  0.4716981      0.4717019    
  0.4905660      0.4905701    
  0.5094340      0.5094380    
  0.5283019      0.5283061    
  0.5471698      0.5471741    
  0.5660377      0.5660420    
  0.5849057      0.5849100    
  0.6037736      0.6037780    
  0.6226415      0.6226459    
  0.6415094      0.6415136    
  0.6603774      0.6603814    
  0.6792453      0.6792493    
  0.6981132      0.6981171    
  0.7169811      0.7169850    
  0.7358491      0.7358528    
  0.7547170      0.7547206    
  0.7735849      0.7735884    
  0.7924528      0.7924560    
  0.8113208      0.8113238    
  0.8301887      0.8301914    
  0.8490566      0.8490591    
  0.8679245      0.8679267    
  0.8867925      0.8867943    
  0.9056604      0.9056620    
  0.9245283      0.9245297    
  0.9433962      0.9433974    
  0.9622642      0.9622650    
  0.9811321      0.9811327    
   1.000000       1.000000    
