  6.6666670E-02  6.666667014360427856445312500000000E-0002
  0.1333333      0.133333340287208557128906250000000      
  0.2000000      0.200000002980232238769531250000000      
  0.2666667      0.266666680574417114257812500000000      
  0.3333333      0.333333343267440795898437500000000      
  0.4000000      0.400000005960464477539062500000000      
  0.4666667      0.466666668653488159179687500000000      
  0.5333334      0.533333361148834228515625000000000      
  0.6000000      0.600000023841857910156250000000000      
  0.6666667      0.666666686534881591796875000000000      
  0.7333333      0.733333349227905273437500000000000      
  0.8000000      0.800000011920928955078125000000000      
  0.8666667      0.866666674613952636718750000000000      
  0.9333333      0.933333337306976318359375000000000      
   1.000000       1.00000000000000000000000000000000      
