  4.3478262E-02  4.347826167941093E-002
  8.6956523E-02  8.695652335882187E-002
  0.1304348      0.130434781312943     
  0.1739130      0.173913046717644     
  0.2173913      0.217391312122345     
  0.2608696      0.260869562625885     
  0.3043478      0.304347842931747     
  0.3478261      0.347826093435287     
  0.3913043      0.391304343938828     
  0.4347826      0.434782624244690     
  0.4782609      0.478260874748230     
  0.5217391      0.521739125251770     
  0.5652174      0.565217375755310     
  0.6086956      0.608695685863495     
  0.6521739      0.652173936367035     
  0.6956522      0.695652186870575     
  0.7391304      0.739130437374115     
  0.7826087      0.782608687877655     
  0.8260869      0.826086997985840     
  0.8695652      0.869565248489380     
  0.9130435      0.913043498992920     
  0.9565217      0.956521749496460     
   1.000000       1.00000000000000     
