  3.0303031E-02  0.000000000000000E+000
  6.0606062E-02  6.060606060606084E-002
  9.0909094E-02  9.090909090909127E-002
  0.1212121      0.121212121212122     
  0.1515152      0.151515151515152     
  0.1818182      0.181818181818182     
  0.2121212      0.212121212121213     
  0.2424242      0.242424242424243     
  0.2727273      0.272727272727274     
  0.3030303      0.303030303030304     
  0.3333333      0.333333333333335     
  0.3636364      0.363636363636365     
  0.3939394      0.393939393939395     
  0.4242424      0.424242424242426     
  0.4545455      0.454545454545456     
  0.4848485      0.484848484848487     
  0.5151515      0.515151515151517     
  0.5454546      0.545454545454547     
  0.5757576      0.575757575757578     
  0.6060606      0.606060606060608     
  0.6363636      0.636363636363639     
  0.6666667      0.666666666666669     
  0.6969697      0.696969696969699     
  0.7272727      0.727272727272729     
  0.7575758      0.757575757575760     
  0.7878788      0.787878787878790     
  0.8181818      0.818181818181820     
  0.8484849      0.848484848484850     
  0.8787879      0.878787878787880     
  0.9090909      0.909090909090910     
  0.9393939      0.939393939393940     
  0.9696970      0.969696969696970     
   1.000000       1.00000000000000     
