  1.2345679E-02  1.2345678E-02
  2.4691358E-02  2.4691356E-02
  3.7037037E-02  3.7037034E-02
  4.9382716E-02  4.9382713E-02
  6.1728396E-02  6.1728392E-02
  7.4074075E-02  7.4074067E-02
  8.6419754E-02  8.6419746E-02
  9.8765433E-02  9.8765425E-02
  0.1111111      0.1111111    
  0.1234568      0.1234568    
  0.1358025      0.1358025    
  0.1481481      0.1481481    
  0.1604938      0.1604938    
  0.1728395      0.1728395    
  0.1851852      0.1851852    
  0.1975309      0.1975309    
  0.2098765      0.2098765    
  0.2222222      0.2222222    
  0.2345679      0.2345679    
  0.2469136      0.2469136    
  0.2592593      0.2592593    
  0.2716049      0.2716049    
  0.2839506      0.2839506    
  0.2962963      0.2962963    
  0.3086420      0.3086419    
  0.3209876      0.3209876    
  0.3333333      0.3333333    
  0.3456790      0.3456790    
  0.3580247      0.3580247    
  0.3703704      0.3703704    
  0.3827161      0.3827160    
  0.3950617      0.3950617    
  0.4074074      0.4074074    
  0.4197531      0.4197530    
  0.4320988      0.4320987    
  0.4444444      0.4444444    
  0.4567901      0.4567901    
  0.4691358      0.4691358    
  0.4814815      0.4814815    
  0.4938272      0.4938271    
  0.5061728      0.5061728    
  0.5185185      0.5185185    
  0.5308642      0.5308642    
  0.5432099      0.5432099    
  0.5555556      0.5555555    
  0.5679013      0.5679012    
  0.5802469      0.5802469    
  0.5925926      0.5925925    
  0.6049383      0.6049382    
  0.6172839      0.6172839    
  0.6296296      0.6296296    
  0.6419753      0.6419753    
  0.6543210      0.6543210    
  0.6666667      0.6666666    
  0.6790124      0.6790123    
  0.6913580      0.6913580    
  0.7037037      0.7037036    
  0.7160494      0.7160493    
  0.7283950      0.7283950    
  0.7407407      0.7407407    
  0.7530864      0.7530864    
  0.7654321      0.7654321    
  0.7777778      0.7777777    
  0.7901235      0.7901234    
  0.8024691      0.8024691    
  0.8148148      0.8148147    
  0.8271605      0.8271604    
  0.8395061      0.8395061    
  0.8518519      0.8518518    
  0.8641976      0.8641975    
  0.8765432      0.8765432    
  0.8888889      0.8888888    
  0.9012346      0.9012345    
  0.9135802      0.9135802    
  0.9259259      0.9259259    
  0.9382716      0.9382715    
  0.9506173      0.9506172    
  0.9629630      0.9629629    
  0.9753087      0.9753086    
  0.9876543      0.9876543    
   1.000000       1.000000    
