  1.2345679E-02  0.000000000000000E+000
  2.4691358E-02  2.469135802469137E-002
  3.7037037E-02  3.703703703703706E-002
  4.9382716E-02  4.938271604938274E-002
  6.1728396E-02  6.172839506172844E-002
  7.4074075E-02  7.407407407407413E-002
  8.6419754E-02  8.641975308641978E-002
  9.8765433E-02  9.876543209876547E-002
  0.1111111      0.111111111111111     
  0.1234568      0.123456790123457     
  0.1358025      0.135802469135803     
  0.1481481      0.148148148148148     
  0.1604938      0.160493827160494     
  0.1728395      0.172839506172840     
  0.1851852      0.185185185185185     
  0.1975309      0.197530864197531     
  0.2098765      0.209876543209876     
  0.2222222      0.222222222222222     
  0.2345679      0.234567901234568     
  0.2469136      0.246913580246913     
  0.2592593      0.259259259259259     
  0.2716049      0.271604938271605     
  0.2839506      0.283950617283950     
  0.2962963      0.296296296296296     
  0.3086420      0.308641975308641     
  0.3209876      0.320987654320987     
  0.3333333      0.333333333333333     
  0.3456790      0.345679012345678     
  0.3580247      0.358024691358024     
  0.3703704      0.370370370370370     
  0.3827161      0.382716049382715     
  0.3950617      0.395061728395061     
  0.4074074      0.407407407407406     
  0.4197531      0.419753086419752     
  0.4320988      0.432098765432097     
  0.4444444      0.444444444444444     
  0.4567901      0.456790123456789     
  0.4691358      0.469135802469135     
  0.4814815      0.481481481481480     
  0.4938272      0.493827160493826     
  0.5061728      0.506172839506172     
  0.5185185      0.518518518518517     
  0.5308642      0.530864197530863     
  0.5432099      0.543209876543208     
  0.5555556      0.555555555555554     
  0.5679013      0.567901234567900     
  0.5802469      0.580246913580245     
  0.5925926      0.592592592592590     
  0.6049383      0.604938271604936     
  0.6172839      0.617283950617282     
  0.6296296      0.629629629629627     
  0.6419753      0.641975308641973     
  0.6543210      0.654320987654319     
  0.6666667      0.666666666666665     
  0.6790124      0.679012345679010     
  0.6913580      0.691358024691356     
  0.7037037      0.703703703703701     
  0.7160494      0.716049382716047     
  0.7283950      0.728395061728392     
  0.7407407      0.740740740740738     
  0.7530864      0.753086419753084     
  0.7654321      0.765432098765429     
  0.7777778      0.777777777777775     
  0.7901235      0.790123456790120     
  0.8024691      0.802469135802466     
  0.8148148      0.814814814814812     
  0.8271605      0.827160493827157     
  0.8395061      0.839506172839503     
  0.8518519      0.851851851851849     
  0.8641976      0.864197530864194     
  0.8765432      0.876543209876540     
  0.8888889      0.888888888888886     
  0.9012346      0.901234567901232     
  0.9135802      0.913580246913578     
  0.9259259      0.925925925925924     
  0.9382716      0.938271604938270     
  0.9506173      0.950617283950616     
  0.9629630      0.962962962962962     
  0.9753087      0.975308641975308     
  0.9876543      0.987654320987654     
   1.000000       1.00000000000000     
