  1.3333334E-02  0.000000000000000000000000000000000E+0000
  2.6666667E-02  2.666666666666666666666666666666684E-0002
  3.9999999E-02  4.000000000000000000000000000000027E-0002
  5.3333335E-02  5.333333333333333333333333333333367E-0002
  6.6666670E-02  6.666666666666666666666666666666714E-0002
  7.9999998E-02  8.000000000000000000000000000000052E-0002
  9.3333334E-02  9.333333333333333333333333333333394E-0002
  0.1066667      0.106666666666666666666666666666667      
  0.1200000      0.120000000000000000000000000000001      
  0.1333333      0.133333333333333333333333333333334      
  0.1466667      0.146666666666666666666666666666668      
  0.1600000      0.160000000000000000000000000000001      
  0.1733333      0.173333333333333333333333333333334      
  0.1866667      0.186666666666666666666666666666668      
  0.2000000      0.200000000000000000000000000000001      
  0.2133333      0.213333333333333333333333333333335      
  0.2266667      0.226666666666666666666666666666668      
  0.2400000      0.240000000000000000000000000000002      
  0.2533333      0.253333333333333333333333333333335      
  0.2666667      0.266666666666666666666666666666668      
  0.2800000      0.280000000000000000000000000000002      
  0.2933333      0.293333333333333333333333333333335      
  0.3066667      0.306666666666666666666666666666668      
  0.3200000      0.320000000000000000000000000000002      
  0.3333333      0.333333333333333333333333333333335      
  0.3466667      0.346666666666666666666666666666668      
  0.3600000      0.360000000000000000000000000000002      
  0.3733333      0.373333333333333333333333333333335      
  0.3866667      0.386666666666666666666666666666669      
  0.4000000      0.400000000000000000000000000000002      
  0.4133333      0.413333333333333333333333333333335      
  0.4266667      0.426666666666666666666666666666669      
  0.4400000      0.440000000000000000000000000000002      
  0.4533333      0.453333333333333333333333333333335      
  0.4666667      0.466666666666666666666666666666669      
  0.4800000      0.480000000000000000000000000000002      
  0.4933333      0.493333333333333333333333333333335      
  0.5066667      0.506666666666666666666666666666669      
  0.5200000      0.520000000000000000000000000000002      
  0.5333334      0.533333333333333333333333333333335      
  0.5466667      0.546666666666666666666666666666669      
  0.5600000      0.560000000000000000000000000000002      
  0.5733333      0.573333333333333333333333333333335      
  0.5866666      0.586666666666666666666666666666669      
  0.6000000      0.600000000000000000000000000000002      
  0.6133333      0.613333333333333333333333333333335      
  0.6266667      0.626666666666666666666666666666669      
  0.6400000      0.640000000000000000000000000000002      
  0.6533333      0.653333333333333333333333333333335      
  0.6666667      0.666666666666666666666666666666668      
  0.6800000      0.680000000000000000000000000000002      
  0.6933333      0.693333333333333333333333333333335      
  0.7066666      0.706666666666666666666666666666668      
  0.7200000      0.720000000000000000000000000000002      
  0.7333333      0.733333333333333333333333333333335      
  0.7466667      0.746666666666666666666666666666668      
  0.7600000      0.760000000000000000000000000000002      
  0.7733333      0.773333333333333333333333333333335      
  0.7866667      0.786666666666666666666666666666668      
  0.8000000      0.800000000000000000000000000000001      
  0.8133333      0.813333333333333333333333333333334      
  0.8266667      0.826666666666666666666666666666668      
  0.8400000      0.840000000000000000000000000000001      
  0.8533334      0.853333333333333333333333333333334      
  0.8666667      0.866666666666666666666666666666668      
  0.8800000      0.880000000000000000000000000000001      
  0.8933333      0.893333333333333333333333333333334      
  0.9066667      0.906666666666666666666666666666667      
  0.9200000      0.920000000000000000000000000000000      
  0.9333333      0.933333333333333333333333333333334      
  0.9466667      0.946666666666666666666666666666667      
  0.9600000      0.960000000000000000000000000000000      
  0.9733334      0.973333333333333333333333333333333      
  0.9866667      0.986666666666666666666666666666667      
   1.000000       1.00000000000000000000000000000000      
