  2.5641026E-02  2.5641024E-02
  5.1282052E-02  5.1282048E-02
  7.6923080E-02  7.6923072E-02
  0.1025641      0.1025641    
  0.1282051      0.1282051    
  0.1538462      0.1538461    
  0.1794872      0.1794872    
  0.2051282      0.2051282    
  0.2307692      0.2307692    
  0.2564103      0.2564102    
  0.2820513      0.2820513    
  0.3076923      0.3076923    
  0.3333333      0.3333333    
  0.3589744      0.3589743    
  0.3846154      0.3846154    
  0.4102564      0.4102564    
  0.4358974      0.4358974    
  0.4615385      0.4615384    
  0.4871795      0.4871795    
  0.5128205      0.5128205    
  0.5384616      0.5384615    
  0.5641026      0.5641025    
  0.5897436      0.5897436    
  0.6153846      0.6153846    
  0.6410257      0.6410256    
  0.6666667      0.6666666    
  0.6923077      0.6923077    
  0.7179487      0.7179487    
  0.7435898      0.7435897    
  0.7692308      0.7692307    
  0.7948718      0.7948717    
  0.8205128      0.8205128    
  0.8461539      0.8461538    
  0.8717949      0.8717948    
  0.8974359      0.8974358    
  0.9230769      0.9230769    
  0.9487180      0.9487180    
  0.9743590      0.9743590    
   1.000000       1.000000    
