  2.3809524E-02  0.000000000000000000000000000000000E+0000
  4.7619049E-02  4.761904761904761904761904761904769E-0002
  7.1428575E-02  7.142857142857142857142857142857155E-0002
  9.5238097E-02  9.523809523809523809523809523809539E-0002
  0.1190476      0.119047619047619047619047619047619      
  0.1428571      0.142857142857142857142857142857143      
  0.1666667      0.166666666666666666666666666666667      
  0.1904762      0.190476190476190476190476190476191      
  0.2142857      0.214285714285714285714285714285715      
  0.2380952      0.238095238095238095238095238095239      
  0.2619048      0.261904761904761904761904761904762      
  0.2857143      0.285714285714285714285714285714286      
  0.3095238      0.309523809523809523809523809523810      
  0.3333333      0.333333333333333333333333333333334      
  0.3571429      0.357142857142857142857142857142857      
  0.3809524      0.380952380952380952380952380952381      
  0.4047619      0.404761904761904761904761904761905      
  0.4285714      0.428571428571428571428571428571429      
  0.4523810      0.452380952380952380952380952380953      
  0.4761905      0.476190476190476190476190476190476      
  0.5000000      0.500000000000000000000000000000000      
  0.5238096      0.523809523809523809523809523809524      
  0.5476190      0.547619047619047619047619047619048      
  0.5714286      0.571428571428571428571428571428571      
  0.5952381      0.595238095238095238095238095238095      
  0.6190476      0.619047619047619047619047619047619      
  0.6428571      0.642857142857142857142857142857143      
  0.6666667      0.666666666666666666666666666666667      
  0.6904762      0.690476190476190476190476190476191      
  0.7142857      0.714285714285714285714285714285715      
  0.7380952      0.738095238095238095238095238095239      
  0.7619048      0.761904761904761904761904761904763      
  0.7857143      0.785714285714285714285714285714286      
  0.8095238      0.809523809523809523809523809523810      
  0.8333333      0.833333333333333333333333333333334      
  0.8571429      0.857142857142857142857142857142858      
  0.8809524      0.880952380952380952380952380952381      
  0.9047619      0.904761904761904761904761904761905      
  0.9285714      0.928571428571428571428571428571429      
  0.9523810      0.952380952380952380952380952380953      
  0.9761904      0.976190476190476190476190476190476      
   1.000000       1.00000000000000000000000000000000      
