  1.2987013E-02  0.0000000E+00
  2.5974026E-02  2.5974102E-02
  3.8961038E-02  3.8961153E-02
  5.1948052E-02  5.1948197E-02
  6.4935066E-02  6.4935282E-02
  7.7922076E-02  7.7922307E-02
  9.0909094E-02  9.0909347E-02
  0.1038961      0.1038964    
  0.1168831      0.1168835    
  0.1298701      0.1298706    
  0.1428571      0.1428576    
  0.1558442      0.1558446    
  0.1688312      0.1688317    
  0.1818182      0.1818187    
  0.1948052      0.1948057    
  0.2077922      0.2077928    
  0.2207792      0.2207798    
  0.2337662      0.2337669    
  0.2467532      0.2467539    
  0.2597403      0.2597409    
  0.2727273      0.2727281    
  0.2857143      0.2857150    
  0.2987013      0.2987021    
  0.3116883      0.3116891    
  0.3246753      0.3246760    
  0.3376623      0.3376630    
  0.3506494      0.3506500    
  0.3636364      0.3636371    
  0.3766234      0.3766241    
  0.3896104      0.3896111    
  0.4025974      0.4025979    
  0.4155844      0.4155851    
  0.4285714      0.4285722    
  0.4415585      0.4415591    
  0.4545455      0.4545461    
  0.4675325      0.4675331    
  0.4805195      0.4805202    
  0.4935065      0.4935070    
  0.5064935      0.5064939    
  0.5194805      0.5194809    
  0.5324675      0.5324681    
  0.5454546      0.5454550    
  0.5584416      0.5584421    
  0.5714286      0.5714291    
  0.5844156      0.5844161    
  0.5974026      0.5974030    
  0.6103896      0.6103901    
  0.6233766      0.6233770    
  0.6363636      0.6363640    
  0.6493506      0.6493512    
  0.6623377      0.6623383    
  0.6753247      0.6753253    
  0.6883117      0.6883123    
  0.7012987      0.7012994    
  0.7142857      0.7142863    
  0.7272727      0.7272733    
  0.7402598      0.7402602    
  0.7532467      0.7532472    
  0.7662337      0.7662342    
  0.7792208      0.7792214    
  0.7922078      0.7922084    
  0.8051948      0.8051955    
  0.8181818      0.8181826    
  0.8311688      0.8311697    
  0.8441558      0.8441566    
  0.8571429      0.8571436    
  0.8701299      0.8701307    
  0.8831169      0.8831176    
  0.8961039      0.8961046    
  0.9090909      0.9090915    
  0.9220779      0.9220784    
  0.9350649      0.9350656    
  0.9480519      0.9480523    
  0.9610389      0.9610393    
  0.9740260      0.9740262    
  0.9870130      0.9870131    
   1.000000       1.000000    
