  1.4492754E-02  1.449275296181440E-002
  2.8985508E-02  2.898550592362881E-002
  4.3478262E-02  4.347825795412064E-002
  5.7971016E-02  5.797101184725761E-002
  7.2463766E-02  7.246376574039459E-002
  8.6956523E-02  8.695651590824127E-002
  0.1014493      0.101449273526669     
  0.1159420      0.115942023694515     
  0.1304348      0.130434781312943     
  0.1449275      0.144927531480789     
  0.1594203      0.159420281648636     
  0.1739130      0.173913031816483     
  0.1884058      0.188405781984329     
  0.2028985      0.202898547053337     
  0.2173913      0.217391297221184     
  0.2318841      0.231884047389030     
  0.2463768      0.246376797556877     
  0.2608696      0.260869562625885     
  0.2753623      0.275362312793732     
  0.2898551      0.289855062961578     
  0.3043478      0.304347813129425     
  0.3188406      0.318840563297272     
  0.3333333      0.333333313465118     
  0.3478261      0.347826063632965     
  0.3623188      0.362318813800812     
  0.3768116      0.376811563968658     
  0.3913043      0.391304343938828     
  0.4057971      0.405797094106674     
  0.4202898      0.420289844274521     
  0.4347826      0.434782594442368     
  0.4492754      0.449275344610214     
  0.4637681      0.463768094778061     
  0.4782609      0.478260844945908     
  0.4927536      0.492753595113754     
  0.5072464      0.507246375083923     
  0.5217391      0.521739125251770     
  0.5362319      0.536231875419617     
  0.5507246      0.550724625587463     
  0.5652174      0.565217375755310     
  0.5797101      0.579710125923157     
  0.5942029      0.594202876091003     
  0.6086956      0.608695626258850     
  0.6231884      0.623188376426697     
  0.6376812      0.637681126594543     
  0.6521739      0.652173876762390     
  0.6666667      0.666666626930237     
  0.6811594      0.681159377098083     
  0.6956522      0.695652127265930     
  0.7101449      0.710144877433777     
  0.7246377      0.724637627601624     
  0.7391304      0.739130377769470     
  0.7536232      0.753623127937317     
  0.7681159      0.768115878105164     
  0.7826087      0.782608687877655     
  0.7971014      0.797101438045502     
  0.8115942      0.811594188213348     
  0.8260869      0.826086938381195     
  0.8405797      0.840579688549042     
  0.8550724      0.855072438716888     
  0.8695652      0.869565188884735     
  0.8840580      0.884057939052582     
  0.8985507      0.898550689220428     
  0.9130435      0.913043439388275     
  0.9275362      0.927536189556122     
  0.9420290      0.942028939723969     
  0.9565217      0.956521689891815     
  0.9710145      0.971014440059662     
  0.9855072      0.985507190227509     
   1.000000       1.00000000000000     
