  3.1250000E-02  0.000000000000000E+000
  6.2500000E-02  6.249999999999973E-002
  9.3750000E-02  9.374999999999957E-002
  0.1250000      0.124999999999999     
  0.1562500      0.156249999999999     
  0.1875000      0.187499999999999     
  0.2187500      0.218749999999999     
  0.2500000      0.249999999999999     
  0.2812500      0.281249999999999     
  0.3125000      0.312499999999999     
  0.3437500      0.343749999999999     
  0.3750000      0.374999999999998     
  0.4062500      0.406249999999998     
  0.4375000      0.437499999999998     
  0.4687500      0.468749999999998     
  0.5000000      0.499999999999998     
  0.5312500      0.531249999999998     
  0.5625000      0.562499999999997     
  0.5937500      0.593749999999997     
  0.6250000      0.624999999999997     
  0.6562500      0.656249999999997     
  0.6875000      0.687499999999998     
  0.7187500      0.718749999999998     
  0.7500000      0.749999999999998     
  0.7812500      0.781249999999998     
  0.8125000      0.812499999999998     
  0.8437500      0.843749999999998     
  0.8750000      0.874999999999998     
  0.9062500      0.906249999999999     
  0.9375000      0.937499999999999     
  0.9687500      0.968749999999999     
   1.000000       1.00000000000000     
