  1.7543860E-02  1.7543858E-02
  3.5087720E-02  3.5087716E-02
  5.2631579E-02  5.2631572E-02
  7.0175439E-02  7.0175432E-02
  8.7719299E-02  8.7719291E-02
  0.1052632      0.1052631    
  0.1228070      0.1228070    
  0.1403509      0.1403509    
  0.1578947      0.1578947    
  0.1754386      0.1754386    
  0.1929825      0.1929824    
  0.2105263      0.2105263    
  0.2280702      0.2280702    
  0.2456140      0.2456140    
  0.2631579      0.2631579    
  0.2807018      0.2807017    
  0.2982456      0.2982456    
  0.3157895      0.3157894    
  0.3333333      0.3333333    
  0.3508772      0.3508772    
  0.3684210      0.3684210    
  0.3859649      0.3859649    
  0.4035088      0.4035087    
  0.4210526      0.4210526    
  0.4385965      0.4385965    
  0.4561403      0.4561403    
  0.4736842      0.4736842    
  0.4912281      0.4912280    
  0.5087720      0.5087719    
  0.5263158      0.5263157    
  0.5438597      0.5438596    
  0.5614035      0.5614035    
  0.5789474      0.5789473    
  0.5964912      0.5964912    
  0.6140351      0.6140350    
  0.6315789      0.6315789    
  0.6491228      0.6491227    
  0.6666667      0.6666666    
  0.6842105      0.6842105    
  0.7017544      0.7017543    
  0.7192982      0.7192982    
  0.7368421      0.7368420    
  0.7543859      0.7543859    
  0.7719298      0.7719297    
  0.7894737      0.7894736    
  0.8070176      0.8070174    
  0.8245614      0.8245613    
  0.8421053      0.8421052    
  0.8596491      0.8596491    
  0.8771930      0.8771929    
  0.8947368      0.8947368    
  0.9122807      0.9122806    
  0.9298246      0.9298245    
  0.9473684      0.9473683    
  0.9649123      0.9649122    
  0.9824561      0.9824560    
   1.000000       1.000000    
