  1.4492754E-02  0.0000000E+00
  2.8985508E-02  2.8985927E-02
  4.3478262E-02  4.3478865E-02
  5.7971016E-02  5.7971824E-02
  7.2463766E-02  7.2464764E-02
  8.6956523E-02  8.6957723E-02
  0.1014493      0.1014507    
  0.1159420      0.1159436    
  0.1304348      0.1304366    
  0.1449275      0.1449295    
  0.1594203      0.1594225    
  0.1739130      0.1739154    
  0.1884058      0.1884083    
  0.2028985      0.2029014    
  0.2173913      0.2173943    
  0.2318841      0.2318872    
  0.2463768      0.2463802    
  0.2608696      0.2608731    
  0.2753623      0.2753659    
  0.2898551      0.2898588    
  0.3043478      0.3043517    
  0.3188406      0.3188447    
  0.3333333      0.3333376    
  0.3478261      0.3478305    
  0.3623188      0.3623234    
  0.3768116      0.3768162    
  0.3913043      0.3913091    
  0.4057971      0.4058019    
  0.4202898      0.4202948    
  0.4347826      0.4347877    
  0.4492754      0.4492806    
  0.4637681      0.4637731    
  0.4782609      0.4782661    
  0.4927536      0.4927590    
  0.5072464      0.5072519    
  0.5217391      0.5217448    
  0.5362319      0.5362376    
  0.5507246      0.5507303    
  0.5652174      0.5652231    
  0.5797101      0.5797159    
  0.5942029      0.5942087    
  0.6086956      0.6087013    
  0.6231884      0.6231941    
  0.6376812      0.6376867    
  0.6521739      0.6521794    
  0.6666667      0.6666719    
  0.6811594      0.6811645    
  0.6956522      0.6956572    
  0.7101449      0.7101498    
  0.7246377      0.7246423    
  0.7391304      0.7391348    
  0.7536232      0.7536275    
  0.7681159      0.7681203    
  0.7826087      0.7826128    
  0.7971014      0.7971054    
  0.8115942      0.8115979    
  0.8260869      0.8260905    
  0.8405797      0.8405830    
  0.8550724      0.8550755    
  0.8695652      0.8695680    
  0.8840580      0.8840608    
  0.8985507      0.8985531    
  0.9130435      0.9130457    
  0.9275362      0.9275383    
  0.9420290      0.9420308    
  0.9565217      0.9565232    
  0.9710145      0.9710158    
  0.9855072      0.9855081    
   1.000000       1.000000    
