  1.1627907E-02  0.0000000E+00
  2.3255814E-02  2.3255955E-02
  3.4883723E-02  3.4883957E-02
  4.6511628E-02  4.6511922E-02
  5.8139537E-02  5.8139935E-02
  6.9767445E-02  6.9767915E-02
  8.1395350E-02  8.1395864E-02
  9.3023255E-02  9.3023822E-02
  0.1046512      0.1046518    
  0.1162791      0.1162797    
  0.1279070      0.1279078    
  0.1395349      0.1395358    
  0.1511628      0.1511637    
  0.1627907      0.1627916    
  0.1744186      0.1744196    
  0.1860465      0.1860476    
  0.1976744      0.1976755    
  0.2093023      0.2093035    
  0.2209302      0.2209314    
  0.2325581      0.2325594    
  0.2441860      0.2441873    
  0.2558140      0.2558155    
  0.2674419      0.2674433    
  0.2790698      0.2790713    
  0.2906977      0.2906992    
  0.3023256      0.3023273    
  0.3139535      0.3139552    
  0.3255814      0.3255832    
  0.3372093      0.3372110    
  0.3488372      0.3488391    
  0.3604651      0.3604669    
  0.3720930      0.3720949    
  0.3837209      0.3837228    
  0.3953488      0.3953509    
  0.4069767      0.4069788    
  0.4186046      0.4186065    
  0.4302326      0.4302346    
  0.4418605      0.4418626    
  0.4534884      0.4534906    
  0.4651163      0.4651184    
  0.4767442      0.4767464    
  0.4883721      0.4883744    
  0.5000000      0.5000022    
  0.5116279      0.5116302    
  0.5232558      0.5232581    
  0.5348837      0.5348862    
  0.5465117      0.5465142    
  0.5581396      0.5581421    
  0.5697674      0.5697699    
  0.5813953      0.5813978    
  0.5930232      0.5930259    
  0.6046512      0.6046538    
  0.6162791      0.6162816    
  0.6279070      0.6279096    
  0.6395349      0.6395375    
  0.6511628      0.6511653    
  0.6627907      0.6627931    
  0.6744186      0.6744209    
  0.6860465      0.6860487    
  0.6976744      0.6976764    
  0.7093023      0.7093045    
  0.7209302      0.7209321    
  0.7325581      0.7325597    
  0.7441860      0.7441877    
  0.7558140      0.7558154    
  0.7674419      0.7674431    
  0.7790698      0.7790709    
  0.7906977      0.7906986    
  0.8023256      0.8023267    
  0.8139535      0.8139544    
  0.8255814      0.8255822    
  0.8372093      0.8372104    
  0.8488372      0.8488382    
  0.8604651      0.8604661    
  0.8720930      0.8720939    
  0.8837209      0.8837217    
  0.8953488      0.8953497    
  0.9069768      0.9069775    
  0.9186047      0.9186053    
  0.9302326      0.9302331    
  0.9418604      0.9418610    
  0.9534883      0.9534888    
  0.9651163      0.9651166    
  0.9767442      0.9767445    
  0.9883721      0.9883723    
   1.000000       1.000000    
