  1.1627907E-02  1.162790693342685699462890625000000E-0002
  2.3255814E-02  2.325581386685371398925781250000000E-0002
  3.4883723E-02  3.488372266292572021484375000000000E-0002
  4.6511628E-02  4.651162773370742797851562500000000E-0002
  5.8139537E-02  5.813953652977943420410156250000000E-0002
  6.9767445E-02  6.976744532585144042968750000000000E-0002
  8.1395350E-02  8.139535039663314819335937500000000E-0002
  9.3023255E-02  9.302325546741485595703125000000000E-0002
  0.1046512      0.104651160538196563720703125000000      
  0.1162791      0.116279073059558868408203125000000      
  0.1279070      0.127906978130340576171875000000000      
  0.1395349      0.139534890651702880859375000000000      
  0.1511628      0.151162788271903991699218750000000      
  0.1627907      0.162790700793266296386718750000000      
  0.1744186      0.174418598413467407226562500000000      
  0.1860465      0.186046510934829711914062500000000      
  0.1976744      0.197674423456192016601562500000000      
  0.2093023      0.209302321076393127441406250000000      
  0.2209302      0.220930233597755432128906250000000      
  0.2325581      0.232558146119117736816406250000000      
  0.2441860      0.244186043739318847656250000000000      
  0.2558140      0.255813956260681152343750000000000      
  0.2674419      0.267441868782043457031250000000000      
  0.2790698      0.279069781303405761718750000000000      
  0.2906977      0.290697664022445678710937500000000      
  0.3023256      0.302325576543807983398437500000000      
  0.3139535      0.313953489065170288085937500000000      
  0.3255814      0.325581401586532592773437500000000      
  0.3372093      0.337209314107894897460937500000000      
  0.3488372      0.348837196826934814453125000000000      
  0.3604651      0.360465109348297119140625000000000      
  0.3720930      0.372093021869659423828125000000000      
  0.3837209      0.383720934391021728515625000000000      
  0.3953488      0.395348846912384033203125000000000      
  0.4069767      0.406976729631423950195312500000000      
  0.4186046      0.418604642152786254882812500000000      
  0.4302326      0.430232554674148559570312500000000      
  0.4418605      0.441860467195510864257812500000000      
  0.4534884      0.453488379716873168945312500000000      
  0.4651163      0.465116292238235473632812500000000      
  0.4767442      0.476744174957275390625000000000000      
  0.4883721      0.488372087478637695312500000000000      
  0.5000000      0.500000000000000000000000000000000      
  0.5116279      0.511627912521362304687500000000000      
  0.5232558      0.523255825042724609375000000000000      
  0.5348837      0.534883737564086914062500000000000      
  0.5465117      0.546511650085449218750000000000000      
  0.5581396      0.558139562606811523437500000000000      
  0.5697674      0.569767415523529052734375000000000      
  0.5813953      0.581395328044891357421875000000000      
  0.5930232      0.593023240566253662109375000000000      
  0.6046512      0.604651153087615966796875000000000      
  0.6162791      0.616279065608978271484375000000000      
  0.6279070      0.627906978130340576171875000000000      
  0.6395349      0.639534890651702880859375000000000      
  0.6511628      0.651162803173065185546875000000000      
  0.6627907      0.662790715694427490234375000000000      
  0.6744186      0.674418628215789794921875000000000      
  0.6860465      0.686046540737152099609375000000000      
  0.6976744      0.697674393653869628906250000000000      
  0.7093023      0.709302306175231933593750000000000      
  0.7209302      0.720930218696594238281250000000000      
  0.7325581      0.732558131217956542968750000000000      
  0.7441860      0.744186043739318847656250000000000      
  0.7558140      0.755813956260681152343750000000000      
  0.7674419      0.767441868782043457031250000000000      
  0.7790698      0.779069781303405761718750000000000      
  0.7906977      0.790697693824768066406250000000000      
  0.8023256      0.802325606346130371093750000000000      
  0.8139535      0.813953459262847900390625000000000      
  0.8255814      0.825581371784210205078125000000000      
  0.8372093      0.837209284305572509765625000000000      
  0.8488372      0.848837196826934814453125000000000      
  0.8604651      0.860465109348297119140625000000000      
  0.8720930      0.872093021869659423828125000000000      
  0.8837209      0.883720934391021728515625000000000      
  0.8953488      0.895348846912384033203125000000000      
  0.9069768      0.906976759433746337890625000000000      
  0.9186047      0.918604671955108642578125000000000      
  0.9302326      0.930232584476470947265625000000000      
  0.9418604      0.941860437393188476562500000000000      
  0.9534883      0.953488349914550781250000000000000      
  0.9651163      0.965116262435913085937500000000000      
  0.9767442      0.976744174957275390625000000000000      
  0.9883721      0.988372087478637695312500000000000      
   1.000000       1.00000000000000000000000000000000      
