  1.1235955E-02  1.123595517128706E-002
  2.2471910E-02  2.247191034257412E-002
  3.3707865E-02  3.370786458253860E-002
  4.4943821E-02  4.494382068514824E-002
  5.6179777E-02  5.617977678775787E-002
  6.7415729E-02  6.741572916507721E-002
  7.8651689E-02  7.865168899297714E-002
  8.9887641E-02  8.988764137029648E-002
  0.1011236      0.101123593747616     
  0.1123596      0.112359553575516     
  0.1235955      0.123595505952835     
  0.1348315      0.134831458330154     
  0.1460674      0.146067410707474     
  0.1573034      0.157303377985954     
  0.1685393      0.168539330363274     
  0.1797753      0.179775282740593     
  0.1910112      0.191011235117912     
  0.2022472      0.202247187495232     
  0.2134831      0.213483154773712     
  0.2247191      0.224719107151031     
  0.2359551      0.235955059528351     
  0.2471910      0.247191011905670     
  0.2584270      0.258426964282990     
  0.2696629      0.269662916660309     
  0.2808989      0.280898869037628     
  0.2921348      0.292134821414948     
  0.3033708      0.303370803594589     
  0.3146068      0.314606755971909     
  0.3258427      0.325842708349228     
  0.3370787      0.337078660726547     
  0.3483146      0.348314613103867     
  0.3595506      0.359550565481186     
  0.3707865      0.370786517858505     
  0.3820225      0.382022470235825     
  0.3932584      0.393258422613144     
  0.4044944      0.404494374990463     
  0.4157303      0.415730327367783     
  0.4269663      0.426966309547424     
  0.4382023      0.438202261924744     
  0.4494382      0.449438214302063     
  0.4606742      0.460674166679382     
  0.4719101      0.471910119056702     
  0.4831461      0.483146071434021     
  0.4943820      0.494382023811340     
  0.5056180      0.505617976188660     
  0.5168539      0.516853928565979     
  0.5280899      0.528089880943298     
  0.5393258      0.539325833320618     
  0.5505618      0.550561785697937     
  0.5617977      0.561797738075256     
  0.5730337      0.573033690452576     
  0.5842696      0.584269642829895     
  0.5955056      0.595505595207214     
  0.6067415      0.606741607189178     
  0.6179775      0.617977559566498     
  0.6292135      0.629213511943817     
  0.6404495      0.640449464321136     
  0.6516854      0.651685416698456     
  0.6629214      0.662921369075775     
  0.6741573      0.674157321453094     
  0.6853933      0.685393273830414     
  0.6966292      0.696629226207733     
  0.7078652      0.707865178585052     
  0.7191011      0.719101130962372     
  0.7303371      0.730337083339691     
  0.7415730      0.741573035717010     
  0.7528090      0.752808988094330     
  0.7640449      0.764044940471649     
  0.7752809      0.775280892848969     
  0.7865168      0.786516845226288     
  0.7977528      0.797752797603607     
  0.8089887      0.808988749980927     
  0.8202247      0.820224702358246     
  0.8314607      0.831460654735565     
  0.8426966      0.842696666717529     
  0.8539326      0.853932619094849     
  0.8651685      0.865168571472168     
  0.8764045      0.876404523849487     
  0.8876405      0.887640476226807     
  0.8988764      0.898876428604126     
  0.9101124      0.910112380981445     
  0.9213483      0.921348333358765     
  0.9325843      0.932584285736084     
  0.9438202      0.943820238113403     
  0.9550562      0.955056190490723     
  0.9662921      0.966292142868042     
  0.9775281      0.977528095245361     
  0.9887640      0.988764047622681     
   1.000000       1.00000000000000     
