  1.8181818E-02  0.0000000E+00
  3.6363635E-02  3.6363747E-02
  5.4545455E-02  5.4545600E-02
  7.2727270E-02  7.2727494E-02
  9.0909094E-02  9.0909354E-02
  0.1090909      0.1090912    
  0.1272727      0.1272730    
  0.1454545      0.1454550    
  0.1636364      0.1636368    
  0.1818182      0.1818187    
  0.2000000      0.2000006    
  0.2181818      0.2181824    
  0.2363636      0.2363643    
  0.2545455      0.2545460    
  0.2727273      0.2727279    
  0.2909091      0.2909100    
  0.3090909      0.3090917    
  0.3272727      0.3272738    
  0.3454545      0.3454556    
  0.3636364      0.3636375    
  0.3818182      0.3818193    
  0.4000000      0.4000012    
  0.4181818      0.4181831    
  0.4363636      0.4363650    
  0.4545455      0.4545467    
  0.4727273      0.4727286    
  0.4909091      0.4909106    
  0.5090909      0.5090925    
  0.5272727      0.5272742    
  0.5454546      0.5454562    
  0.5636364      0.5636381    
  0.5818182      0.5818200    
  0.6000000      0.6000016    
  0.6181818      0.6181835    
  0.6363636      0.6363654    
  0.6545454      0.6545472    
  0.6727273      0.6727288    
  0.6909091      0.6909108    
  0.7090909      0.7090926    
  0.7272727      0.7272742    
  0.7454545      0.7454562    
  0.7636364      0.7636380    
  0.7818182      0.7818198    
  0.8000000      0.8000017    
  0.8181818      0.8181832    
  0.8363636      0.8363651    
  0.8545455      0.8545468    
  0.8727273      0.8727284    
  0.8909091      0.8909100    
  0.9090909      0.9090918    
  0.9272727      0.9272734    
  0.9454545      0.9454553    
  0.9636363      0.9636369    
  0.9818182      0.9818185    
   1.000000       1.000000    
