  1.2658228E-02  0.000000000000000E+000
  2.5316456E-02  2.531645569620240E-002
  3.7974682E-02  3.797468354430356E-002
  5.0632913E-02  5.063291139240481E-002
  6.3291140E-02  6.329113924050593E-002
  7.5949363E-02  7.594936708860711E-002
  8.8607594E-02  8.860759493670836E-002
  0.1012658      0.101265822784810     
  0.1139240      0.113924050632911     
  0.1265823      0.126582278481012     
  0.1392405      0.139240506329113     
  0.1518987      0.151898734177214     
  0.1645570      0.164556962025315     
  0.1772152      0.177215189873417     
  0.1898734      0.189873417721518     
  0.2025317      0.202531645569619     
  0.2151899      0.215189873417720     
  0.2278481      0.227848101265821     
  0.2405063      0.240506329113922     
  0.2531646      0.253164556962023     
  0.2658228      0.265822784810124     
  0.2784810      0.278481012658226     
  0.2911392      0.291139240506327     
  0.3037975      0.303797468354428     
  0.3164557      0.316455696202529     
  0.3291139      0.329113924050630     
  0.3417721      0.341772151898732     
  0.3544304      0.354430379746832     
  0.3670886      0.367088607594934     
  0.3797468      0.379746835443035     
  0.3924051      0.392405063291136     
  0.4050633      0.405063291139237     
  0.4177215      0.417721518987338     
  0.4303797      0.430379746835439     
  0.4430380      0.443037974683541     
  0.4556962      0.455696202531642     
  0.4683544      0.468354430379743     
  0.4810127      0.481012658227844     
  0.4936709      0.493670886075946     
  0.5063291      0.506329113924047     
  0.5189874      0.518987341772148     
  0.5316456      0.531645569620249     
  0.5443038      0.544303797468350     
  0.5569620      0.556962025316452     
  0.5696203      0.569620253164553     
  0.5822785      0.582278481012654     
  0.5949367      0.594936708860755     
  0.6075949      0.607594936708856     
  0.6202531      0.620253164556958     
  0.6329114      0.632911392405059     
  0.6455696      0.645569620253160     
  0.6582279      0.658227848101262     
  0.6708861      0.670886075949363     
  0.6835443      0.683544303797464     
  0.6962025      0.696202531645566     
  0.7088608      0.708860759493667     
  0.7215190      0.721518987341769     
  0.7341772      0.734177215189870     
  0.7468355      0.746835443037971     
  0.7594936      0.759493670886073     
  0.7721519      0.772151898734174     
  0.7848101      0.784810126582275     
  0.7974684      0.797468354430377     
  0.8101266      0.810126582278478     
  0.8227848      0.822784810126579     
  0.8354430      0.835443037974680     
  0.8481013      0.848101265822782     
  0.8607595      0.860759493670884     
  0.8734177      0.873417721518985     
  0.8860760      0.886075949367086     
  0.8987342      0.898734177215188     
  0.9113924      0.911392405063289     
  0.9240506      0.924050632911390     
  0.9367089      0.936708860759492     
  0.9493671      0.949367088607593     
  0.9620253      0.962025316455695     
  0.9746835      0.974683544303796     
  0.9873418      0.987341772151898     
   1.000000       1.00000000000000     
