  5.5555556E-02  0.0000000E+00
  0.1111111      0.1111112    
  0.1666667      0.1666668    
  0.2222222      0.2222223    
  0.2777778      0.2777779    
  0.3333333      0.3333336    
  0.3888889      0.3888891    
  0.4444444      0.4444445    
  0.5000000      0.5000002    
  0.5555556      0.5555556    
  0.6111111      0.6111112    
  0.6666667      0.6666667    
  0.7222222      0.7222224    
  0.7777778      0.7777779    
  0.8333333      0.8333335    
  0.8888889      0.8888890    
  0.9444444      0.9444445    
   1.000000       1.000000    
