  2.4999999E-03  0.000000000000000000000000000000000E+0000
  4.9999999E-03  0.000000000000000000000000000000000E+0000
  7.4999998E-03  0.000000000000000000000000000000000E+0000
  9.9999998E-03  9.999999999999999999999999999999134E-0003
  1.2500000E-02  1.249999999999999999999999999999894E-0002
  1.5000000E-02  1.499999999999999999999999999999874E-0002
  1.7500000E-02  1.749999999999999999999999999999851E-0002
  2.0000000E-02  1.999999999999999999999999999999826E-0002
  2.2500001E-02  2.249999999999999999999999999999807E-0002
  2.5000000E-02  2.499999999999999999999999999999787E-0002
  2.7500000E-02  2.749999999999999999999999999999763E-0002
  2.9999999E-02  2.999999999999999999999999999999747E-0002
  3.2499999E-02  3.249999999999999999999999999999726E-0002
  3.5000000E-02  3.499999999999999999999999999999701E-0002
  3.7500001E-02  3.749999999999999999999999999999676E-0002
  3.9999999E-02  3.999999999999999999999999999999653E-0002
  4.2500000E-02  4.249999999999999999999999999999633E-0002
  4.5000002E-02  4.499999999999999999999999999999615E-0002
  4.7499999E-02  4.749999999999999999999999999999599E-0002
  5.0000001E-02  4.999999999999999999999999999999576E-0002
  5.2499998E-02  5.249999999999999999999999999999558E-0002
  5.5000000E-02  5.499999999999999999999999999999528E-0002
  5.7500001E-02  5.749999999999999999999999999999521E-0002
  5.9999999E-02  5.999999999999999999999999999999496E-0002
  6.2500000E-02  6.249999999999999999999999999999467E-0002
  6.4999998E-02  6.499999999999999999999999999999456E-0002
  6.7500003E-02  6.749999999999999999999999999999433E-0002
  7.0000000E-02  6.999999999999999999999999999999406E-0002
  7.2499998E-02  7.249999999999999999999999999999386E-0002
  7.5000003E-02  7.499999999999999999999999999999374E-0002
  7.7500001E-02  7.749999999999999999999999999999352E-0002
  7.9999998E-02  7.999999999999999999999999999999330E-0002
  8.2500003E-02  8.249999999999999999999999999999301E-0002
  8.5000001E-02  8.499999999999999999999999999999299E-0002
  8.7499999E-02  8.749999999999999999999999999999272E-0002
  9.0000004E-02  8.999999999999999999999999999999256E-0002
  9.2500001E-02  9.249999999999999999999999999999233E-0002
  9.4999999E-02  9.499999999999999999999999999999223E-0002
  9.7499996E-02  9.749999999999999999999999999999217E-0002
  0.1000000      9.999999999999999999999999999999188E-0002
  0.1025000      0.102499999999999999999999999999992      
  0.1050000      0.104999999999999999999999999999992      
  0.1075000      0.107499999999999999999999999999991      
  0.1100000      0.109999999999999999999999999999991      
  0.1125000      0.112499999999999999999999999999991      
  0.1150000      0.114999999999999999999999999999991      
  0.1175000      0.117499999999999999999999999999991      
  0.1200000      0.119999999999999999999999999999990      
  0.1225000      0.122499999999999999999999999999990      
  0.1250000      0.124999999999999999999999999999990      
  0.1275000      0.127499999999999999999999999999990      
  0.1300000      0.129999999999999999999999999999990      
  0.1325000      0.132499999999999999999999999999990      
  0.1350000      0.134999999999999999999999999999989      
  0.1375000      0.137499999999999999999999999999989      
  0.1400000      0.139999999999999999999999999999989      
  0.1425000      0.142499999999999999999999999999989      
  0.1450000      0.144999999999999999999999999999989      
  0.1475000      0.147499999999999999999999999999989      
  0.1500000      0.149999999999999999999999999999988      
  0.1525000      0.152499999999999999999999999999988      
  0.1550000      0.154999999999999999999999999999988      
  0.1575000      0.157499999999999999999999999999988      
  0.1600000      0.159999999999999999999999999999988      
  0.1625000      0.162499999999999999999999999999988      
  0.1650000      0.164999999999999999999999999999987      
  0.1675000      0.167499999999999999999999999999987      
  0.1700000      0.169999999999999999999999999999987      
  0.1725000      0.172499999999999999999999999999987      
  0.1750000      0.174999999999999999999999999999987      
  0.1775000      0.177499999999999999999999999999987      
  0.1800000      0.179999999999999999999999999999986      
  0.1825000      0.182499999999999999999999999999986      
  0.1850000      0.184999999999999999999999999999986      
  0.1875000      0.187499999999999999999999999999986      
  0.1900000      0.189999999999999999999999999999986      
  0.1925000      0.192499999999999999999999999999986      
  0.1950000      0.194999999999999999999999999999986      
  0.1975000      0.197499999999999999999999999999985      
  0.2000000      0.199999999999999999999999999999985      
  0.2025000      0.202499999999999999999999999999985      
  0.2050000      0.204999999999999999999999999999984      
  0.2075000      0.207499999999999999999999999999984      
  0.2100000      0.209999999999999999999999999999984      
  0.2125000      0.212499999999999999999999999999984      
  0.2150000      0.214999999999999999999999999999984      
  0.2175000      0.217499999999999999999999999999984      
  0.2200000      0.219999999999999999999999999999983      
  0.2225000      0.222499999999999999999999999999983      
  0.2250000      0.224999999999999999999999999999983      
  0.2275000      0.227499999999999999999999999999983      
  0.2300000      0.229999999999999999999999999999983      
  0.2325000      0.232499999999999999999999999999983      
  0.2350000      0.234999999999999999999999999999983      
  0.2375000      0.237499999999999999999999999999983      
  0.2400000      0.239999999999999999999999999999982      
  0.2425000      0.242499999999999999999999999999982      
  0.2450000      0.244999999999999999999999999999982      
  0.2475000      0.247499999999999999999999999999982      
  0.2500000      0.249999999999999999999999999999982      
  0.2525000      0.252499999999999999999999999999981      
  0.2550000      0.254999999999999999999999999999981      
  0.2575000      0.257499999999999999999999999999981      
  0.2600000      0.259999999999999999999999999999981      
  0.2625000      0.262499999999999999999999999999981      
  0.2650000      0.264999999999999999999999999999981      
  0.2675000      0.267499999999999999999999999999981      
  0.2700000      0.269999999999999999999999999999981      
  0.2725000      0.272499999999999999999999999999980      
  0.2750000      0.274999999999999999999999999999980      
  0.2775000      0.277499999999999999999999999999981      
  0.2800000      0.279999999999999999999999999999980      
  0.2825000      0.282499999999999999999999999999980      
  0.2850000      0.284999999999999999999999999999980      
  0.2875000      0.287499999999999999999999999999980      
  0.2900000      0.289999999999999999999999999999980      
  0.2925000      0.292499999999999999999999999999980      
  0.2950000      0.294999999999999999999999999999979      
  0.2975000      0.297499999999999999999999999999980      
  0.3000000      0.299999999999999999999999999999979      
  0.3025000      0.302499999999999999999999999999979      
  0.3050000      0.304999999999999999999999999999979      
  0.3075000      0.307499999999999999999999999999979      
  0.3100000      0.309999999999999999999999999999979      
  0.3125000      0.312499999999999999999999999999978      
  0.3150000      0.314999999999999999999999999999978      
  0.3175000      0.317499999999999999999999999999978      
  0.3200000      0.319999999999999999999999999999978      
  0.3225000      0.322499999999999999999999999999978      
  0.3250000      0.324999999999999999999999999999978      
  0.3275000      0.327499999999999999999999999999978      
  0.3300000      0.329999999999999999999999999999978      
  0.3325000      0.332499999999999999999999999999978      
  0.3350000      0.334999999999999999999999999999978      
  0.3375000      0.337499999999999999999999999999977      
  0.3400000      0.339999999999999999999999999999978      
  0.3425000      0.342499999999999999999999999999977      
  0.3450000      0.344999999999999999999999999999977      
  0.3475000      0.347499999999999999999999999999977      
  0.3500000      0.349999999999999999999999999999977      
  0.3525000      0.352499999999999999999999999999976      
  0.3550000      0.354999999999999999999999999999976      
  0.3575000      0.357499999999999999999999999999976      
  0.3600000      0.359999999999999999999999999999976      
  0.3625000      0.362499999999999999999999999999976      
  0.3650000      0.364999999999999999999999999999975      
  0.3675000      0.367499999999999999999999999999975      
  0.3700000      0.369999999999999999999999999999975      
  0.3725000      0.372499999999999999999999999999975      
  0.3750000      0.374999999999999999999999999999974      
  0.3775000      0.377499999999999999999999999999974      
  0.3800000      0.379999999999999999999999999999974      
  0.3825000      0.382499999999999999999999999999974      
  0.3850000      0.384999999999999999999999999999973      
  0.3875000      0.387499999999999999999999999999973      
  0.3900000      0.389999999999999999999999999999973      
  0.3925000      0.392499999999999999999999999999973      
  0.3950000      0.394999999999999999999999999999973      
  0.3975000      0.397499999999999999999999999999973      
  0.4000000      0.399999999999999999999999999999973      
  0.4025000      0.402499999999999999999999999999972      
  0.4050000      0.404999999999999999999999999999972      
  0.4075000      0.407499999999999999999999999999972      
  0.4100000      0.409999999999999999999999999999971      
  0.4125000      0.412499999999999999999999999999972      
  0.4150000      0.414999999999999999999999999999971      
  0.4175000      0.417499999999999999999999999999971      
  0.4200000      0.419999999999999999999999999999970      
  0.4225000      0.422499999999999999999999999999970      
  0.4250000      0.424999999999999999999999999999970      
  0.4275000      0.427499999999999999999999999999970      
  0.4300000      0.429999999999999999999999999999970      
  0.4325000      0.432499999999999999999999999999969      
  0.4350000      0.434999999999999999999999999999970      
  0.4375000      0.437499999999999999999999999999970      
  0.4400000      0.439999999999999999999999999999969      
  0.4425000      0.442499999999999999999999999999969      
  0.4450000      0.444999999999999999999999999999968      
  0.4475000      0.447499999999999999999999999999969      
  0.4500000      0.449999999999999999999999999999968      
  0.4525000      0.452499999999999999999999999999968      
  0.4550000      0.454999999999999999999999999999968      
  0.4575000      0.457499999999999999999999999999968      
  0.4600000      0.459999999999999999999999999999968      
  0.4625000      0.462499999999999999999999999999968      
  0.4650000      0.464999999999999999999999999999968      
  0.4675000      0.467499999999999999999999999999968      
  0.4700000      0.469999999999999999999999999999967      
  0.4725000      0.472499999999999999999999999999967      
  0.4750000      0.474999999999999999999999999999967      
  0.4775000      0.477499999999999999999999999999966      
  0.4800000      0.479999999999999999999999999999966      
  0.4825000      0.482499999999999999999999999999966      
  0.4850000      0.484999999999999999999999999999966      
  0.4875000      0.487499999999999999999999999999966      
  0.4900000      0.489999999999999999999999999999966      
  0.4925000      0.492499999999999999999999999999965      
  0.4950000      0.494999999999999999999999999999966      
  0.4975000      0.497499999999999999999999999999965      
  0.5000000      0.499999999999999999999999999999965      
  0.5025000      0.502499999999999999999999999999964      
  0.5050000      0.504999999999999999999999999999965      
  0.5075000      0.507499999999999999999999999999966      
  0.5100000      0.509999999999999999999999999999965      
  0.5125000      0.512499999999999999999999999999964      
  0.5150000      0.514999999999999999999999999999964      
  0.5175000      0.517499999999999999999999999999964      
  0.5200000      0.519999999999999999999999999999964      
  0.5225000      0.522499999999999999999999999999964      
  0.5250000      0.524999999999999999999999999999964      
  0.5275000      0.527499999999999999999999999999964      
  0.5300000      0.529999999999999999999999999999964      
  0.5325000      0.532499999999999999999999999999964      
  0.5350000      0.534999999999999999999999999999964      
  0.5375000      0.537499999999999999999999999999963      
  0.5400000      0.539999999999999999999999999999964      
  0.5425000      0.542499999999999999999999999999963      
  0.5450000      0.544999999999999999999999999999963      
  0.5475000      0.547499999999999999999999999999963      
  0.5500000      0.549999999999999999999999999999963      
  0.5525000      0.552499999999999999999999999999964      
  0.5550000      0.554999999999999999999999999999963      
  0.5575000      0.557499999999999999999999999999963      
  0.5600000      0.559999999999999999999999999999963      
  0.5625000      0.562499999999999999999999999999963      
  0.5650000      0.564999999999999999999999999999963      
  0.5675000      0.567499999999999999999999999999963      
  0.5700000      0.569999999999999999999999999999963      
  0.5725000      0.572499999999999999999999999999963      
  0.5750000      0.574999999999999999999999999999964      
  0.5775000      0.577499999999999999999999999999963      
  0.5800000      0.579999999999999999999999999999963      
  0.5825000      0.582499999999999999999999999999963      
  0.5850000      0.584999999999999999999999999999963      
  0.5875000      0.587499999999999999999999999999963      
  0.5900000      0.589999999999999999999999999999963      
  0.5925000      0.592499999999999999999999999999963      
  0.5950000      0.594999999999999999999999999999963      
  0.5975000      0.597499999999999999999999999999963      
  0.6000000      0.599999999999999999999999999999963      
  0.6025000      0.602499999999999999999999999999963      
  0.6050000      0.604999999999999999999999999999963      
  0.6075000      0.607499999999999999999999999999962      
  0.6100000      0.609999999999999999999999999999963      
  0.6125000      0.612499999999999999999999999999962      
  0.6150000      0.614999999999999999999999999999962      
  0.6175000      0.617499999999999999999999999999962      
  0.6200000      0.619999999999999999999999999999962      
  0.6225000      0.622499999999999999999999999999962      
  0.6250000      0.624999999999999999999999999999962      
  0.6275000      0.627499999999999999999999999999962      
  0.6300000      0.629999999999999999999999999999962      
  0.6325000      0.632499999999999999999999999999962      
  0.6350000      0.634999999999999999999999999999962      
  0.6375000      0.637499999999999999999999999999962      
  0.6400000      0.639999999999999999999999999999962      
  0.6425000      0.642499999999999999999999999999962      
  0.6450000      0.644999999999999999999999999999962      
  0.6475000      0.647499999999999999999999999999962      
  0.6500000      0.649999999999999999999999999999962      
  0.6525000      0.652499999999999999999999999999962      
  0.6550000      0.654999999999999999999999999999962      
  0.6575000      0.657499999999999999999999999999963      
  0.6600000      0.659999999999999999999999999999963      
  0.6625000      0.662499999999999999999999999999963      
  0.6650000      0.664999999999999999999999999999962      
  0.6675000      0.667499999999999999999999999999963      
  0.6700000      0.669999999999999999999999999999963      
  0.6725000      0.672499999999999999999999999999963      
  0.6750000      0.674999999999999999999999999999963      
  0.6775000      0.677499999999999999999999999999963      
  0.6800000      0.679999999999999999999999999999962      
  0.6825000      0.682499999999999999999999999999963      
  0.6850000      0.684999999999999999999999999999963      
  0.6875000      0.687499999999999999999999999999963      
  0.6900000      0.689999999999999999999999999999964      
  0.6925000      0.692499999999999999999999999999964      
  0.6950000      0.694999999999999999999999999999964      
  0.6975000      0.697499999999999999999999999999964      
  0.7000000      0.699999999999999999999999999999965      
  0.7025000      0.702499999999999999999999999999964      
  0.7050000      0.704999999999999999999999999999965      
  0.7075000      0.707499999999999999999999999999965      
  0.7100000      0.709999999999999999999999999999965      
  0.7125000      0.712499999999999999999999999999965      
  0.7150000      0.714999999999999999999999999999965      
  0.7175000      0.717499999999999999999999999999966      
  0.7200000      0.719999999999999999999999999999966      
  0.7225000      0.722499999999999999999999999999967      
  0.7250000      0.724999999999999999999999999999967      
  0.7275000      0.727499999999999999999999999999967      
  0.7300000      0.729999999999999999999999999999967      
  0.7325000      0.732499999999999999999999999999968      
  0.7350000      0.734999999999999999999999999999967      
  0.7375000      0.737499999999999999999999999999968      
  0.7400000      0.739999999999999999999999999999968      
  0.7425000      0.742499999999999999999999999999968      
  0.7450000      0.744999999999999999999999999999968      
  0.7475000      0.747499999999999999999999999999969      
  0.7500000      0.749999999999999999999999999999969      
  0.7525000      0.752499999999999999999999999999969      
  0.7550000      0.754999999999999999999999999999969      
  0.7575000      0.757499999999999999999999999999970      
  0.7600000      0.759999999999999999999999999999970      
  0.7625000      0.762499999999999999999999999999970      
  0.7650000      0.764999999999999999999999999999971      
  0.7675000      0.767499999999999999999999999999971      
  0.7700000      0.769999999999999999999999999999971      
  0.7725000      0.772499999999999999999999999999972      
  0.7750000      0.774999999999999999999999999999973      
  0.7775000      0.777499999999999999999999999999973      
  0.7800000      0.779999999999999999999999999999974      
  0.7825000      0.782499999999999999999999999999974      
  0.7850000      0.784999999999999999999999999999975      
  0.7875000      0.787499999999999999999999999999976      
  0.7900000      0.789999999999999999999999999999976      
  0.7925000      0.792499999999999999999999999999977      
  0.7950000      0.794999999999999999999999999999977      
  0.7975000      0.797499999999999999999999999999977      
  0.8000000      0.799999999999999999999999999999978      
  0.8025000      0.802499999999999999999999999999979      
  0.8050000      0.804999999999999999999999999999979      
  0.8075000      0.807499999999999999999999999999979      
  0.8100000      0.809999999999999999999999999999979      
  0.8125000      0.812499999999999999999999999999980      
  0.8150000      0.814999999999999999999999999999980      
  0.8175000      0.817499999999999999999999999999980      
  0.8200000      0.819999999999999999999999999999980      
  0.8225000      0.822499999999999999999999999999981      
  0.8250000      0.824999999999999999999999999999981      
  0.8275000      0.827499999999999999999999999999982      
  0.8300000      0.829999999999999999999999999999982      
  0.8325000      0.832499999999999999999999999999983      
  0.8350000      0.834999999999999999999999999999983      
  0.8375000      0.837499999999999999999999999999982      
  0.8400000      0.839999999999999999999999999999983      
  0.8425000      0.842499999999999999999999999999983      
  0.8450000      0.844999999999999999999999999999984      
  0.8475000      0.847499999999999999999999999999984      
  0.8500000      0.849999999999999999999999999999984      
  0.8525000      0.852499999999999999999999999999984      
  0.8550000      0.854999999999999999999999999999984      
  0.8575000      0.857499999999999999999999999999984      
  0.8600000      0.859999999999999999999999999999984      
  0.8625000      0.862499999999999999999999999999985      
  0.8650000      0.864999999999999999999999999999984      
  0.8675000      0.867499999999999999999999999999985      
  0.8700000      0.869999999999999999999999999999985      
  0.8725000      0.872499999999999999999999999999986      
  0.8750000      0.874999999999999999999999999999985      
  0.8775000      0.877499999999999999999999999999985      
  0.8800000      0.879999999999999999999999999999987      
  0.8825000      0.882499999999999999999999999999986      
  0.8850000      0.884999999999999999999999999999987      
  0.8875000      0.887499999999999999999999999999987      
  0.8900000      0.889999999999999999999999999999987      
  0.8925000      0.892499999999999999999999999999988      
  0.8950000      0.894999999999999999999999999999988      
  0.8975000      0.897499999999999999999999999999989      
  0.9000000      0.899999999999999999999999999999989      
  0.9025000      0.902499999999999999999999999999989      
  0.9050000      0.904999999999999999999999999999990      
  0.9075000      0.907499999999999999999999999999990      
  0.9100000      0.909999999999999999999999999999990      
  0.9125000      0.912499999999999999999999999999991      
  0.9150000      0.914999999999999999999999999999991      
  0.9175000      0.917499999999999999999999999999991      
  0.9200000      0.919999999999999999999999999999991      
  0.9225000      0.922499999999999999999999999999992      
  0.9250000      0.924999999999999999999999999999992      
  0.9275000      0.927499999999999999999999999999992      
  0.9300000      0.929999999999999999999999999999992      
  0.9325000      0.932499999999999999999999999999993      
  0.9350000      0.934999999999999999999999999999993      
  0.9375000      0.937499999999999999999999999999993      
  0.9400000      0.939999999999999999999999999999994      
  0.9425000      0.942499999999999999999999999999994      
  0.9450000      0.944999999999999999999999999999995      
  0.9475000      0.947499999999999999999999999999995      
  0.9500000      0.949999999999999999999999999999995      
  0.9525000      0.952499999999999999999999999999995      
  0.9550000      0.954999999999999999999999999999996      
  0.9575000      0.957499999999999999999999999999996      
  0.9600000      0.959999999999999999999999999999996      
  0.9625000      0.962499999999999999999999999999997      
  0.9650000      0.964999999999999999999999999999997      
  0.9675000      0.967499999999999999999999999999997      
  0.9700000      0.969999999999999999999999999999997      
  0.9725000      0.972499999999999999999999999999998      
  0.9750000      0.974999999999999999999999999999998      
  0.9775000      0.977499999999999999999999999999998      
  0.9800000      0.979999999999999999999999999999999      
  0.9825000      0.982499999999999999999999999999999      
  0.9850000      0.984999999999999999999999999999999      
  0.9875000      0.987499999999999999999999999999999      
  0.9900000      0.989999999999999999999999999999999      
  0.9925000      0.992499999999999999999999999999999      
  0.9950000      0.995000000000000000000000000000000      
  0.9975000      0.997500000000000000000000000000000      
   1.000000       1.00000000000000000000000000000000      
