  1.0869565E-02  1.0869565E-02
  2.1739131E-02  2.1739131E-02
  3.2608695E-02  3.2608695E-02
  4.3478262E-02  4.3478262E-02
  5.4347824E-02  5.4347828E-02
  6.5217391E-02  6.5217391E-02
  7.6086953E-02  7.6086961E-02
  8.6956523E-02  8.6956523E-02
  9.7826086E-02  9.7826086E-02
  0.1086956      0.1086957    
  0.1195652      0.1195652    
  0.1304348      0.1304348    
  0.1413043      0.1413043    
  0.1521739      0.1521739    
  0.1630435      0.1630435    
  0.1739130      0.1739130    
  0.1847826      0.1847826    
  0.1956522      0.1956522    
  0.2065217      0.2065217    
  0.2173913      0.2173913    
  0.2282609      0.2282609    
  0.2391304      0.2391304    
  0.2500000      0.2500000    
  0.2608696      0.2608696    
  0.2717391      0.2717391    
  0.2826087      0.2826087    
  0.2934783      0.2934783    
  0.3043478      0.3043478    
  0.3152174      0.3152174    
  0.3260870      0.3260870    
  0.3369565      0.3369565    
  0.3478261      0.3478261    
  0.3586957      0.3586957    
  0.3695652      0.3695652    
  0.3804348      0.3804348    
  0.3913043      0.3913043    
  0.4021739      0.4021739    
  0.4130435      0.4130435    
  0.4239130      0.4239131    
  0.4347826      0.4347826    
  0.4456522      0.4456522    
  0.4565217      0.4565217    
  0.4673913      0.4673913    
  0.4782609      0.4782609    
  0.4891304      0.4891304    
  0.5000000      0.5000000    
  0.5108696      0.5108696    
  0.5217391      0.5217391    
  0.5326087      0.5326087    
  0.5434783      0.5434783    
  0.5543478      0.5543478    
  0.5652174      0.5652174    
  0.5760869      0.5760869    
  0.5869565      0.5869566    
  0.5978261      0.5978261    
  0.6086956      0.6086957    
  0.6195652      0.6195652    
  0.6304348      0.6304348    
  0.6413044      0.6413044    
  0.6521739      0.6521739    
  0.6630435      0.6630435    
  0.6739131      0.6739131    
  0.6847826      0.6847826    
  0.6956522      0.6956522    
  0.7065217      0.7065217    
  0.7173913      0.7173913    
  0.7282609      0.7282609    
  0.7391304      0.7391304    
  0.7500000      0.7500000    
  0.7608696      0.7608696    
  0.7717391      0.7717391    
  0.7826087      0.7826087    
  0.7934783      0.7934783    
  0.8043478      0.8043478    
  0.8152174      0.8152174    
  0.8260869      0.8260870    
  0.8369565      0.8369566    
  0.8478261      0.8478261    
  0.8586956      0.8586957    
  0.8695652      0.8695652    
  0.8804348      0.8804348    
  0.8913044      0.8913044    
  0.9021739      0.9021739    
  0.9130435      0.9130435    
  0.9239131      0.9239131    
  0.9347826      0.9347826    
  0.9456522      0.9456522    
  0.9565217      0.9565217    
  0.9673913      0.9673913    
  0.9782609      0.9782609    
  0.9891304      0.9891304    
   1.000000       1.000000    
