  2.2727273E-02  0.000000000000000E+000
  4.5454547E-02  4.545454545454540E-002
  6.8181820E-02  6.818181818181807E-002
  9.0909094E-02  9.090909090909080E-002
  0.1136364      0.113636363636363     
  0.1363636      0.136363636363636     
  0.1590909      0.159090909090909     
  0.1818182      0.181818181818182     
  0.2045455      0.204545454545454     
  0.2272727      0.227272727272727     
  0.2500000      0.250000000000000     
  0.2727273      0.272727272727272     
  0.2954545      0.295454545454545     
  0.3181818      0.318181818181818     
  0.3409091      0.340909090909091     
  0.3636364      0.363636363636363     
  0.3863636      0.386363636363636     
  0.4090909      0.409090909090909     
  0.4318182      0.431818181818182     
  0.4545455      0.454545454545455     
  0.4772727      0.477272727272727     
  0.5000000      0.500000000000000     
  0.5227273      0.522727272727273     
  0.5454546      0.545454545454546     
  0.5681818      0.568181818181819     
  0.5909091      0.590909090909092     
  0.6136364      0.613636363636365     
  0.6363636      0.636363636363637     
  0.6590909      0.659090909090910     
  0.6818182      0.681818181818183     
  0.7045454      0.704545454545456     
  0.7272727      0.727272727272728     
  0.7500000      0.750000000000001     
  0.7727273      0.772727272727274     
  0.7954546      0.795454545454546     
  0.8181818      0.818181818181819     
  0.8409091      0.840909090909092     
  0.8636364      0.863636363636364     
  0.8863636      0.886363636363637     
  0.9090909      0.909090909090910     
  0.9318182      0.931818181818182     
  0.9545454      0.954545454545455     
  0.9772727      0.977272727272728     
   1.000000       1.00000000000000     
