  2.1739131E-02  2.1739131E-02
  4.3478262E-02  4.3478262E-02
  6.5217391E-02  6.5217391E-02
  8.6956523E-02  8.6956523E-02
  0.1086956      0.1086957    
  0.1304348      0.1304348    
  0.1521739      0.1521739    
  0.1739130      0.1739130    
  0.1956522      0.1956522    
  0.2173913      0.2173913    
  0.2391304      0.2391304    
  0.2608696      0.2608696    
  0.2826087      0.2826087    
  0.3043478      0.3043478    
  0.3260870      0.3260870    
  0.3478261      0.3478261    
  0.3695652      0.3695652    
  0.3913043      0.3913043    
  0.4130435      0.4130435    
  0.4347826      0.4347826    
  0.4565217      0.4565217    
  0.4782609      0.4782609    
  0.5000000      0.5000000    
  0.5217391      0.5217391    
  0.5434783      0.5434783    
  0.5652174      0.5652174    
  0.5869565      0.5869566    
  0.6086956      0.6086957    
  0.6304348      0.6304348    
  0.6521739      0.6521739    
  0.6739131      0.6739131    
  0.6956522      0.6956522    
  0.7173913      0.7173913    
  0.7391304      0.7391304    
  0.7608696      0.7608696    
  0.7826087      0.7826087    
  0.8043478      0.8043478    
  0.8260869      0.8260870    
  0.8478261      0.8478261    
  0.8695652      0.8695652    
  0.8913044      0.8913044    
  0.9130435      0.9130435    
  0.9347826      0.9347826    
  0.9565217      0.9565217    
  0.9782609      0.9782609    
   1.000000       1.000000    
