  1.1494253E-02  1.1494252E-02
  2.2988506E-02  2.2988504E-02
  3.4482758E-02  3.4482755E-02
  4.5977011E-02  4.5977008E-02
  5.7471264E-02  5.7471260E-02
  6.8965517E-02  6.8965510E-02
  8.0459774E-02  8.0459766E-02
  9.1954023E-02  9.1954015E-02
  0.1034483      0.1034483    
  0.1149425      0.1149425    
  0.1264368      0.1264368    
  0.1379310      0.1379310    
  0.1494253      0.1494253    
  0.1609195      0.1609195    
  0.1724138      0.1724138    
  0.1839080      0.1839080    
  0.1954023      0.1954023    
  0.2068966      0.2068965    
  0.2183908      0.2183908    
  0.2298851      0.2298850    
  0.2413793      0.2413793    
  0.2528736      0.2528735    
  0.2643678      0.2643678    
  0.2758621      0.2758620    
  0.2873563      0.2873563    
  0.2988506      0.2988505    
  0.3103448      0.3103448    
  0.3218391      0.3218391    
  0.3333333      0.3333333    
  0.3448276      0.3448276    
  0.3563218      0.3563218    
  0.3678161      0.3678161    
  0.3793103      0.3793103    
  0.3908046      0.3908046    
  0.4022988      0.4022988    
  0.4137931      0.4137931    
  0.4252874      0.4252873    
  0.4367816      0.4367816    
  0.4482759      0.4482758    
  0.4597701      0.4597701    
  0.4712644      0.4712643    
  0.4827586      0.4827586    
  0.4942529      0.4942528    
  0.5057471      0.5057471    
  0.5172414      0.5172414    
  0.5287356      0.5287356    
  0.5402299      0.5402299    
  0.5517241      0.5517241    
  0.5632184      0.5632184    
  0.5747126      0.5747126    
  0.5862069      0.5862069    
  0.5977011      0.5977011    
  0.6091954      0.6091954    
  0.6206896      0.6206896    
  0.6321839      0.6321838    
  0.6436782      0.6436781    
  0.6551724      0.6551723    
  0.6666667      0.6666666    
  0.6781609      0.6781608    
  0.6896552      0.6896551    
  0.7011494      0.7011493    
  0.7126437      0.7126436    
  0.7241379      0.7241378    
  0.7356322      0.7356321    
  0.7471265      0.7471264    
  0.7586207      0.7586206    
  0.7701150      0.7701149    
  0.7816092      0.7816091    
  0.7931035      0.7931034    
  0.8045977      0.8045976    
  0.8160920      0.8160919    
  0.8275862      0.8275861    
  0.8390805      0.8390804    
  0.8505747      0.8505746    
  0.8620690      0.8620689    
  0.8735632      0.8735632    
  0.8850574      0.8850574    
  0.8965517      0.8965517    
  0.9080459      0.9080459    
  0.9195402      0.9195402    
  0.9310345      0.9310344    
  0.9425287      0.9425287    
  0.9540230      0.9540229    
  0.9655172      0.9655172    
  0.9770115      0.9770115    
  0.9885057      0.9885057    
   1.000000       1.000000    
