  1.2195121E-02  1.2195121E-02
  2.4390243E-02  2.4390243E-02
  3.6585364E-02  3.6585364E-02
  4.8780486E-02  4.8780486E-02
  6.0975611E-02  6.0975607E-02
  7.3170729E-02  7.3170729E-02
  8.5365854E-02  8.5365847E-02
  9.7560972E-02  9.7560972E-02
  0.1097561      0.1097561    
  0.1219512      0.1219512    
  0.1341463      0.1341463    
  0.1463415      0.1463415    
  0.1585366      0.1585366    
  0.1707317      0.1707317    
  0.1829268      0.1829268    
  0.1951219      0.1951219    
  0.2073171      0.2073171    
  0.2195122      0.2195122    
  0.2317073      0.2317073    
  0.2439024      0.2439024    
  0.2560976      0.2560976    
  0.2682927      0.2682927    
  0.2804878      0.2804878    
  0.2926829      0.2926829    
  0.3048781      0.3048780    
  0.3170732      0.3170732    
  0.3292683      0.3292683    
  0.3414634      0.3414634    
  0.3536585      0.3536585    
  0.3658537      0.3658536    
  0.3780488      0.3780488    
  0.3902439      0.3902439    
  0.4024390      0.4024390    
  0.4146341      0.4146341    
  0.4268293      0.4268292    
  0.4390244      0.4390244    
  0.4512195      0.4512195    
  0.4634146      0.4634146    
  0.4756097      0.4756097    
  0.4878049      0.4878049    
  0.5000000      0.5000000    
  0.5121951      0.5121951    
  0.5243902      0.5243902    
  0.5365854      0.5365853    
  0.5487805      0.5487804    
  0.5609756      0.5609756    
  0.5731707      0.5731707    
  0.5853658      0.5853658    
  0.5975610      0.5975609    
  0.6097561      0.6097561    
  0.6219512      0.6219512    
  0.6341463      0.6341463    
  0.6463414      0.6463414    
  0.6585366      0.6585366    
  0.6707317      0.6707317    
  0.6829268      0.6829268    
  0.6951219      0.6951219    
  0.7073171      0.7073171    
  0.7195122      0.7195122    
  0.7317073      0.7317073    
  0.7439024      0.7439024    
  0.7560976      0.7560976    
  0.7682927      0.7682927    
  0.7804878      0.7804878    
  0.7926829      0.7926829    
  0.8048781      0.8048780    
  0.8170732      0.8170732    
  0.8292683      0.8292683    
  0.8414634      0.8414634    
  0.8536586      0.8536585    
  0.8658537      0.8658536    
  0.8780488      0.8780488    
  0.8902439      0.8902439    
  0.9024390      0.9024390    
  0.9146342      0.9146341    
  0.9268293      0.9268292    
  0.9390244      0.9390243    
  0.9512195      0.9512195    
  0.9634146      0.9634146    
  0.9756098      0.9756097    
  0.9878049      0.9878049    
   1.000000       1.000000    
