  2.7027028E-02  0.000000000000000E+000
  5.4054055E-02  5.405405405405412E-002
  8.1081077E-02  8.108108108108122E-002
  0.1081081      0.108108108108108     
  0.1351351      0.135135135135135     
  0.1621622      0.162162162162163     
  0.1891892      0.189189189189190     
  0.2162162      0.216216216216217     
  0.2432432      0.243243243243244     
  0.2702703      0.270270270270271     
  0.2972973      0.297297297297298     
  0.3243243      0.324324324324325     
  0.3513514      0.351351351351352     
  0.3783784      0.378378378378379     
  0.4054054      0.405405405405406     
  0.4324324      0.432432432432433     
  0.4594595      0.459459459459460     
  0.4864865      0.486486486486487     
  0.5135135      0.513513513513514     
  0.5405405      0.540540540540541     
  0.5675676      0.567567567567568     
  0.5945946      0.594594594594595     
  0.6216216      0.621621621621623     
  0.6486486      0.648648648648650     
  0.6756757      0.675675675675677     
  0.7027027      0.702702702702704     
  0.7297297      0.729729729729731     
  0.7567568      0.756756756756758     
  0.7837838      0.783783783783785     
  0.8108108      0.810810810810812     
  0.8378378      0.837837837837839     
  0.8648649      0.864864864864866     
  0.8918919      0.891891891891893     
  0.9189189      0.918918918918920     
  0.9459459      0.945945945945946     
  0.9729730      0.972972972972973     
   1.000000       1.00000000000000     
