  1.8867925E-02  1.8867923E-02
  3.7735850E-02  3.7735846E-02
  5.6603774E-02  5.6603767E-02
  7.5471699E-02  7.5471692E-02
  9.4339624E-02  9.4339617E-02
  0.1132075      0.1132075    
  0.1320755      0.1320755    
  0.1509434      0.1509434    
  0.1698113      0.1698113    
  0.1886792      0.1886792    
  0.2075472      0.2075472    
  0.2264151      0.2264151    
  0.2452830      0.2452830    
  0.2641509      0.2641509    
  0.2830189      0.2830189    
  0.3018868      0.3018868    
  0.3207547      0.3207547    
  0.3396226      0.3396226    
  0.3584906      0.3584905    
  0.3773585      0.3773585    
  0.3962264      0.3962264    
  0.4150943      0.4150943    
  0.4339623      0.4339622    
  0.4528302      0.4528301    
  0.4716981      0.4716981    
  0.4905660      0.4905660    
  0.5094340      0.5094339    
  0.5283019      0.5283018    
  0.5471698      0.5471697    
  0.5660377      0.5660377    
  0.5849057      0.5849056    
  0.6037736      0.6037735    
  0.6226415      0.6226414    
  0.6415094      0.6415094    
  0.6603774      0.6603773    
  0.6792453      0.6792452    
  0.6981132      0.6981131    
  0.7169811      0.7169811    
  0.7358491      0.7358490    
  0.7547170      0.7547169    
  0.7735849      0.7735848    
  0.7924528      0.7924528    
  0.8113208      0.8113207    
  0.8301887      0.8301886    
  0.8490566      0.8490565    
  0.8679245      0.8679245    
  0.8867925      0.8867924    
  0.9056604      0.9056603    
  0.9245283      0.9245282    
  0.9433962      0.9433962    
  0.9622642      0.9622641    
  0.9811321      0.9811320    
   1.000000       1.000000    
