  1.7857144E-02  0.000000000000000000000000000000000E+0000
  3.5714287E-02  3.571428571428571428571428571428559E-0002
  5.3571429E-02  5.357142857142857142857142857142840E-0002
  7.1428575E-02  7.142857142857142857142857142857121E-0002
  8.9285716E-02  8.928571428571428571428571428571396E-0002
  0.1071429      0.107142857142857142857142857142857      
  0.1250000      0.125000000000000000000000000000000      
  0.1428571      0.142857142857142857142857142857142      
  0.1607143      0.160714285714285714285714285714285      
  0.1785714      0.178571428571428571428571428571428      
  0.1964286      0.196428571428571428571428571428571      
  0.2142857      0.214285714285714285714285714285714      
  0.2321429      0.232142857142857142857142857142857      
  0.2500000      0.249999999999999999999999999999999      
  0.2678571      0.267857142857142857142857142857142      
  0.2857143      0.285714285714285714285714285714285      
  0.3035714      0.303571428571428571428571428571428      
  0.3214286      0.321428571428571428571428571428571      
  0.3392857      0.339285714285714285714285714285714      
  0.3571429      0.357142857142857142857142857142856      
  0.3750000      0.374999999999999999999999999999999      
  0.3928571      0.392857142857142857142857142857142      
  0.4107143      0.410714285714285714285714285714285      
  0.4285714      0.428571428571428571428571428571428      
  0.4464286      0.446428571428571428571428571428571      
  0.4642857      0.464285714285714285714285714285714      
  0.4821429      0.482142857142857142857142857142856      
  0.5000000      0.499999999999999999999999999999999      
  0.5178571      0.517857142857142857142857142857142      
  0.5357143      0.535714285714285714285714285714285      
  0.5535714      0.553571428571428571428571428571428      
  0.5714286      0.571428571428571428571428571428571      
  0.5892857      0.589285714285714285714285714285714      
  0.6071429      0.607142857142857142857142857142856      
  0.6250000      0.624999999999999999999999999999999      
  0.6428571      0.642857142857142857142857142857142      
  0.6607143      0.660714285714285714285714285714285      
  0.6785714      0.678571428571428571428571428571428      
  0.6964286      0.696428571428571428571428571428571      
  0.7142857      0.714285714285714285714285714285714      
  0.7321429      0.732142857142857142857142857142857      
  0.7500000      0.750000000000000000000000000000000      
  0.7678571      0.767857142857142857142857142857143      
  0.7857143      0.785714285714285714285714285714285      
  0.8035714      0.803571428571428571428571428571428      
  0.8214286      0.821428571428571428571428571428571      
  0.8392857      0.839285714285714285714285714285714      
  0.8571429      0.857142857142857142857142857142857      
  0.8750000      0.875000000000000000000000000000000      
  0.8928571      0.892857142857142857142857142857143      
  0.9107143      0.910714285714285714285714285714286      
  0.9285714      0.928571428571428571428571428571428      
  0.9464286      0.946428571428571428571428571428571      
  0.9642857      0.964285714285714285714285714285714      
  0.9821429      0.982142857142857142857142857142857      
   1.000000       1.00000000000000000000000000000000      
