  5.0000001E-02  5.000000074505805969238281250000000E-0002
  0.1000000      0.100000001490116119384765625000000      
  0.1500000      0.150000005960464477539062500000000      
  0.2000000      0.200000002980232238769531250000000      
  0.2500000      0.250000000000000000000000000000000      
  0.3000000      0.300000011920928955078125000000000      
  0.3500000      0.349999994039535522460937500000000      
  0.4000000      0.400000005960464477539062500000000      
  0.4500000      0.449999988079071044921875000000000      
  0.5000000      0.500000000000000000000000000000000      
  0.5500000      0.550000011920928955078125000000000      
  0.6000000      0.600000023841857910156250000000000      
  0.6500000      0.649999976158142089843750000000000      
  0.7000000      0.699999988079071044921875000000000      
  0.7500000      0.750000000000000000000000000000000      
  0.8000000      0.800000011920928955078125000000000      
  0.8500000      0.850000023841857910156250000000000      
  0.9000000      0.899999976158142089843750000000000      
  0.9500000      0.949999988079071044921875000000000      
   1.000000       1.00000000000000000000000000000000      
