  2.7777778E-02  0.0000000E+00
  5.5555556E-02  5.5555571E-02
  8.3333336E-02  8.3333373E-02
  0.1111111      0.1111111    
  0.1388889      0.1388889    
  0.1666667      0.1666667    
  0.1944444      0.1944445    
  0.2222222      0.2222222    
  0.2500000      0.2500001    
  0.2777778      0.2777778    
  0.3055556      0.3055556    
  0.3333333      0.3333333    
  0.3611111      0.3611112    
  0.3888889      0.3888889    
  0.4166667      0.4166667    
  0.4444444      0.4444444    
  0.4722222      0.4722222    
  0.5000000      0.5000000    
  0.5277778      0.5277777    
  0.5555556      0.5555555    
  0.5833333      0.5833333    
  0.6111111      0.6111110    
  0.6388889      0.6388888    
  0.6666667      0.6666664    
  0.6944444      0.6944442    
  0.7222222      0.7222220    
  0.7500000      0.7499999    
  0.7777778      0.7777778    
  0.8055556      0.8055557    
  0.8333333      0.8333336    
  0.8611111      0.8611113    
  0.8888889      0.8888891    
  0.9166667      0.9166669    
  0.9444444      0.9444447    
  0.9722222      0.9722224    
   1.000000       1.000000    
