  1.0869565E-02  1.086956541985273E-002
  2.1739131E-02  2.173913083970547E-002
  3.2608695E-02  3.260869532823563E-002
  4.3478262E-02  4.347826167941093E-002
  5.4347824E-02  5.434782803058624E-002
  6.5217391E-02  6.521739065647125E-002
  7.6086953E-02  7.608696073293686E-002
  8.6956523E-02  8.695652335882187E-002
  9.7826086E-02  9.782608598470688E-002
  0.1086956      0.108695656061172     
  0.1195652      0.119565218687057     
  0.1304348      0.130434781312943     
  0.1413043      0.141304343938828     
  0.1521739      0.152173921465874     
  0.1630435      0.163043484091759     
  0.1739130      0.173913046717644     
  0.1847826      0.184782609343529     
  0.1956522      0.195652171969414     
  0.2065217      0.206521749496460     
  0.2173913      0.217391312122345     
  0.2282609      0.228260874748230     
  0.2391304      0.239130437374115     
  0.2500000      0.250000000000000     
  0.2608696      0.260869562625885     
  0.2717391      0.271739125251770     
  0.2826087      0.282608687877655     
  0.2934783      0.293478280305862     
  0.3043478      0.304347842931747     
  0.3152174      0.315217405557632     
  0.3260870      0.326086968183517     
  0.3369565      0.336956530809402     
  0.3478261      0.347826093435287     
  0.3586957      0.358695656061172     
  0.3695652      0.369565218687057     
  0.3804348      0.380434781312943     
  0.3913043      0.391304343938828     
  0.4021739      0.402173906564713     
  0.4130435      0.413043498992920     
  0.4239130      0.423913061618805     
  0.4347826      0.434782624244690     
  0.4456522      0.445652186870575     
  0.4565217      0.456521749496460     
  0.4673913      0.467391312122345     
  0.4782609      0.478260874748230     
  0.4891304      0.489130437374115     
  0.5000000      0.500000000000000     
  0.5108696      0.510869562625885     
  0.5217391      0.521739125251770     
  0.5326087      0.532608687877655     
  0.5434783      0.543478250503540     
  0.5543478      0.554347813129425     
  0.5652174      0.565217375755310     
  0.5760869      0.576086938381195     
  0.5869565      0.586956560611725     
  0.5978261      0.597826123237610     
  0.6086956      0.608695685863495     
  0.6195652      0.619565248489380     
  0.6304348      0.630434811115265     
  0.6413044      0.641304373741150     
  0.6521739      0.652173936367035     
  0.6630435      0.663043498992920     
  0.6739131      0.673913061618805     
  0.6847826      0.684782624244690     
  0.6956522      0.695652186870575     
  0.7065217      0.706521749496460     
  0.7173913      0.717391312122345     
  0.7282609      0.728260874748230     
  0.7391304      0.739130437374115     
  0.7500000      0.750000000000000     
  0.7608696      0.760869562625885     
  0.7717391      0.771739125251770     
  0.7826087      0.782608687877655     
  0.7934783      0.793478250503540     
  0.8043478      0.804347813129425     
  0.8152174      0.815217435359955     
  0.8260869      0.826086997985840     
  0.8369565      0.836956560611725     
  0.8478261      0.847826123237610     
  0.8586956      0.858695685863495     
  0.8695652      0.869565248489380     
  0.8804348      0.880434811115265     
  0.8913044      0.891304373741150     
  0.9021739      0.902173936367035     
  0.9130435      0.913043498992920     
  0.9239131      0.923913061618805     
  0.9347826      0.934782624244690     
  0.9456522      0.945652186870575     
  0.9565217      0.956521749496460     
  0.9673913      0.967391312122345     
  0.9782609      0.978260874748230     
  0.9891304      0.989130437374115     
   1.000000       1.00000000000000     
