  2.2727273E-02  0.0000000E+00
  4.5454547E-02  4.5454785E-02
  6.8181820E-02  6.8182178E-02
  9.0909094E-02  9.0909570E-02
  0.1136364      0.1136369    
  0.1363636      0.1363644    
  0.1590909      0.1590917    
  0.1818182      0.1818191    
  0.2045455      0.2045464    
  0.2272727      0.2272739    
  0.2500000      0.2500012    
  0.2727273      0.2727286    
  0.2954545      0.2954560    
  0.3181818      0.3181833    
  0.3409091      0.3409107    
  0.3636364      0.3636380    
  0.3863636      0.3863653    
  0.4090909      0.4090927    
  0.4318182      0.4318199    
  0.4545455      0.4545473    
  0.4772727      0.4772747    
  0.5000000      0.5000021    
  0.5227273      0.5227293    
  0.5454546      0.5454566    
  0.5681818      0.5681840    
  0.5909091      0.5909112    
  0.6136364      0.6136387    
  0.6363636      0.6363658    
  0.6590909      0.6590931    
  0.6818182      0.6818203    
  0.7045454      0.7045475    
  0.7272727      0.7272747    
  0.7500000      0.7500019    
  0.7727273      0.7727289    
  0.7954546      0.7954561    
  0.8181818      0.8181834    
  0.8409091      0.8409107    
  0.8636364      0.8636377    
  0.8863636      0.8863648    
  0.9090909      0.9090919    
  0.9318182      0.9318192    
  0.9545454      0.9545462    
  0.9772727      0.9772732    
   1.000000       1.000000    
