  1.4285714E-02  0.0000000E+00
  2.8571429E-02  2.8571935E-02
  4.2857144E-02  4.2857897E-02
  5.7142857E-02  5.7143871E-02
  7.1428575E-02  7.1429804E-02
  8.5714288E-02  8.5715771E-02
  0.1000000      0.1000017    
  0.1142857      0.1142877    
  0.1285714      0.1285737    
  0.1428571      0.1428596    
  0.1571429      0.1571456    
  0.1714286      0.1714315    
  0.1857143      0.1857176    
  0.2000000      0.2000034    
  0.2142857      0.2142894    
  0.2285714      0.2285753    
  0.2428571      0.2428613    
  0.2571429      0.2571473    
  0.2714286      0.2714331    
  0.2857143      0.2857190    
  0.3000000      0.3000049    
  0.3142857      0.3142908    
  0.3285714      0.3285766    
  0.3428572      0.3428625    
  0.3571429      0.3571485    
  0.3714286      0.3714344    
  0.3857143      0.3857203    
  0.4000000      0.4000062    
  0.4142857      0.4142921    
  0.4285714      0.4285779    
  0.4428571      0.4428636    
  0.4571429      0.4571497    
  0.4714286      0.4714355    
  0.4857143      0.4857214    
  0.5000000      0.5000069    
  0.5142857      0.5142928    
  0.5285714      0.5285788    
  0.5428572      0.5428644    
  0.5571429      0.5571501    
  0.5714286      0.5714360    
  0.5857143      0.5857217    
  0.6000000      0.6000072    
  0.6142857      0.6142932    
  0.6285715      0.6285787    
  0.6428571      0.6428643    
  0.6571429      0.6571501    
  0.6714286      0.6714356    
  0.6857143      0.6857214    
  0.7000000      0.7000069    
  0.7142857      0.7142923    
  0.7285714      0.7285780    
  0.7428572      0.7428636    
  0.7571428      0.7571491    
  0.7714286      0.7714345    
  0.7857143      0.7857201    
  0.8000000      0.8000054    
  0.8142857      0.8142909    
  0.8285714      0.8285763    
  0.8428571      0.8428617    
  0.8571429      0.8571472    
  0.8714285      0.8714327    
  0.8857143      0.8857180    
  0.9000000      0.9000035    
  0.9142857      0.9142889    
  0.9285714      0.9285742    
  0.9428571      0.9428595    
  0.9571428      0.9571448    
  0.9714286      0.9714301    
  0.9857143      0.9857154    
   1.000000       1.000001    
