  1.1111111E-02  0.0000000E+00
  2.2222223E-02  2.2222288E-02
  3.3333335E-02  3.3333447E-02
  4.4444446E-02  4.4444576E-02
  5.5555556E-02  5.5555724E-02
  6.6666670E-02  6.6666894E-02
  7.7777781E-02  7.7778056E-02
  8.8888891E-02  8.8889152E-02
  0.1000000      0.1000003    
  0.1111111      0.1111114    
  0.1222222      0.1222226    
  0.1333333      0.1333337    
  0.1444445      0.1444449    
  0.1555556      0.1555561    
  0.1666667      0.1666672    
  0.1777778      0.1777783    
  0.1888889      0.1888894    
  0.2000000      0.2000006    
  0.2111111      0.2111117    
  0.2222222      0.2222229    
  0.2333333      0.2333342    
  0.2444444      0.2444452    
  0.2555556      0.2555563    
  0.2666667      0.2666675    
  0.2777778      0.2777787    
  0.2888889      0.2888897    
  0.3000000      0.3000009    
  0.3111111      0.3111122    
  0.3222222      0.3222231    
  0.3333333      0.3333344    
  0.3444445      0.3444454    
  0.3555556      0.3555565    
  0.3666667      0.3666678    
  0.3777778      0.3777789    
  0.3888889      0.3888900    
  0.4000000      0.4000013    
  0.4111111      0.4111124    
  0.4222222      0.4222234    
  0.4333333      0.4333346    
  0.4444444      0.4444461    
  0.4555556      0.4555571    
  0.4666667      0.4666685    
  0.4777778      0.4777797    
  0.4888889      0.4888910    
  0.5000000      0.5000020    
  0.5111111      0.5111134    
  0.5222222      0.5222247    
  0.5333334      0.5333357    
  0.5444444      0.5444472    
  0.5555556      0.5555584    
  0.5666667      0.5666698    
  0.5777778      0.5777811    
  0.5888889      0.5888926    
  0.6000000      0.6000039    
  0.6111111      0.6111150    
  0.6222222      0.6222263    
  0.6333333      0.6333376    
  0.6444445      0.6444489    
  0.6555555      0.6555602    
  0.6666667      0.6666718    
  0.6777778      0.6777829    
  0.6888889      0.6888941    
  0.7000000      0.7000054    
  0.7111111      0.7111166    
  0.7222222      0.7222276    
  0.7333333      0.7333389    
  0.7444444      0.7444500    
  0.7555556      0.7555611    
  0.7666667      0.7666723    
  0.7777778      0.7777833    
  0.7888889      0.7888943    
  0.8000000      0.8000054    
  0.8111111      0.8111164    
  0.8222222      0.8222273    
  0.8333333      0.8333383    
  0.8444445      0.8444492    
  0.8555555      0.8555601    
  0.8666667      0.8666711    
  0.8777778      0.8777819    
  0.8888889      0.8888929    
  0.9000000      0.9000038    
  0.9111111      0.9111147    
  0.9222222      0.9222257    
  0.9333333      0.9333366    
  0.9444444      0.9444473    
  0.9555556      0.9555581    
  0.9666666      0.9666688    
  0.9777778      0.9777794    
  0.9888889      0.9888900    
   1.000000       1.000000    
