  9.0909094E-02  9.090909361839294433593750000000000E-0002
  0.1818182      0.181818187236785888671875000000000      
  0.2727273      0.272727280855178833007812500000000      
  0.3636364      0.363636374473571777343750000000000      
  0.4545455      0.454545468091964721679687500000000      
  0.5454546      0.545454561710357666015625000000000      
  0.6363636      0.636363625526428222656250000000000      
  0.7272727      0.727272748947143554687500000000000      
  0.8181818      0.818181812763214111328125000000000      
  0.9090909      0.909090936183929443359375000000000      
   1.000000       1.00000000000000000000000000000000      
