  2.3255814E-02  0.000000000000000000000000000000000E+0000
  4.6511628E-02  4.651162790697674418604651162790705E-0002
  6.9767445E-02  6.976744186046511627906976744186055E-0002
  9.3023255E-02  9.302325581395348837209302325581410E-0002
  0.1162791      0.116279069767441860465116279069768      
  0.1395349      0.139534883720930232558139534883721      
  0.1627907      0.162790697674418604651162790697675      
  0.1860465      0.186046511627906976744186046511628      
  0.2093023      0.209302325581395348837209302325582      
  0.2325581      0.232558139534883720930232558139535      
  0.2558140      0.255813953488372093023255813953489      
  0.2790698      0.279069767441860465116279069767442      
  0.3023256      0.302325581395348837209302325581396      
  0.3255814      0.325581395348837209302325581395349      
  0.3488372      0.348837209302325581395348837209303      
  0.3720930      0.372093023255813953488372093023256      
  0.3953488      0.395348837209302325581395348837210      
  0.4186046      0.418604651162790697674418604651164      
  0.4418605      0.441860465116279069767441860465117      
  0.4651163      0.465116279069767441860465116279070      
  0.4883721      0.488372093023255813953488372093024      
  0.5116279      0.511627906976744186046511627906977      
  0.5348837      0.534883720930232558139534883720931      
  0.5581396      0.558139534883720930232558139534884      
  0.5813953      0.581395348837209302325581395348838      
  0.6046512      0.604651162790697674418604651162791      
  0.6279070      0.627906976744186046511627906976745      
  0.6511628      0.651162790697674418604651162790698      
  0.6744186      0.674418604651162790697674418604652      
  0.6976744      0.697674418604651162790697674418605      
  0.7209302      0.720930232558139534883720930232559      
  0.7441860      0.744186046511627906976744186046512      
  0.7674419      0.767441860465116279069767441860465      
  0.7906977      0.790697674418604651162790697674419      
  0.8139535      0.813953488372093023255813953488372      
  0.8372093      0.837209302325581395348837209302326      
  0.8604651      0.860465116279069767441860465116279      
  0.8837209      0.883720930232558139534883720930232      
  0.9069768      0.906976744186046511627906976744186      
  0.9302326      0.930232558139534883720930232558139      
  0.9534883      0.953488372093023255813953488372093      
  0.9767442      0.976744186046511627906976744186046      
   1.000000       1.00000000000000000000000000000000      
