  6.6666670E-02  6.666666269302368E-002
  0.1333333      0.133333325386047     
  0.2000000      0.199999988079071     
  0.2666667      0.266666650772095     
  0.3333333      0.333333313465118     
  0.4000000      0.399999976158142     
  0.4666667      0.466666638851166     
  0.5333334      0.533333301544189     
  0.6000000      0.599999964237213     
  0.6666667      0.666666626930237     
  0.7333333      0.733333289623260     
  0.8000000      0.799999952316284     
  0.8666667      0.866666674613953     
  0.9333333      0.933333337306976     
   1.000000       1.00000000000000     
