  1.4705882E-02  1.470588147640228E-002
  2.9411765E-02  2.941176295280457E-002
  4.4117648E-02  4.411764442920685E-002
  5.8823530E-02  5.882352590560913E-002
  7.3529415E-02  7.352940738201141E-002
  8.8235296E-02  8.823528885841370E-002
  0.1029412      0.102941170334816     
  0.1176471      0.117647051811218     
  0.1323529      0.132352933287621     
  0.1470588      0.147058814764023     
  0.1617647      0.161764696240425     
  0.1764706      0.176470577716827     
  0.1911765      0.191176459193230     
  0.2058824      0.205882340669632     
  0.2205882      0.220588222146034     
  0.2352941      0.235294103622437     
  0.2500000      0.249999985098839     
  0.2647059      0.264705866575241     
  0.2794118      0.279411733150482     
  0.2941177      0.294117629528046     
  0.3088235      0.308823525905609     
  0.3235294      0.323529392480850     
  0.3382353      0.338235259056091     
  0.3529412      0.352941155433655     
  0.3676471      0.367647051811218     
  0.3823529      0.382352918386459     
  0.3970588      0.397058784961700     
  0.4117647      0.411764681339264     
  0.4264706      0.426470577716827     
  0.4411765      0.441176444292068     
  0.4558823      0.455882310867310     
  0.4705882      0.470588207244873     
  0.4852941      0.485294103622437     
  0.5000000      0.499999970197678     
  0.5147059      0.514705836772919     
  0.5294118      0.529411733150482     
  0.5441176      0.544117629528046     
  0.5588235      0.558823466300964     
  0.5735294      0.573529362678528     
  0.5882353      0.588235259056091     
  0.6029412      0.602941155433655     
  0.6176471      0.617647051811218     
  0.6323529      0.632352888584137     
  0.6470588      0.647058784961700     
  0.6617647      0.661764681339264     
  0.6764706      0.676470518112183     
  0.6911765      0.691176414489746     
  0.7058824      0.705882310867310     
  0.7205882      0.720588207244873     
  0.7352941      0.735294103622437     
  0.7500000      0.749999940395355     
  0.7647059      0.764705836772919     
  0.7794118      0.779411733150482     
  0.7941176      0.794117569923401     
  0.8088235      0.808823466300964     
  0.8235294      0.823529362678528     
  0.8382353      0.838235259056091     
  0.8529412      0.852941155433655     
  0.8676471      0.867646992206573     
  0.8823529      0.882352888584137     
  0.8970588      0.897058784961700     
  0.9117647      0.911764621734619     
  0.9264706      0.926470518112183     
  0.9411765      0.941176414489746     
  0.9558824      0.955882310867310     
  0.9705882      0.970588207244873     
  0.9852941      0.985294044017792     
   1.000000      0.999999940395355     
