  1.7241379E-02  0.0000000E+00
  3.4482758E-02  3.4482971E-02
  5.1724140E-02  5.1724471E-02
  6.8965517E-02  6.8965942E-02
  8.6206898E-02  8.6207420E-02
  0.1034483      0.1034489    
  0.1206897      0.1206904    
  0.1379310      0.1379319    
  0.1551724      0.1551733    
  0.1724138      0.1724148    
  0.1896552      0.1896562    
  0.2068966      0.2068977    
  0.2241379      0.2241392    
  0.2413793      0.2413806    
  0.2586207      0.2586220    
  0.2758621      0.2758634    
  0.2931035      0.2931047    
  0.3103448      0.3103463    
  0.3275862      0.3275876    
  0.3448276      0.3448292    
  0.3620690      0.3620705    
  0.3793103      0.3793120    
  0.3965517      0.3965532    
  0.4137931      0.4137948    
  0.4310345      0.4310361    
  0.4482759      0.4482777    
  0.4655173      0.4655191    
  0.4827586      0.4827604    
  0.5000000      0.5000017    
  0.5172414      0.5172429    
  0.5344828      0.5344844    
  0.5517241      0.5517256    
  0.5689655      0.5689669    
  0.5862069      0.5862082    
  0.6034483      0.6034495    
  0.6206896      0.6206908    
  0.6379310      0.6379321    
  0.6551724      0.6551732    
  0.6724138      0.6724144    
  0.6896552      0.6896557    
  0.7068965      0.7068971    
  0.7241379      0.7241383    
  0.7413793      0.7413797    
  0.7586207      0.7586210    
  0.7758621      0.7758624    
  0.7931035      0.7931037    
  0.8103448      0.8103452    
  0.8275862      0.8275867    
  0.8448276      0.8448281    
  0.8620690      0.8620694    
  0.8793104      0.8793109    
  0.8965517      0.8965523    
  0.9137931      0.9137937    
  0.9310345      0.9310350    
  0.9482759      0.9482763    
  0.9655172      0.9655176    
  0.9827586      0.9827590    
   1.000000       1.000000    
