  1.4492754E-02  1.4492753E-02
  2.8985508E-02  2.8985506E-02
  4.3478262E-02  4.3478258E-02
  5.7971016E-02  5.7971012E-02
  7.2463766E-02  7.2463766E-02
  8.6956523E-02  8.6956516E-02
  0.1014493      0.1014493    
  0.1159420      0.1159420    
  0.1304348      0.1304348    
  0.1449275      0.1449275    
  0.1594203      0.1594203    
  0.1739130      0.1739130    
  0.1884058      0.1884058    
  0.2028985      0.2028985    
  0.2173913      0.2173913    
  0.2318841      0.2318840    
  0.2463768      0.2463768    
  0.2608696      0.2608696    
  0.2753623      0.2753623    
  0.2898551      0.2898551    
  0.3043478      0.3043478    
  0.3188406      0.3188406    
  0.3333333      0.3333333    
  0.3478261      0.3478261    
  0.3623188      0.3623188    
  0.3768116      0.3768116    
  0.3913043      0.3913043    
  0.4057971      0.4057971    
  0.4202898      0.4202898    
  0.4347826      0.4347826    
  0.4492754      0.4492753    
  0.4637681      0.4637681    
  0.4782609      0.4782608    
  0.4927536      0.4927536    
  0.5072464      0.5072464    
  0.5217391      0.5217391    
  0.5362319      0.5362319    
  0.5507246      0.5507246    
  0.5652174      0.5652174    
  0.5797101      0.5797101    
  0.5942029      0.5942029    
  0.6086956      0.6086956    
  0.6231884      0.6231884    
  0.6376812      0.6376811    
  0.6521739      0.6521739    
  0.6666667      0.6666666    
  0.6811594      0.6811594    
  0.6956522      0.6956521    
  0.7101449      0.7101449    
  0.7246377      0.7246376    
  0.7391304      0.7391304    
  0.7536232      0.7536231    
  0.7681159      0.7681159    
  0.7826087      0.7826087    
  0.7971014      0.7971014    
  0.8115942      0.8115942    
  0.8260869      0.8260869    
  0.8405797      0.8405797    
  0.8550724      0.8550724    
  0.8695652      0.8695652    
  0.8840580      0.8840579    
  0.8985507      0.8985507    
  0.9130435      0.9130434    
  0.9275362      0.9275362    
  0.9420290      0.9420289    
  0.9565217      0.9565217    
  0.9710145      0.9710144    
  0.9855072      0.9855072    
   1.000000       1.000000    
