  2.9411765E-02  2.941176481544971466064453125000000E-0002
  5.8823530E-02  5.882352963089942932128906250000000E-0002
  8.8235296E-02  8.823529630899429321289062500000000E-0002
  0.1176471      0.117647059261798858642578125000000      
  0.1470588      0.147058829665184020996093750000000      
  0.1764706      0.176470592617988586425781250000000      
  0.2058824      0.205882355570793151855468750000000      
  0.2352941      0.235294118523597717285156250000000      
  0.2647059      0.264705896377563476562500000000000      
  0.2941177      0.294117659330368041992187500000000      
  0.3235294      0.323529422283172607421875000000000      
  0.3529412      0.352941185235977172851562500000000      
  0.3823529      0.382352948188781738281250000000000      
  0.4117647      0.411764711141586303710937500000000      
  0.4411765      0.441176474094390869140625000000000      
  0.4705882      0.470588237047195434570312500000000      
  0.5000000      0.500000000000000000000000000000000      
  0.5294118      0.529411792755126953125000000000000      
  0.5588235      0.558823525905609130859375000000000      
  0.5882353      0.588235318660736083984375000000000      
  0.6176471      0.617647051811218261718750000000000      
  0.6470588      0.647058844566345214843750000000000      
  0.6764706      0.676470577716827392578125000000000      
  0.7058824      0.705882370471954345703125000000000      
  0.7352941      0.735294103622436523437500000000000      
  0.7647059      0.764705896377563476562500000000000      
  0.7941176      0.794117629528045654296875000000000      
  0.8235294      0.823529422283172607421875000000000      
  0.8529412      0.852941155433654785156250000000000      
  0.8823529      0.882352948188781738281250000000000      
  0.9117647      0.911764681339263916015625000000000      
  0.9411765      0.941176474094390869140625000000000      
  0.9705882      0.970588207244873046875000000000000      
   1.000000       1.00000000000000000000000000000000      
