  2.1276595E-02  2.1276595E-02
  4.2553190E-02  4.2553190E-02
  6.3829787E-02  6.3829787E-02
  8.5106380E-02  8.5106380E-02
  0.1063830      0.1063830    
  0.1276596      0.1276596    
  0.1489362      0.1489362    
  0.1702128      0.1702128    
  0.1914894      0.1914894    
  0.2127660      0.2127659    
  0.2340426      0.2340425    
  0.2553191      0.2553191    
  0.2765957      0.2765957    
  0.2978723      0.2978723    
  0.3191489      0.3191489    
  0.3404255      0.3404255    
  0.3617021      0.3617021    
  0.3829787      0.3829787    
  0.4042553      0.4042553    
  0.4255319      0.4255319    
  0.4468085      0.4468085    
  0.4680851      0.4680851    
  0.4893617      0.4893617    
  0.5106383      0.5106383    
  0.5319149      0.5319149    
  0.5531915      0.5531915    
  0.5744681      0.5744681    
  0.5957447      0.5957447    
  0.6170213      0.6170213    
  0.6382979      0.6382979    
  0.6595744      0.6595744    
  0.6808510      0.6808510    
  0.7021276      0.7021276    
  0.7234042      0.7234042    
  0.7446808      0.7446808    
  0.7659575      0.7659574    
  0.7872341      0.7872340    
  0.8085107      0.8085106    
  0.8297873      0.8297872    
  0.8510638      0.8510638    
  0.8723404      0.8723404    
  0.8936170      0.8936170    
  0.9148936      0.9148936    
  0.9361702      0.9361702    
  0.9574468      0.9574468    
  0.9787234      0.9787234    
   1.000000       1.000000    
