  1.0869565E-02  0.000000000000000E+000
  2.1739131E-02  2.173913043478270E-002
  3.2608695E-02  3.260869565217405E-002
  4.3478262E-02  4.347826086956540E-002
  5.4347824E-02  5.434782608695674E-002
  6.5217391E-02  6.521739130434806E-002
  7.6086953E-02  7.608695652173947E-002
  8.6956523E-02  8.695652173913078E-002
  9.7826086E-02  9.782608695652219E-002
  0.1086956      0.108695652173913     
  0.1195652      0.119565217391305     
  0.1304348      0.130434782608696     
  0.1413043      0.141304347826088     
  0.1521739      0.152173913043479     
  0.1630435      0.163043478260870     
  0.1739130      0.173913043478262     
  0.1847826      0.184782608695653     
  0.1956522      0.195652173913045     
  0.2065217      0.206521739130436     
  0.2173913      0.217391304347827     
  0.2282609      0.228260869565219     
  0.2391304      0.239130434782611     
  0.2500000      0.250000000000002     
  0.2608696      0.260869565217394     
  0.2717391      0.271739130434785     
  0.2826087      0.282608695652177     
  0.2934783      0.293478260869568     
  0.3043478      0.304347826086960     
  0.3152174      0.315217391304351     
  0.3260870      0.326086956521743     
  0.3369565      0.336956521739134     
  0.3478261      0.347826086956526     
  0.3586957      0.358695652173917     
  0.3695652      0.369565217391309     
  0.3804348      0.380434782608700     
  0.3913043      0.391304347826092     
  0.4021739      0.402173913043483     
  0.4130435      0.413043478260875     
  0.4239130      0.423913043478267     
  0.4347826      0.434782608695658     
  0.4456522      0.445652173913050     
  0.4565217      0.456521739130441     
  0.4673913      0.467391304347832     
  0.4782609      0.478260869565224     
  0.4891304      0.489130434782615     
  0.5000000      0.500000000000006     
  0.5108696      0.510869565217397     
  0.5217391      0.521739130434789     
  0.5326087      0.532608695652181     
  0.5434783      0.543478260869572     
  0.5543478      0.554347826086963     
  0.5652174      0.565217391304355     
  0.5760869      0.576086956521746     
  0.5869565      0.586956521739137     
  0.5978261      0.597826086956529     
  0.6086956      0.608695652173920     
  0.6195652      0.619565217391311     
  0.6304348      0.630434782608703     
  0.6413044      0.641304347826094     
  0.6521739      0.652173913043485     
  0.6630435      0.663043478260877     
  0.6739131      0.673913043478268     
  0.6847826      0.684782608695659     
  0.6956522      0.695652173913050     
  0.7065217      0.706521739130441     
  0.7173913      0.717391304347832     
  0.7282609      0.728260869565224     
  0.7391304      0.739130434782615     
  0.7500000      0.750000000000006     
  0.7608696      0.760869565217397     
  0.7717391      0.771739130434788     
  0.7826087      0.782608695652180     
  0.7934783      0.793478260869571     
  0.8043478      0.804347826086962     
  0.8152174      0.815217391304353     
  0.8260869      0.826086956521744     
  0.8369565      0.836956521739135     
  0.8478261      0.847826086956526     
  0.8586956      0.858695652173917     
  0.8695652      0.869565217391308     
  0.8804348      0.880434782608699     
  0.8913044      0.891304347826090     
  0.9021739      0.902173913043481     
  0.9130435      0.913043478260872     
  0.9239131      0.923913043478263     
  0.9347826      0.934782608695654     
  0.9456522      0.945652173913045     
  0.9565217      0.956521739130436     
  0.9673913      0.967391304347827     
  0.9782609      0.978260869565218     
  0.9891304      0.989130434782609     
   1.000000       1.00000000000000     
