  3.3333335E-02  3.3333331E-02
  6.6666670E-02  6.6666663E-02
  0.1000000      0.1000000    
  0.1333333      0.1333333    
  0.1666667      0.1666667    
  0.2000000      0.2000000    
  0.2333333      0.2333333    
  0.2666667      0.2666667    
  0.3000000      0.3000000    
  0.3333333      0.3333333    
  0.3666667      0.3666666    
  0.4000000      0.4000000    
  0.4333333      0.4333333    
  0.4666667      0.4666666    
  0.5000000      0.5000000    
  0.5333334      0.5333333    
  0.5666667      0.5666666    
  0.6000000      0.6000000    
  0.6333333      0.6333333    
  0.6666667      0.6666666    
  0.7000000      0.6999999    
  0.7333333      0.7333333    
  0.7666667      0.7666667    
  0.8000000      0.8000000    
  0.8333333      0.8333333    
  0.8666667      0.8666666    
  0.9000000      0.9000000    
  0.9333333      0.9333333    
  0.9666666      0.9666666    
   1.000000       1.000000    
