  5.5555556E-02  5.5555552E-02
  0.1111111      0.1111111    
  0.1666667      0.1666667    
  0.2222222      0.2222222    
  0.2777778      0.2777778    
  0.3333333      0.3333333    
  0.3888889      0.3888889    
  0.4444444      0.4444444    
  0.5000000      0.5000000    
  0.5555556      0.5555555    
  0.6111111      0.6111110    
  0.6666667      0.6666666    
  0.7222222      0.7222222    
  0.7777778      0.7777777    
  0.8333333      0.8333333    
  0.8888889      0.8888888    
  0.9444444      0.9444444    
   1.000000       1.000000    
