  1.6393442E-02  1.639344170689582824707031250000000E-0002
  3.2786883E-02  3.278688341379165649414062500000000E-0002
  4.9180329E-02  4.918032884597778320312500000000000E-0002
  6.5573767E-02  6.557376682758331298828125000000000E-0002
  8.1967212E-02  8.196721225976943969726562500000000E-0002
  9.8360658E-02  9.836065769195556640625000000000000E-0002
  0.1147541      0.114754095673561096191406250000000      
  0.1311475      0.131147533655166625976562500000000      
  0.1475410      0.147540986537933349609375000000000      
  0.1639344      0.163934424519538879394531250000000      
  0.1803279      0.180327862501144409179687500000000      
  0.1967213      0.196721315383911132812500000000000      
  0.2131148      0.213114753365516662597656250000000      
  0.2295082      0.229508191347122192382812500000000      
  0.2459016      0.245901644229888916015625000000000      
  0.2622951      0.262295067310333251953125000000000      
  0.2786885      0.278688520193099975585937500000000      
  0.2950820      0.295081973075866699218750000000000      
  0.3114754      0.311475396156311035156250000000000      
  0.3278688      0.327868849039077758789062500000000      
  0.3442623      0.344262301921844482421875000000000      
  0.3606557      0.360655725002288818359375000000000      
  0.3770492      0.377049177885055541992187500000000      
  0.3934426      0.393442630767822265625000000000000      
  0.4098361      0.409836053848266601562500000000000      
  0.4262295      0.426229506731033325195312500000000      
  0.4426230      0.442622959613800048828125000000000      
  0.4590164      0.459016382694244384765625000000000      
  0.4754098      0.475409835577011108398437500000000      
  0.4918033      0.491803288459777832031250000000000      
  0.5081967      0.508196711540222167968750000000000      
  0.5245901      0.524590134620666503906250000000000      
  0.5409836      0.540983617305755615234375000000000      
  0.5573770      0.557377040386199951171875000000000      
  0.5737705      0.573770463466644287109375000000000      
  0.5901639      0.590163946151733398437500000000000      
  0.6065574      0.606557369232177734375000000000000      
  0.6229508      0.622950792312622070312500000000000      
  0.6393443      0.639344274997711181640625000000000      
  0.6557377      0.655737698078155517578125000000000      
  0.6721311      0.672131121158599853515625000000000      
  0.6885246      0.688524603843688964843750000000000      
  0.7049180      0.704918026924133300781250000000000      
  0.7213115      0.721311450004577636718750000000000      
  0.7377049      0.737704932689666748046875000000000      
  0.7540984      0.754098355770111083984375000000000      
  0.7704918      0.770491778850555419921875000000000      
  0.7868853      0.786885261535644531250000000000000      
  0.8032787      0.803278684616088867187500000000000      
  0.8196721      0.819672107696533203125000000000000      
  0.8360656      0.836065590381622314453125000000000      
  0.8524590      0.852459013462066650390625000000000      
  0.8688524      0.868852436542510986328125000000000      
  0.8852459      0.885245919227600097656250000000000      
  0.9016393      0.901639342308044433593750000000000      
  0.9180328      0.918032765388488769531250000000000      
  0.9344262      0.934426248073577880859375000000000      
  0.9508197      0.950819671154022216796875000000000      
  0.9672131      0.967213094234466552734375000000000      
  0.9836066      0.983606576919555664062500000000000      
   1.000000       1.00000000000000000000000000000000      
