  1.1363637E-02  0.000000000000000E+000
  2.2727273E-02  2.272727272727274E-002
  3.4090910E-02  3.409090909090908E-002
  4.5454547E-02  4.545454545454548E-002
  5.6818184E-02  5.681818181818183E-002
  6.8181820E-02  6.818181818181812E-002
  7.9545453E-02  7.954545454545453E-002
  9.0909094E-02  9.090909090909093E-002
  0.1022727      0.102272727272727     
  0.1136364      0.113636363636364     
  0.1250000      0.125000000000000     
  0.1363636      0.136363636363636     
  0.1477273      0.147727272727273     
  0.1590909      0.159090909090909     
  0.1704545      0.170454545454546     
  0.1818182      0.181818181818182     
  0.1931818      0.193181818181818     
  0.2045455      0.204545454545455     
  0.2159091      0.215909090909091     
  0.2272727      0.227272727272728     
  0.2386364      0.238636363636364     
  0.2500000      0.250000000000001     
  0.2613636      0.261363636363637     
  0.2727273      0.272727272727273     
  0.2840909      0.284090909090910     
  0.2954545      0.295454545454546     
  0.3068182      0.306818181818183     
  0.3181818      0.318181818181819     
  0.3295455      0.329545454545456     
  0.3409091      0.340909090909092     
  0.3522727      0.352272727272728     
  0.3636364      0.363636363636365     
  0.3750000      0.375000000000001     
  0.3863636      0.386363636363638     
  0.3977273      0.397727272727274     
  0.4090909      0.409090909090910     
  0.4204545      0.420454545454546     
  0.4318182      0.431818181818183     
  0.4431818      0.443181818181819     
  0.4545455      0.454545454545455     
  0.4659091      0.465909090909092     
  0.4772727      0.477272727272728     
  0.4886364      0.488636363636364     
  0.5000000      0.500000000000001     
  0.5113636      0.511363636363637     
  0.5227273      0.522727272727274     
  0.5340909      0.534090909090910     
  0.5454546      0.545454545454546     
  0.5568182      0.556818181818182     
  0.5681818      0.568181818181819     
  0.5795454      0.579545454545455     
  0.5909091      0.590909090909091     
  0.6022727      0.602272727272728     
  0.6136364      0.613636363636364     
  0.6250000      0.625000000000001     
  0.6363636      0.636363636363636     
  0.6477273      0.647727272727273     
  0.6590909      0.659090909090909     
  0.6704546      0.670454545454546     
  0.6818182      0.681818181818182     
  0.6931818      0.693181818181818     
  0.7045454      0.704545454545454     
  0.7159091      0.715909090909091     
  0.7272727      0.727272727272727     
  0.7386364      0.738636363636363     
  0.7500000      0.750000000000000     
  0.7613636      0.761363636363636     
  0.7727273      0.772727272727273     
  0.7840909      0.784090909090909     
  0.7954546      0.795454545454545     
  0.8068182      0.806818181818181     
  0.8181818      0.818181818181818     
  0.8295454      0.829545454545454     
  0.8409091      0.840909090909090     
  0.8522727      0.852272727272727     
  0.8636364      0.863636363636363     
  0.8750000      0.874999999999999     
  0.8863636      0.886363636363636     
  0.8977273      0.897727272727272     
  0.9090909      0.909090909090908     
  0.9204546      0.920454545454545     
  0.9318182      0.931818181818181     
  0.9431818      0.943181818181817     
  0.9545454      0.954545454545454     
  0.9659091      0.965909090909090     
  0.9772727      0.977272727272727     
  0.9886364      0.988636363636363     
   1.000000       1.00000000000000     
