  1.7543860E-02  1.754385977983474731445312500000000E-0002
  3.5087720E-02  3.508771955966949462890625000000000E-0002
  5.2631579E-02  5.263157933950424194335937500000000E-0002
  7.0175439E-02  7.017543911933898925781250000000000E-0002
  8.7719299E-02  8.771929889917373657226562500000000E-0002
  0.1052632      0.105263158679008483886718750000000      
  0.1228070      0.122807018458843231201171875000000      
  0.1403509      0.140350878238677978515625000000000      
  0.1578947      0.157894730567932128906250000000000      
  0.1754386      0.175438597798347473144531250000000      
  0.1929825      0.192982450127601623535156250000000      
  0.2105263      0.210526317358016967773437500000000      
  0.2280702      0.228070169687271118164062500000000      
  0.2456140      0.245614036917686462402343750000000      
  0.2631579      0.263157904148101806640625000000000      
  0.2807018      0.280701756477355957031250000000000      
  0.2982456      0.298245608806610107421875000000000      
  0.3157895      0.315789461135864257812500000000000      
  0.3333333      0.333333343267440795898437500000000      
  0.3508772      0.350877195596694946289062500000000      
  0.3684210      0.368421047925949096679687500000000      
  0.3859649      0.385964900255203247070312500000000      
  0.4035088      0.403508782386779785156250000000000      
  0.4210526      0.421052634716033935546875000000000      
  0.4385965      0.438596487045288085937500000000000      
  0.4561403      0.456140339374542236328125000000000      
  0.4736842      0.473684221506118774414062500000000      
  0.4912281      0.491228073835372924804687500000000      
  0.5087720      0.508771955966949462890625000000000      
  0.5263158      0.526315808296203613281250000000000      
  0.5438597      0.543859660625457763671875000000000      
  0.5614035      0.561403512954711914062500000000000      
  0.5789474      0.578947365283966064453125000000000      
  0.5964912      0.596491217613220214843750000000000      
  0.6140351      0.614035069942474365234375000000000      
  0.6315789      0.631578922271728515625000000000000      
  0.6491228      0.649122834205627441406250000000000      
  0.6666667      0.666666686534881591796875000000000      
  0.6842105      0.684210538864135742187500000000000      
  0.7017544      0.701754391193389892578125000000000      
  0.7192982      0.719298243522644042968750000000000      
  0.7368421      0.736842095851898193359375000000000      
  0.7543859      0.754385948181152343750000000000000      
  0.7719298      0.771929800510406494140625000000000      
  0.7894737      0.789473712444305419921875000000000      
  0.8070176      0.807017564773559570312500000000000      
  0.8245614      0.824561417102813720703125000000000      
  0.8421053      0.842105269432067871093750000000000      
  0.8596491      0.859649121761322021484375000000000      
  0.8771930      0.877192974090576171875000000000000      
  0.8947368      0.894736826419830322265625000000000      
  0.9122807      0.912280678749084472656250000000000      
  0.9298246      0.929824590682983398437500000000000      
  0.9473684      0.947368443012237548828125000000000      
  0.9649123      0.964912295341491699218750000000000      
  0.9824561      0.982456147670745849609375000000000      
   1.000000       1.00000000000000000000000000000000      
