  1.9607844E-02  1.960784383118152618408203125000000E-0002
  3.9215688E-02  3.921568766236305236816406250000000E-0002
  5.8823530E-02  5.882352963089942932128906250000000E-0002
  7.8431375E-02  7.843137532472610473632812500000000E-0002
  9.8039217E-02  9.803921729326248168945312500000000E-0002
  0.1176471      0.117647059261798858642578125000000      
  0.1372549      0.137254908680915832519531250000000      
  0.1568628      0.156862750649452209472656250000000      
  0.1764706      0.176470592617988586425781250000000      
  0.1960784      0.196078434586524963378906250000000      
  0.2156863      0.215686276555061340332031250000000      
  0.2352941      0.235294118523597717285156250000000      
  0.2549020      0.254901975393295288085937500000000      
  0.2745098      0.274509817361831665039062500000000      
  0.2941177      0.294117659330368041992187500000000      
  0.3137255      0.313725501298904418945312500000000      
  0.3333333      0.333333343267440795898437500000000      
  0.3529412      0.352941185235977172851562500000000      
  0.3725490      0.372549027204513549804687500000000      
  0.3921569      0.392156869173049926757812500000000      
  0.4117647      0.411764711141586303710937500000000      
  0.4313726      0.431372553110122680664062500000000      
  0.4509804      0.450980395078659057617187500000000      
  0.4705882      0.470588237047195434570312500000000      
  0.4901961      0.490196079015731811523437500000000      
  0.5098040      0.509803950786590576171875000000000      
  0.5294118      0.529411792755126953125000000000000      
  0.5490196      0.549019634723663330078125000000000      
  0.5686275      0.568627476692199707031250000000000      
  0.5882353      0.588235318660736083984375000000000      
  0.6078432      0.607843160629272460937500000000000      
  0.6274510      0.627451002597808837890625000000000      
  0.6470588      0.647058844566345214843750000000000      
  0.6666667      0.666666686534881591796875000000000      
  0.6862745      0.686274528503417968750000000000000      
  0.7058824      0.705882370471954345703125000000000      
  0.7254902      0.725490212440490722656250000000000      
  0.7450981      0.745098054409027099609375000000000      
  0.7647059      0.764705896377563476562500000000000      
  0.7843137      0.784313738346099853515625000000000      
  0.8039216      0.803921580314636230468750000000000      
  0.8235294      0.823529422283172607421875000000000      
  0.8431373      0.843137264251708984375000000000000      
  0.8627451      0.862745106220245361328125000000000      
  0.8823529      0.882352948188781738281250000000000      
  0.9019608      0.901960790157318115234375000000000      
  0.9215686      0.921568632125854492187500000000000      
  0.9411765      0.941176474094390869140625000000000      
  0.9607843      0.960784316062927246093750000000000      
  0.9803922      0.980392158031463623046875000000000      
   1.000000       1.00000000000000000000000000000000      
