  1.6393442E-02  0.0000000E+00
  3.2786883E-02  3.2787111E-02
  4.9180329E-02  4.9180668E-02
  6.5573767E-02  6.5574206E-02
  8.1967212E-02  8.1967756E-02
  9.8360658E-02  9.8361321E-02
  0.1147541      0.1147549    
  0.1311475      0.1311484    
  0.1475410      0.1475420    
  0.1639344      0.1639355    
  0.1803279      0.1803290    
  0.1967213      0.1967226    
  0.2131148      0.2131161    
  0.2295082      0.2295096    
  0.2459016      0.2459033    
  0.2622951      0.2622968    
  0.2786885      0.2786902    
  0.2950820      0.2950837    
  0.3114754      0.3114772    
  0.3278688      0.3278708    
  0.3442623      0.3442644    
  0.3606557      0.3606579    
  0.3770492      0.3770515    
  0.3934426      0.3934450    
  0.4098361      0.4098385    
  0.4262295      0.4262319    
  0.4426230      0.4426255    
  0.4590164      0.4590191    
  0.4754098      0.4754125    
  0.4918033      0.4918061    
  0.5081967      0.5081995    
  0.5245901      0.5245931    
  0.5409836      0.5409865    
  0.5573770      0.5573801    
  0.5737705      0.5737736    
  0.5901639      0.5901671    
  0.6065574      0.6065606    
  0.6229508      0.6229540    
  0.6393443      0.6393474    
  0.6557377      0.6557410    
  0.6721311      0.6721344    
  0.6885246      0.6885278    
  0.7049180      0.7049211    
  0.7213115      0.7213147    
  0.7377049      0.7377079    
  0.7540984      0.7541013    
  0.7704918      0.7704946    
  0.7868853      0.7868881    
  0.8032787      0.8032814    
  0.8196721      0.8196747    
  0.8360656      0.8360680    
  0.8524590      0.8524613    
  0.8688524      0.8688545    
  0.8852459      0.8852478    
  0.9016393      0.9016409    
  0.9180328      0.9180341    
  0.9344262      0.9344274    
  0.9508197      0.9508206    
  0.9672131      0.9672138    
  0.9836066      0.9836071    
   1.000000       1.000000    
