  2.0408163E-02  2.040816284716129E-002
  4.0816326E-02  4.081632569432259E-002
  6.1224490E-02  6.122449040412903E-002
  8.1632651E-02  8.163265138864517E-002
  0.1020408      0.102040812373161     
  0.1224490      0.122448980808258     
  0.1428571      0.142857134342194     
  0.1632653      0.163265302777290     
  0.1836735      0.183673471212387     
  0.2040816      0.204081624746323     
  0.2244898      0.224489793181419     
  0.2448980      0.244897961616516     
  0.2653061      0.265306115150452     
  0.2857143      0.285714268684387     
  0.3061225      0.306122452020645     
  0.3265306      0.326530605554581     
  0.3469388      0.346938759088516     
  0.3673469      0.367346942424774     
  0.3877551      0.387755095958710     
  0.4081633      0.408163249492645     
  0.4285714      0.428571432828903     
  0.4489796      0.448979586362839     
  0.4693878      0.469387739896774     
  0.4897959      0.489795923233032     
  0.5102041      0.510204076766968     
  0.5306122      0.530612230300903     
  0.5510204      0.551020383834839     
  0.5714286      0.571428537368774     
  0.5918368      0.591836750507355     
  0.6122449      0.612244904041290     
  0.6326531      0.632653057575226     
  0.6530612      0.653061211109161     
  0.6734694      0.673469364643097     
  0.6938776      0.693877518177032     
  0.7142857      0.714285671710968     
  0.7346939      0.734693884849548     
  0.7551020      0.755102038383484     
  0.7755102      0.775510191917419     
  0.7959183      0.795918345451355     
  0.8163266      0.816326498985291     
  0.8367347      0.836734652519226     
  0.8571429      0.857142865657806     
  0.8775510      0.877551019191742     
  0.8979592      0.897959172725677     
  0.9183673      0.918367326259613     
  0.9387755      0.938775479793549     
  0.9591837      0.959183633327484     
  0.9795918      0.979591846466064     
   1.000000       1.00000000000000     
