  7.1428575E-02  0.000000000000000000000000000000000E+0000
  0.1428571      0.142857142857142857142857142857143      
  0.2142857      0.214285714285714285714285714285714      
  0.2857143      0.285714285714285714285714285714285      
  0.3571429      0.357142857142857142857142857142857      
  0.4285714      0.428571428571428571428571428571428      
  0.5000000      0.500000000000000000000000000000000      
  0.5714286      0.571428571428571428571428571428571      
  0.6428571      0.642857142857142857142857142857142      
  0.7142857      0.714285714285714285714285714285714      
  0.7857143      0.785714285714285714285714285714285      
  0.8571429      0.857142857142857142857142857142857      
  0.9285714      0.928571428571428571428571428571428      
   1.000000       1.00000000000000000000000000000000      
