  1.4084507E-02  1.4084507E-02
  2.8169014E-02  2.8169014E-02
  4.2253520E-02  4.2253520E-02
  5.6338027E-02  5.6338027E-02
  7.0422538E-02  7.0422530E-02
  8.4507041E-02  8.4507041E-02
  9.8591551E-02  9.8591551E-02
  0.1126761      0.1126761    
  0.1267606      0.1267606    
  0.1408451      0.1408451    
  0.1549296      0.1549296    
  0.1690141      0.1690141    
  0.1830986      0.1830986    
  0.1971831      0.1971831    
  0.2112676      0.2112676    
  0.2253521      0.2253521    
  0.2394366      0.2394366    
  0.2535211      0.2535211    
  0.2676056      0.2676056    
  0.2816902      0.2816901    
  0.2957746      0.2957746    
  0.3098592      0.3098592    
  0.3239437      0.3239436    
  0.3380282      0.3380282    
  0.3521127      0.3521127    
  0.3661972      0.3661972    
  0.3802817      0.3802817    
  0.3943662      0.3943662    
  0.4084507      0.4084507    
  0.4225352      0.4225352    
  0.4366197      0.4366197    
  0.4507042      0.4507042    
  0.4647887      0.4647887    
  0.4788733      0.4788732    
  0.4929577      0.4929577    
  0.5070422      0.5070422    
  0.5211267      0.5211267    
  0.5352113      0.5352113    
  0.5492958      0.5492958    
  0.5633803      0.5633802    
  0.5774648      0.5774648    
  0.5915493      0.5915493    
  0.6056338      0.6056338    
  0.6197183      0.6197183    
  0.6338028      0.6338028    
  0.6478873      0.6478873    
  0.6619718      0.6619718    
  0.6760563      0.6760563    
  0.6901408      0.6901408    
  0.7042254      0.7042254    
  0.7183099      0.7183098    
  0.7323943      0.7323943    
  0.7464789      0.7464789    
  0.7605634      0.7605634    
  0.7746479      0.7746479    
  0.7887324      0.7887324    
  0.8028169      0.8028169    
  0.8169014      0.8169014    
  0.8309859      0.8309859    
  0.8450704      0.8450704    
  0.8591549      0.8591549    
  0.8732395      0.8732394    
  0.8873239      0.8873239    
  0.9014084      0.9014084    
  0.9154930      0.9154930    
  0.9295775      0.9295775    
  0.9436620      0.9436619    
  0.9577465      0.9577464    
  0.9718310      0.9718310    
  0.9859155      0.9859155    
   1.000000       1.000000    
