  2.7777778E-02  2.777777798473834991455078125000000E-0002
  5.5555556E-02  5.555555596947669982910156250000000E-0002
  8.3333336E-02  8.333333581686019897460937500000000E-0002
  0.1111111      0.111111111938953399658203125000000      
  0.1388889      0.138888895511627197265625000000000      
  0.1666667      0.166666671633720397949218750000000      
  0.1944444      0.194444447755813598632812500000000      
  0.2222222      0.222222223877906799316406250000000      
  0.2500000      0.250000000000000000000000000000000      
  0.2777778      0.277777791023254394531250000000000      
  0.3055556      0.305555552244186401367187500000000      
  0.3333333      0.333333343267440795898437500000000      
  0.3611111      0.361111104488372802734375000000000      
  0.3888889      0.388888895511627197265625000000000      
  0.4166667      0.416666656732559204101562500000000      
  0.4444444      0.444444447755813598632812500000000      
  0.4722222      0.472222208976745605468750000000000      
  0.5000000      0.500000000000000000000000000000000      
  0.5277778      0.527777791023254394531250000000000      
  0.5555556      0.555555582046508789062500000000000      
  0.5833333      0.583333313465118408203125000000000      
  0.6111111      0.611111104488372802734375000000000      
  0.6388889      0.638888895511627197265625000000000      
  0.6666667      0.666666686534881591796875000000000      
  0.6944444      0.694444417953491210937500000000000      
  0.7222222      0.722222208976745605468750000000000      
  0.7500000      0.750000000000000000000000000000000      
  0.7777778      0.777777791023254394531250000000000      
  0.8055556      0.805555582046508789062500000000000      
  0.8333333      0.833333313465118408203125000000000      
  0.8611111      0.861111104488372802734375000000000      
  0.8888889      0.888888895511627197265625000000000      
  0.9166667      0.916666686534881591796875000000000      
  0.9444444      0.944444417953491210937500000000000      
  0.9722222      0.972222208976745605468750000000000      
   1.000000       1.00000000000000000000000000000000      
