  3.5714287E-02  3.571428731083869934082031250000000E-0002
  7.1428575E-02  7.142857462167739868164062500000000E-0002
  0.1071429      0.107142858207225799560546875000000      
  0.1428571      0.142857149243354797363281250000000      
  0.1785714      0.178571432828903198242187500000000      
  0.2142857      0.214285716414451599121093750000000      
  0.2500000      0.250000000000000000000000000000000      
  0.2857143      0.285714298486709594726562500000000      
  0.3214286      0.321428567171096801757812500000000      
  0.3571429      0.357142865657806396484375000000000      
  0.3928571      0.392857134342193603515625000000000      
  0.4285714      0.428571432828903198242187500000000      
  0.4642857      0.464285701513290405273437500000000      
  0.5000000      0.500000000000000000000000000000000      
  0.5357143      0.535714268684387207031250000000000      
  0.5714286      0.571428596973419189453125000000000      
  0.6071429      0.607142865657806396484375000000000      
  0.6428571      0.642857134342193603515625000000000      
  0.6785714      0.678571403026580810546875000000000      
  0.7142857      0.714285731315612792968750000000000      
  0.7500000      0.750000000000000000000000000000000      
  0.7857143      0.785714268684387207031250000000000      
  0.8214286      0.821428596973419189453125000000000      
  0.8571429      0.857142865657806396484375000000000      
  0.8928571      0.892857134342193603515625000000000      
  0.9285714      0.928571403026580810546875000000000      
  0.9642857      0.964285731315612792968750000000000      
   1.000000       1.00000000000000000000000000000000      
