  1.9607844E-02  0.0000000E+00
  3.9215688E-02  3.9215781E-02
  5.8823530E-02  5.8823660E-02
  7.8431375E-02  7.8431562E-02
  9.8039217E-02  9.8039448E-02
  0.1176471      0.1176473    
  0.1372549      0.1372552    
  0.1568628      0.1568631    
  0.1764706      0.1764710    
  0.1960784      0.1960789    
  0.2156863      0.2156868    
  0.2352941      0.2352946    
  0.2549020      0.2549026    
  0.2745098      0.2745105    
  0.2941177      0.2941183    
  0.3137255      0.3137264    
  0.3333333      0.3333342    
  0.3529412      0.3529422    
  0.3725490      0.3725501    
  0.3921569      0.3921579    
  0.4117647      0.4117659    
  0.4313726      0.4313738    
  0.4509804      0.4509818    
  0.4705882      0.4705895    
  0.4901961      0.4901976    
  0.5098040      0.5098052    
  0.5294118      0.5294133    
  0.5490196      0.5490212    
  0.5686275      0.5686291    
  0.5882353      0.5882369    
  0.6078432      0.6078448    
  0.6274510      0.6274528    
  0.6470588      0.6470605    
  0.6666667      0.6666683    
  0.6862745      0.6862760    
  0.7058824      0.7058840    
  0.7254902      0.7254918    
  0.7450981      0.7450996    
  0.7647059      0.7647074    
  0.7843137      0.7843152    
  0.8039216      0.8039232    
  0.8235294      0.8235309    
  0.8431373      0.8431385    
  0.8627451      0.8627464    
  0.8823529      0.8823541    
  0.9019608      0.9019619    
  0.9215686      0.9215696    
  0.9411765      0.9411772    
  0.9607843      0.9607849    
  0.9803922      0.9803925    
   1.000000       1.000000    
