  4.7619049E-02  0.000000000000000E+000
  9.5238097E-02  9.523809523809533E-002
  0.1428571      0.142857142857143     
  0.1904762      0.190476190476191     
  0.2380952      0.238095238095238     
  0.2857143      0.285714285714286     
  0.3333333      0.333333333333334     
  0.3809524      0.380952380952381     
  0.4285714      0.428571428571429     
  0.4761905      0.476190476190477     
  0.5238096      0.523809523809524     
  0.5714286      0.571428571428572     
  0.6190476      0.619047619047620     
  0.6666667      0.666666666666667     
  0.7142857      0.714285714285715     
  0.7619048      0.761904761904762     
  0.8095238      0.809523809523810     
  0.8571429      0.857142857142857     
  0.9047619      0.904761904761905     
  0.9523810      0.952380952380952     
   1.000000       1.00000000000000     
