  6.2500000E-02  6.249999627470970E-002
  0.1250000      0.124999992549419     
  0.1875000      0.187499985098839     
  0.2500000      0.249999985098839     
  0.3125000      0.312499970197678     
  0.3750000      0.374999970197678     
  0.4375000      0.437499970197678     
  0.5000000      0.499999970197678     
  0.5625000      0.562499940395355     
  0.6250000      0.624999940395355     
  0.6875000      0.687499940395355     
  0.7500000      0.749999940395355     
  0.8125000      0.812499940395355     
  0.8750000      0.874999940395355     
  0.9375000      0.937499940395355     
   1.000000      0.999999940395355     
