  1.0989011E-02  1.098901033401489E-002
  2.1978023E-02  2.197802066802979E-002
  3.2967035E-02  3.296703100204468E-002
  4.3956045E-02  4.395604133605957E-002
  5.4945055E-02  5.494505167007446E-002
  6.5934069E-02  6.593406200408936E-002
  7.6923080E-02  7.692307233810425E-002
  8.7912090E-02  8.791208267211914E-002
  9.8901100E-02  9.890109300613403E-002
  0.1098901      0.109890103340149     
  0.1208791      0.120879113674164     
  0.1318681      0.131868124008179     
  0.1428571      0.142857134342194     
  0.1538462      0.153846144676208     
  0.1648352      0.164835155010223     
  0.1758242      0.175824165344238     
  0.1868132      0.186813175678253     
  0.1978022      0.197802186012268     
  0.2087912      0.208791196346283     
  0.2197802      0.219780206680298     
  0.2307692      0.230769217014313     
  0.2417582      0.241758227348328     
  0.2527473      0.252747237682343     
  0.2637363      0.263736248016357     
  0.2747253      0.274725258350372     
  0.2857143      0.285714268684387     
  0.2967033      0.296703279018402     
  0.3076923      0.307692289352417     
  0.3186813      0.318681299686432     
  0.3296703      0.329670310020447     
  0.3406594      0.340659320354462     
  0.3516484      0.351648330688477     
  0.3626374      0.362637341022491     
  0.3736264      0.373626351356506     
  0.3846154      0.384615361690521     
  0.3956044      0.395604372024536     
  0.4065934      0.406593382358551     
  0.4175824      0.417582392692566     
  0.4285714      0.428571403026581     
  0.4395604      0.439560413360596     
  0.4505495      0.450549423694611     
  0.4615385      0.461538434028625     
  0.4725275      0.472527444362640     
  0.4835165      0.483516454696655     
  0.4945055      0.494505465030670     
  0.5054945      0.505494475364685     
  0.5164835      0.516483485698700     
  0.5274726      0.527472496032715     
  0.5384616      0.538461506366730     
  0.5494506      0.549450516700745     
  0.5604396      0.560439527034760     
  0.5714286      0.571428537368774     
  0.5824176      0.582417547702789     
  0.5934066      0.593406558036804     
  0.6043956      0.604395568370819     
  0.6153846      0.615384578704834     
  0.6263736      0.626373589038849     
  0.6373627      0.637362599372864     
  0.6483517      0.648351609706879     
  0.6593407      0.659340620040894     
  0.6703297      0.670329630374908     
  0.6813187      0.681318640708923     
  0.6923077      0.692307651042938     
  0.7032967      0.703296661376953     
  0.7142857      0.714285671710968     
  0.7252747      0.725274682044983     
  0.7362638      0.736263692378998     
  0.7472528      0.747252702713013     
  0.7582418      0.758241713047028     
  0.7692308      0.769230723381042     
  0.7802198      0.780219733715057     
  0.7912088      0.791208744049072     
  0.8021978      0.802197754383087     
  0.8131868      0.813186764717102     
  0.8241758      0.824175775051117     
  0.8351648      0.835164785385132     
  0.8461539      0.846153795719147     
  0.8571429      0.857142806053162     
  0.8681319      0.868131816387177     
  0.8791209      0.879120826721191     
  0.8901099      0.890109837055206     
  0.9010989      0.901098847389221     
  0.9120879      0.912087857723236     
  0.9230769      0.923076868057251     
  0.9340659      0.934065878391266     
  0.9450549      0.945054888725281     
  0.9560440      0.956043899059296     
  0.9670330      0.967032909393311     
  0.9780220      0.978021979331970     
  0.9890110      0.989010989665985     
   1.000000       1.00000000000000     
