  1.0101010E-02  0.0000000E+00
  2.0202020E-02  2.0202540E-02
  3.0303031E-02  3.0303825E-02
  4.0404040E-02  4.0405080E-02
  5.0505050E-02  5.0506338E-02
  6.0606062E-02  6.0607649E-02
  7.0707068E-02  7.0708849E-02
  8.0808081E-02  8.0810159E-02
  9.0909094E-02  9.0911373E-02
  0.1010101      0.1010126    
  0.1111111      0.1111139    
  0.1212121      0.1212151    
  0.1313131      0.1313164    
  0.1414141      0.1414176    
  0.1515152      0.1515188    
  0.1616162      0.1616200    
  0.1717172      0.1717213    
  0.1818182      0.1818224    
  0.1919192      0.1919236    
  0.2020202      0.2020249    
  0.2121212      0.2121261    
  0.2222222      0.2222274    
  0.2323232      0.2323286    
  0.2424242      0.2424297    
  0.2525252      0.2525309    
  0.2626263      0.2626322    
  0.2727273      0.2727332    
  0.2828283      0.2828345    
  0.2929293      0.2929356    
  0.3030303      0.3030368    
  0.3131313      0.3131380    
  0.3232323      0.3232393    
  0.3333333      0.3333403    
  0.3434343      0.3434415    
  0.3535354      0.3535427    
  0.3636364      0.3636437    
  0.3737374      0.3737450    
  0.3838384      0.3838460    
  0.3939394      0.3939473    
  0.4040404      0.4040484    
  0.4141414      0.4141494    
  0.4242424      0.4242508    
  0.4343434      0.4343517    
  0.4444444      0.4444529    
  0.4545455      0.4545541    
  0.4646465      0.4646553    
  0.4747475      0.4747563    
  0.4848485      0.4848573    
  0.4949495      0.4949585    
  0.5050505      0.5050594    
  0.5151515      0.5151605    
  0.5252525      0.5252618    
  0.5353535      0.5353627    
  0.5454546      0.5454636    
  0.5555556      0.5555647    
  0.5656565      0.5656654    
  0.5757576      0.5757664    
  0.5858586      0.5858675    
  0.5959596      0.5959684    
  0.6060606      0.6060694    
  0.6161616      0.6161701    
  0.6262626      0.6262712    
  0.6363636      0.6363721    
  0.6464646      0.6464731    
  0.6565657      0.6565740    
  0.6666667      0.6666751    
  0.6767676      0.6767759    
  0.6868687      0.6868770    
  0.6969697      0.6969779    
  0.7070707      0.7070788    
  0.7171717      0.7171797    
  0.7272727      0.7272807    
  0.7373737      0.7373818    
  0.7474747      0.7474827    
  0.7575758      0.7575836    
  0.7676768      0.7676846    
  0.7777778      0.7777855    
  0.7878788      0.7878864    
  0.7979798      0.7979873    
  0.8080808      0.8080881    
  0.8181818      0.8181891    
  0.8282828      0.8282900    
  0.8383839      0.8383906    
  0.8484849      0.8484915    
  0.8585858      0.8585922    
  0.8686869      0.8686929    
  0.8787879      0.8787936    
  0.8888889      0.8888941    
  0.8989899      0.8989949    
  0.9090909      0.9090955    
  0.9191919      0.9191961    
  0.9292929      0.9292966    
  0.9393939      0.9393972    
  0.9494950      0.9494976    
  0.9595960      0.9595982    
  0.9696970      0.9696987    
  0.9797980      0.9797992    
  0.9898990      0.9898998    
   1.000000       1.000000    
