  1.3698630E-02  0.000000000000000E+000
  2.7397260E-02  2.739726027397239E-002
  4.1095890E-02  4.109589041095862E-002
  5.4794520E-02  5.479452054794486E-002
  6.8493150E-02  6.849315068493109E-002
  8.2191780E-02  8.219178082191725E-002
  9.5890410E-02  9.589041095890354E-002
  0.1095890      0.109589041095890     
  0.1232877      0.123287671232876     
  0.1369863      0.136986301369862     
  0.1506849      0.150684931506849     
  0.1643836      0.164383561643835     
  0.1780822      0.178082191780821     
  0.1917808      0.191780821917807     
  0.2054795      0.205479452054794     
  0.2191781      0.219178082191780     
  0.2328767      0.232876712328766     
  0.2465753      0.246575342465752     
  0.2602740      0.260273972602739     
  0.2739726      0.273972602739725     
  0.2876712      0.287671232876711     
  0.3013699      0.301369863013698     
  0.3150685      0.315068493150684     
  0.3287671      0.328767123287670     
  0.3424658      0.342465753424656     
  0.3561644      0.356164383561643     
  0.3698630      0.369863013698629     
  0.3835616      0.383561643835616     
  0.3972603      0.397260273972602     
  0.4109589      0.410958904109589     
  0.4246575      0.424657534246575     
  0.4383562      0.438356164383561     
  0.4520548      0.452054794520548     
  0.4657534      0.465753424657534     
  0.4794520      0.479452054794521     
  0.4931507      0.493150684931507     
  0.5068493      0.506849315068493     
  0.5205479      0.520547945205480     
  0.5342466      0.534246575342466     
  0.5479452      0.547945205479453     
  0.5616438      0.561643835616439     
  0.5753425      0.575342465753425     
  0.5890411      0.589041095890411     
  0.6027398      0.602739726027397     
  0.6164383      0.616438356164383     
  0.6301370      0.630136986301370     
  0.6438356      0.643835616438356     
  0.6575342      0.657534246575342     
  0.6712329      0.671232876712328     
  0.6849315      0.684931506849314     
  0.6986302      0.698630136986300     
  0.7123288      0.712328767123287     
  0.7260274      0.726027397260273     
  0.7397260      0.739726027397259     
  0.7534246      0.753424657534245     
  0.7671233      0.767123287671232     
  0.7808219      0.780821917808218     
  0.7945206      0.794520547945204     
  0.8082192      0.808219178082190     
  0.8219178      0.821917808219176     
  0.8356164      0.835616438356163     
  0.8493150      0.849315068493149     
  0.8630137      0.863013698630136     
  0.8767123      0.876712328767122     
  0.8904110      0.890410958904108     
  0.9041096      0.904109589041095     
  0.9178082      0.917808219178081     
  0.9315069      0.931506849315068     
  0.9452055      0.945205479452054     
  0.9589041      0.958904109589040     
  0.9726027      0.972602739726027     
  0.9863014      0.986301369863013     
   1.000000       1.00000000000000     
