  1.8181818E-02  1.818181760609150E-002
  3.6363635E-02  3.636363521218300E-002
  5.4545455E-02  5.454545468091965E-002
  7.2727270E-02  7.272727042436600E-002
  9.0909094E-02  9.090908616781235E-002
  0.1090909      0.109090909361839     
  0.1272727      0.127272725105286     
  0.1454545      0.145454540848732     
  0.1636364      0.163636356592178     
  0.1818182      0.181818172335625     
  0.2000000      0.199999988079071     
  0.2181818      0.218181818723679     
  0.2363636      0.236363634467125     
  0.2545455      0.254545450210571     
  0.2727273      0.272727251052856     
  0.2909091      0.290909081697464     
  0.3090909      0.309090912342072     
  0.3272727      0.327272713184357     
  0.3454545      0.345454543828964     
  0.3636364      0.363636344671249     
  0.3818182      0.381818175315857     
  0.4000000      0.399999976158142     
  0.4181818      0.418181806802750     
  0.4363636      0.436363637447357     
  0.4545455      0.454545438289642     
  0.4727273      0.472727268934250     
  0.4909091      0.490909069776535     
  0.5090909      0.509090900421143     
  0.5272727      0.527272701263428     
  0.5454546      0.545454502105713     
  0.5636364      0.563636362552643     
  0.5818182      0.581818163394928     
  0.6000000      0.599999964237213     
  0.6181818      0.618181824684143     
  0.6363636      0.636363625526428     
  0.6545454      0.654545426368713     
  0.6727273      0.672727227210999     
  0.6909091      0.690909087657928     
  0.7090909      0.709090888500214     
  0.7272727      0.727272689342499     
  0.7454545      0.745454549789429     
  0.7636364      0.763636350631714     
  0.7818182      0.781818151473999     
  0.8000000      0.799999952316284     
  0.8181818      0.818181812763214     
  0.8363636      0.836363613605499     
  0.8545455      0.854545414447784     
  0.8727273      0.872727274894714     
  0.8909091      0.890909075737000     
  0.9090909      0.909090876579285     
  0.9272727      0.927272677421570     
  0.9454545      0.945454537868500     
  0.9636363      0.963636338710785     
  0.9818182      0.981818199157715     
   1.000000       1.00000000000000     
