  3.3333335E-02  3.333333507180213928222656250000000E-0002
  6.6666670E-02  6.666667014360427856445312500000000E-0002
  0.1000000      0.100000001490116119384765625000000      
  0.1333333      0.133333340287208557128906250000000      
  0.1666667      0.166666671633720397949218750000000      
  0.2000000      0.200000002980232238769531250000000      
  0.2333333      0.233333334326744079589843750000000      
  0.2666667      0.266666680574417114257812500000000      
  0.3000000      0.300000011920928955078125000000000      
  0.3333333      0.333333343267440795898437500000000      
  0.3666667      0.366666674613952636718750000000000      
  0.4000000      0.400000005960464477539062500000000      
  0.4333333      0.433333337306976318359375000000000      
  0.4666667      0.466666668653488159179687500000000      
  0.5000000      0.500000000000000000000000000000000      
  0.5333334      0.533333361148834228515625000000000      
  0.5666667      0.566666662693023681640625000000000      
  0.6000000      0.600000023841857910156250000000000      
  0.6333333      0.633333325386047363281250000000000      
  0.6666667      0.666666686534881591796875000000000      
  0.7000000      0.699999988079071044921875000000000      
  0.7333333      0.733333349227905273437500000000000      
  0.7666667      0.766666650772094726562500000000000      
  0.8000000      0.800000011920928955078125000000000      
  0.8333333      0.833333313465118408203125000000000      
  0.8666667      0.866666674613952636718750000000000      
  0.9000000      0.899999976158142089843750000000000      
  0.9333333      0.933333337306976318359375000000000      
  0.9666666      0.966666638851165771484375000000000      
   1.000000       1.00000000000000000000000000000000      
