  1.0869565E-02  1.086956541985273361206054687500000E-0002
  2.1739131E-02  2.173913083970546722412109375000000E-0002
  3.2608695E-02  3.260869532823562622070312500000000E-0002
  4.3478262E-02  4.347826167941093444824218750000000E-0002
  5.4347824E-02  5.434782430529594421386718750000000E-0002
  6.5217391E-02  6.521739065647125244140625000000000E-0002
  7.6086953E-02  7.608695328235626220703125000000000E-0002
  8.6956523E-02  8.695652335882186889648437500000000E-0002
  9.7826086E-02  9.782608598470687866210937500000000E-0002
  0.1086956      0.108695648610591888427734375000000      
  0.1195652      0.119565218687057495117187500000000      
  0.1304348      0.130434781312942504882812500000000      
  0.1413043      0.141304343938827514648437500000000      
  0.1521739      0.152173906564712524414062500000000      
  0.1630435      0.163043484091758728027343750000000      
  0.1739130      0.173913046717643737792968750000000      
  0.1847826      0.184782609343528747558593750000000      
  0.1956522      0.195652171969413757324218750000000      
  0.2065217      0.206521734595298767089843750000000      
  0.2173913      0.217391297221183776855468750000000      
  0.2282609      0.228260874748229980468750000000000      
  0.2391304      0.239130437374114990234375000000000      
  0.2500000      0.250000000000000000000000000000000      
  0.2608696      0.260869562625885009765625000000000      
  0.2717391      0.271739125251770019531250000000000      
  0.2826087      0.282608687877655029296875000000000      
  0.2934783      0.293478250503540039062500000000000      
  0.3043478      0.304347813129425048828125000000000      
  0.3152174      0.315217405557632446289062500000000      
  0.3260870      0.326086968183517456054687500000000      
  0.3369565      0.336956530809402465820312500000000      
  0.3478261      0.347826093435287475585937500000000      
  0.3586957      0.358695656061172485351562500000000      
  0.3695652      0.369565218687057495117187500000000      
  0.3804348      0.380434781312942504882812500000000      
  0.3913043      0.391304343938827514648437500000000      
  0.4021739      0.402173906564712524414062500000000      
  0.4130435      0.413043469190597534179687500000000      
  0.4239130      0.423913031816482543945312500000000      
  0.4347826      0.434782594442367553710937500000000      
  0.4456522      0.445652186870574951171875000000000      
  0.4565217      0.456521749496459960937500000000000      
  0.4673913      0.467391312122344970703125000000000      
  0.4782609      0.478260874748229980468750000000000      
  0.4891304      0.489130437374114990234375000000000      
  0.5000000      0.500000000000000000000000000000000      
  0.5108696      0.510869562625885009765625000000000      
  0.5217391      0.521739125251770019531250000000000      
  0.5326087      0.532608687877655029296875000000000      
  0.5434783      0.543478250503540039062500000000000      
  0.5543478      0.554347813129425048828125000000000      
  0.5652174      0.565217375755310058593750000000000      
  0.5760869      0.576086938381195068359375000000000      
  0.5869565      0.586956501007080078125000000000000      
  0.5978261      0.597826063632965087890625000000000      
  0.6086956      0.608695626258850097656250000000000      
  0.6195652      0.619565188884735107421875000000000      
  0.6304348      0.630434811115264892578125000000000      
  0.6413044      0.641304373741149902343750000000000      
  0.6521739      0.652173936367034912109375000000000      
  0.6630435      0.663043498992919921875000000000000      
  0.6739131      0.673913061618804931640625000000000      
  0.6847826      0.684782624244689941406250000000000      
  0.6956522      0.695652186870574951171875000000000      
  0.7065217      0.706521749496459960937500000000000      
  0.7173913      0.717391312122344970703125000000000      
  0.7282609      0.728260874748229980468750000000000      
  0.7391304      0.739130437374114990234375000000000      
  0.7500000      0.750000000000000000000000000000000      
  0.7608696      0.760869562625885009765625000000000      
  0.7717391      0.771739125251770019531250000000000      
  0.7826087      0.782608687877655029296875000000000      
  0.7934783      0.793478250503540039062500000000000      
  0.8043478      0.804347813129425048828125000000000      
  0.8152174      0.815217375755310058593750000000000      
  0.8260869      0.826086938381195068359375000000000      
  0.8369565      0.836956501007080078125000000000000      
  0.8478261      0.847826063632965087890625000000000      
  0.8586956      0.858695626258850097656250000000000      
  0.8695652      0.869565188884735107421875000000000      
  0.8804348      0.880434811115264892578125000000000      
  0.8913044      0.891304373741149902343750000000000      
  0.9021739      0.902173936367034912109375000000000      
  0.9130435      0.913043498992919921875000000000000      
  0.9239131      0.923913061618804931640625000000000      
  0.9347826      0.934782624244689941406250000000000      
  0.9456522      0.945652186870574951171875000000000      
  0.9565217      0.956521749496459960937500000000000      
  0.9673913      0.967391312122344970703125000000000      
  0.9782609      0.978260874748229980468750000000000      
  0.9891304      0.989130437374114990234375000000000      
   1.000000       1.00000000000000000000000000000000      
