  4.5454547E-02  0.0000000E+00
  9.0909094E-02  9.0909220E-02
  0.1363636      0.1363638    
  0.1818182      0.1818184    
  0.2272727      0.2272731    
  0.2727273      0.2727277    
  0.3181818      0.3181823    
  0.3636364      0.3636369    
  0.4090909      0.4090914    
  0.4545455      0.4545461    
  0.5000000      0.5000006    
  0.5454546      0.5454552    
  0.5909091      0.5909097    
  0.6363636      0.6363643    
  0.6818182      0.6818189    
  0.7272727      0.7272733    
  0.7727273      0.7727278    
  0.8181818      0.8181823    
  0.8636364      0.8636369    
  0.9090909      0.9090912    
  0.9545454      0.9545457    
   1.000000       1.000000    
