  1.8181818E-02  1.8181818E-02
  3.6363635E-02  3.6363635E-02
  5.4545455E-02  5.4545455E-02
  7.2727270E-02  7.2727270E-02
  9.0909094E-02  9.0909086E-02
  0.1090909      0.1090909    
  0.1272727      0.1272727    
  0.1454545      0.1454545    
  0.1636364      0.1636364    
  0.1818182      0.1818182    
  0.2000000      0.2000000    
  0.2181818      0.2181818    
  0.2363636      0.2363636    
  0.2545455      0.2545455    
  0.2727273      0.2727273    
  0.2909091      0.2909091    
  0.3090909      0.3090909    
  0.3272727      0.3272727    
  0.3454545      0.3454545    
  0.3636364      0.3636363    
  0.3818182      0.3818182    
  0.4000000      0.4000000    
  0.4181818      0.4181818    
  0.4363636      0.4363636    
  0.4545455      0.4545454    
  0.4727273      0.4727273    
  0.4909091      0.4909091    
  0.5090909      0.5090909    
  0.5272727      0.5272727    
  0.5454546      0.5454545    
  0.5636364      0.5636364    
  0.5818182      0.5818182    
  0.6000000      0.6000000    
  0.6181818      0.6181818    
  0.6363636      0.6363636    
  0.6545454      0.6545454    
  0.6727273      0.6727272    
  0.6909091      0.6909091    
  0.7090909      0.7090909    
  0.7272727      0.7272727    
  0.7454545      0.7454545    
  0.7636364      0.7636364    
  0.7818182      0.7818182    
  0.8000000      0.8000000    
  0.8181818      0.8181818    
  0.8363636      0.8363636    
  0.8545455      0.8545454    
  0.8727273      0.8727273    
  0.8909091      0.8909091    
  0.9090909      0.9090909    
  0.9272727      0.9272727    
  0.9454545      0.9454545    
  0.9636363      0.9636363    
  0.9818182      0.9818182    
   1.000000       1.000000    
