  2.0000000E-02  1.999999955296516E-002
  3.9999999E-02  3.999999910593033E-002
  5.9999999E-02  5.999999865889549E-002
  7.9999998E-02  7.999999821186066E-002
  0.1000000      9.999999403953552E-002
  0.1200000      0.119999997317791     
  0.1400000      0.140000000596046     
  0.1600000      0.159999996423721     
  0.1800000      0.179999992251396     
  0.2000000      0.199999988079071     
  0.2200000      0.219999998807907     
  0.2400000      0.239999994635582     
  0.2600000      0.259999990463257     
  0.2800000      0.280000001192093     
  0.3000000      0.299999982118607     
  0.3200000      0.319999992847443     
  0.3400000      0.340000003576279     
  0.3600000      0.359999984502792     
  0.3800000      0.379999995231628     
  0.4000000      0.399999976158142     
  0.4200000      0.419999986886978     
  0.4400000      0.439999997615814     
  0.4600000      0.459999978542328     
  0.4800000      0.479999989271164     
  0.5000000      0.500000000000000     
  0.5200000      0.519999980926514     
  0.5400000      0.539999961853027     
  0.5600000      0.560000002384186     
  0.5800000      0.579999983310699     
  0.6000000      0.599999964237213     
  0.6200000      0.620000004768372     
  0.6400000      0.639999985694885     
  0.6600000      0.659999966621399     
  0.6800000      0.680000007152557     
  0.7000000      0.699999988079071     
  0.7200000      0.719999969005585     
  0.7400000      0.740000009536743     
  0.7600000      0.759999990463257     
  0.7800000      0.779999971389771     
  0.8000000      0.799999952316284     
  0.8200000      0.819999992847443     
  0.8400000      0.839999973773956     
  0.8600000      0.859999954700470     
  0.8800000      0.879999995231628     
  0.9000000      0.899999976158142     
  0.9200000      0.919999957084656     
  0.9400000      0.939999997615814     
  0.9600000      0.959999978542328     
  0.9800000      0.980000019073486     
   1.000000       1.00000000000000     
