  1.8867925E-02  0.000000000000000E+000
  3.7735850E-02  3.773584905660368E-002
  5.6603774E-02  5.660377358490553E-002
  7.5471699E-02  7.547169811320735E-002
  9.4339624E-02  9.433962264150918E-002
  0.1132075      0.113207547169811     
  0.1320755      0.132075471698113     
  0.1509434      0.150943396226415     
  0.1698113      0.169811320754717     
  0.1886792      0.188679245283018     
  0.2075472      0.207547169811320     
  0.2264151      0.226415094339622     
  0.2452830      0.245283018867924     
  0.2641509      0.264150943396226     
  0.2830189      0.283018867924528     
  0.3018868      0.301886792452830     
  0.3207547      0.320754716981131     
  0.3396226      0.339622641509433     
  0.3584906      0.358490566037735     
  0.3773585      0.377358490566037     
  0.3962264      0.396226415094339     
  0.4150943      0.415094339622641     
  0.4339623      0.433962264150943     
  0.4528302      0.452830188679245     
  0.4716981      0.471698113207547     
  0.4905660      0.490566037735848     
  0.5094340      0.509433962264151     
  0.5283019      0.528301886792452     
  0.5471698      0.547169811320754     
  0.5660377      0.566037735849056     
  0.5849057      0.584905660377358     
  0.6037736      0.603773584905660     
  0.6226415      0.622641509433962     
  0.6415094      0.641509433962264     
  0.6603774      0.660377358490566     
  0.6792453      0.679245283018867     
  0.6981132      0.698113207547169     
  0.7169811      0.716981132075471     
  0.7358491      0.735849056603773     
  0.7547170      0.754716981132075     
  0.7735849      0.773584905660377     
  0.7924528      0.792452830188679     
  0.8113208      0.811320754716981     
  0.8301887      0.830188679245283     
  0.8490566      0.849056603773585     
  0.8679245      0.867924528301887     
  0.8867925      0.886792452830189     
  0.9056604      0.905660377358491     
  0.9245283      0.924528301886793     
  0.9433962      0.943396226415095     
  0.9622642      0.962264150943397     
  0.9811321      0.981132075471698     
   1.000000       1.00000000000000     
