  1.2048192E-02  1.204819232225418090820312500000000E-0002
  2.4096385E-02  2.409638464450836181640625000000000E-0002
  3.6144577E-02  3.614457696676254272460937500000000E-0002
  4.8192769E-02  4.819276928901672363281250000000000E-0002
  6.0240965E-02  6.024096533656120300292968750000000E-0002
  7.2289154E-02  7.228915393352508544921875000000000E-0002
  8.4337346E-02  8.433734625577926635742187500000000E-0002
  9.6385539E-02  9.638553857803344726562500000000000E-0002
  0.1084337      0.108433738350868225097656250000000      
  0.1204819      0.120481930673122406005859375000000      
  0.1325301      0.132530122995376586914062500000000      
  0.1445783      0.144578307867050170898437500000000      
  0.1566265      0.156626507639884948730468750000000      
  0.1686747      0.168674692511558532714843750000000      
  0.1807229      0.180722892284393310546875000000000      
  0.1927711      0.192771077156066894531250000000000      
  0.2048193      0.204819276928901672363281250000000      
  0.2168675      0.216867476701736450195312500000000      
  0.2289157      0.228915661573410034179687500000000      
  0.2409639      0.240963861346244812011718750000000      
  0.2530121      0.253012061119079589843750000000000      
  0.2650602      0.265060245990753173828125000000000      
  0.2771084      0.277108430862426757812500000000000      
  0.2891566      0.289156615734100341796875000000000      
  0.3012048      0.301204830408096313476562500000000      
  0.3132530      0.313253015279769897460937500000000      
  0.3253012      0.325301200151443481445312500000000      
  0.3373494      0.337349385023117065429687500000000      
  0.3493976      0.349397599697113037109375000000000      
  0.3614458      0.361445784568786621093750000000000      
  0.3734940      0.373493969440460205078125000000000      
  0.3855422      0.385542154312133789062500000000000      
  0.3975904      0.397590368986129760742187500000000      
  0.4096386      0.409638553857803344726562500000000      
  0.4216867      0.421686738729476928710937500000000      
  0.4337350      0.433734953403472900390625000000000      
  0.4457831      0.445783138275146484375000000000000      
  0.4578313      0.457831323146820068359375000000000      
  0.4698795      0.469879508018493652343750000000000      
  0.4819277      0.481927722692489624023437500000000      
  0.4939759      0.493975907564163208007812500000000      
  0.5060241      0.506024122238159179687500000000000      
  0.5180723      0.518072307109832763671875000000000      
  0.5301205      0.530120491981506347656250000000000      
  0.5421687      0.542168676853179931640625000000000      
  0.5542169      0.554216861724853515625000000000000      
  0.5662650      0.566265046596527099609375000000000      
  0.5783132      0.578313231468200683593750000000000      
  0.5903614      0.590361416339874267578125000000000      
  0.6024097      0.602409660816192626953125000000000      
  0.6144578      0.614457845687866210937500000000000      
  0.6265060      0.626506030559539794921875000000000      
  0.6385542      0.638554215431213378906250000000000      
  0.6506024      0.650602400302886962890625000000000      
  0.6626506      0.662650585174560546875000000000000      
  0.6746988      0.674698770046234130859375000000000      
  0.6867470      0.686747014522552490234375000000000      
  0.6987952      0.698795199394226074218750000000000      
  0.7108434      0.710843384265899658203125000000000      
  0.7228916      0.722891569137573242187500000000000      
  0.7349398      0.734939754009246826171875000000000      
  0.7469879      0.746987938880920410156250000000000      
  0.7590361      0.759036123752593994140625000000000      
  0.7710843      0.771084308624267578125000000000000      
  0.7831326      0.783132553100585937500000000000000      
  0.7951807      0.795180737972259521484375000000000      
  0.8072289      0.807228922843933105468750000000000      
  0.8192771      0.819277107715606689453125000000000      
  0.8313253      0.831325292587280273437500000000000      
  0.8433735      0.843373477458953857421875000000000      
  0.8554217      0.855421662330627441406250000000000      
  0.8674699      0.867469906806945800781250000000000      
  0.8795181      0.879518091678619384765625000000000      
  0.8915663      0.891566276550292968750000000000000      
  0.9036145      0.903614461421966552734375000000000      
  0.9156626      0.915662646293640136718750000000000      
  0.9277108      0.927710831165313720703125000000000      
  0.9397590      0.939759016036987304687500000000000      
  0.9518072      0.951807200908660888671875000000000      
  0.9638554      0.963855445384979248046875000000000      
  0.9759036      0.975903630256652832031250000000000      
  0.9879518      0.987951815128326416015625000000000      
   1.000000       1.00000000000000000000000000000000      
