  1.0204081E-02  1.0204081E-02
  2.0408163E-02  2.0408163E-02
  3.0612245E-02  3.0612245E-02
  4.0816326E-02  4.0816326E-02
  5.1020410E-02  5.1020406E-02
  6.1224490E-02  6.1224490E-02
  7.1428575E-02  7.1428567E-02
  8.1632651E-02  8.1632651E-02
  9.1836736E-02  9.1836736E-02
  0.1020408      0.1020408    
  0.1122449      0.1122449    
  0.1224490      0.1224490    
  0.1326531      0.1326531    
  0.1428571      0.1428571    
  0.1530612      0.1530612    
  0.1632653      0.1632653    
  0.1734694      0.1734694    
  0.1836735      0.1836735    
  0.1938775      0.1938775    
  0.2040816      0.2040816    
  0.2142857      0.2142857    
  0.2244898      0.2244898    
  0.2346939      0.2346939    
  0.2448980      0.2448980    
  0.2551020      0.2551020    
  0.2653061      0.2653061    
  0.2755102      0.2755102    
  0.2857143      0.2857143    
  0.2959184      0.2959184    
  0.3061225      0.3061225    
  0.3163265      0.3163265    
  0.3265306      0.3265306    
  0.3367347      0.3367347    
  0.3469388      0.3469388    
  0.3571429      0.3571428    
  0.3673469      0.3673469    
  0.3775510      0.3775510    
  0.3877551      0.3877551    
  0.3979592      0.3979592    
  0.4081633      0.4081632    
  0.4183674      0.4183673    
  0.4285714      0.4285714    
  0.4387755      0.4387755    
  0.4489796      0.4489796    
  0.4591837      0.4591837    
  0.4693878      0.4693877    
  0.4795918      0.4795918    
  0.4897959      0.4897959    
  0.5000000      0.5000000    
  0.5102041      0.5102041    
  0.5204082      0.5204082    
  0.5306122      0.5306122    
  0.5408163      0.5408163    
  0.5510204      0.5510204    
  0.5612245      0.5612245    
  0.5714286      0.5714285    
  0.5816327      0.5816326    
  0.5918368      0.5918368    
  0.6020408      0.6020408    
  0.6122449      0.6122449    
  0.6224490      0.6224490    
  0.6326531      0.6326531    
  0.6428571      0.6428571    
  0.6530612      0.6530612    
  0.6632653      0.6632653    
  0.6734694      0.6734694    
  0.6836734      0.6836734    
  0.6938776      0.6938775    
  0.7040817      0.7040816    
  0.7142857      0.7142857    
  0.7244898      0.7244898    
  0.7346939      0.7346939    
  0.7448980      0.7448980    
  0.7551020      0.7551020    
  0.7653061      0.7653061    
  0.7755102      0.7755102    
  0.7857143      0.7857143    
  0.7959183      0.7959183    
  0.8061224      0.8061224    
  0.8163266      0.8163265    
  0.8265306      0.8265306    
  0.8367347      0.8367347    
  0.8469388      0.8469387    
  0.8571429      0.8571429    
  0.8673469      0.8673469    
  0.8775510      0.8775510    
  0.8877551      0.8877551    
  0.8979592      0.8979592    
  0.9081632      0.9081632    
  0.9183673      0.9183673    
  0.9285714      0.9285714    
  0.9387755      0.9387755    
  0.9489796      0.9489796    
  0.9591837      0.9591836    
  0.9693878      0.9693877    
  0.9795918      0.9795918    
  0.9897959      0.9897959    
   1.000000       1.000000    
