  1.0989011E-02  0.000000000000000000000000000000000E+0000
  2.1978023E-02  2.197802197802197802197802197802214E-0002
  3.2967035E-02  3.296703296703296703296703296703321E-0002
  4.3956045E-02  4.395604395604395604395604395604428E-0002
  5.4945055E-02  5.494505494505494505494505494505526E-0002
  6.5934069E-02  6.593406593406593406593406593406642E-0002
  7.6923080E-02  7.692307692307692307692307692307747E-0002
  8.7912090E-02  8.791208791208791208791208791208858E-0002
  9.8901100E-02  9.890109890109890109890109890109954E-0002
  0.1098901      0.109890109890109890109890109890111      
  0.1208791      0.120879120879120879120879120879122      
  0.1318681      0.131868131868131868131868131868133      
  0.1428571      0.142857142857142857142857142857144      
  0.1538462      0.153846153846153846153846153846155      
  0.1648352      0.164835164835164835164835164835166      
  0.1758242      0.175824175824175824175824175824177      
  0.1868132      0.186813186813186813186813186813188      
  0.1978022      0.197802197802197802197802197802199      
  0.2087912      0.208791208791208791208791208791210      
  0.2197802      0.219780219780219780219780219780221      
  0.2307692      0.230769230769230769230769230769232      
  0.2417582      0.241758241758241758241758241758243      
  0.2527473      0.252747252747252747252747252747254      
  0.2637363      0.263736263736263736263736263736265      
  0.2747253      0.274725274725274725274725274725276      
  0.2857143      0.285714285714285714285714285714287      
  0.2967033      0.296703296703296703296703296703298      
  0.3076923      0.307692307692307692307692307692310      
  0.3186813      0.318681318681318681318681318681320      
  0.3296703      0.329670329670329670329670329670331      
  0.3406594      0.340659340659340659340659340659343      
  0.3516484      0.351648351648351648351648351648354      
  0.3626374      0.362637362637362637362637362637365      
  0.3736264      0.373626373626373626373626373626376      
  0.3846154      0.384615384615384615384615384615387      
  0.3956044      0.395604395604395604395604395604398      
  0.4065934      0.406593406593406593406593406593409      
  0.4175824      0.417582417582417582417582417582420      
  0.4285714      0.428571428571428571428571428571431      
  0.4395604      0.439560439560439560439560439560442      
  0.4505495      0.450549450549450549450549450549452      
  0.4615385      0.461538461538461538461538461538464      
  0.4725275      0.472527472527472527472527472527474      
  0.4835165      0.483516483516483516483516483516485      
  0.4945055      0.494505494505494505494505494505496      
  0.5054945      0.505494505494505494505494505494507      
  0.5164835      0.516483516483516483516483516483518      
  0.5274726      0.527472527472527472527472527472529      
  0.5384616      0.538461538461538461538461538461540      
  0.5494506      0.549450549450549450549450549450552      
  0.5604396      0.560439560439560439560439560439562      
  0.5714286      0.571428571428571428571428571428573      
  0.5824176      0.582417582417582417582417582417584      
  0.5934066      0.593406593406593406593406593406595      
  0.6043956      0.604395604395604395604395604395606      
  0.6153846      0.615384615384615384615384615384617      
  0.6263736      0.626373626373626373626373626373628      
  0.6373627      0.637362637362637362637362637362639      
  0.6483517      0.648351648351648351648351648351651      
  0.6593407      0.659340659340659340659340659340662      
  0.6703297      0.670329670329670329670329670329673      
  0.6813187      0.681318681318681318681318681318684      
  0.6923077      0.692307692307692307692307692307695      
  0.7032967      0.703296703296703296703296703296706      
  0.7142857      0.714285714285714285714285714285717      
  0.7252747      0.725274725274725274725274725274728      
  0.7362638      0.736263736263736263736263736263739      
  0.7472528      0.747252747252747252747252747252750      
  0.7582418      0.758241758241758241758241758241761      
  0.7692308      0.769230769230769230769230769230772      
  0.7802198      0.780219780219780219780219780219783      
  0.7912088      0.791208791208791208791208791208794      
  0.8021978      0.802197802197802197802197802197805      
  0.8131868      0.813186813186813186813186813186816      
  0.8241758      0.824175824175824175824175824175827      
  0.8351648      0.835164835164835164835164835164838      
  0.8461539      0.846153846153846153846153846153849      
  0.8571429      0.857142857142857142857142857142860      
  0.8681319      0.868131868131868131868131868131870      
  0.8791209      0.879120879120879120879120879120881      
  0.8901099      0.890109890109890109890109890109892      
  0.9010989      0.901098901098901098901098901098903      
  0.9120879      0.912087912087912087912087912087913      
  0.9230769      0.923076923076923076923076923076924      
  0.9340659      0.934065934065934065934065934065935      
  0.9450549      0.945054945054945054945054945054946      
  0.9560440      0.956043956043956043956043956043956      
  0.9670330      0.967032967032967032967032967032967      
  0.9780220      0.978021978021978021978021978021978      
  0.9890110      0.989010989010989010989010989010989      
   1.000000       1.00000000000000000000000000000000      
