  1.3888889E-02  1.3888888E-02
  2.7777778E-02  2.7777776E-02
  4.1666668E-02  4.1666664E-02
  5.5555556E-02  5.5555552E-02
  6.9444448E-02  6.9444440E-02
  8.3333336E-02  8.3333328E-02
  9.7222224E-02  9.7222216E-02
  0.1111111      0.1111111    
  0.1250000      0.1250000    
  0.1388889      0.1388889    
  0.1527778      0.1527778    
  0.1666667      0.1666667    
  0.1805556      0.1805556    
  0.1944444      0.1944444    
  0.2083333      0.2083333    
  0.2222222      0.2222222    
  0.2361111      0.2361111    
  0.2500000      0.2500000    
  0.2638889      0.2638889    
  0.2777778      0.2777778    
  0.2916667      0.2916667    
  0.3055556      0.3055555    
  0.3194444      0.3194444    
  0.3333333      0.3333333    
  0.3472222      0.3472222    
  0.3611111      0.3611111    
  0.3750000      0.3750000    
  0.3888889      0.3888889    
  0.4027778      0.4027778    
  0.4166667      0.4166666    
  0.4305556      0.4305555    
  0.4444444      0.4444444    
  0.4583333      0.4583333    
  0.4722222      0.4722222    
  0.4861111      0.4861111    
  0.5000000      0.5000000    
  0.5138889      0.5138888    
  0.5277778      0.5277777    
  0.5416667      0.5416666    
  0.5555556      0.5555555    
  0.5694444      0.5694444    
  0.5833333      0.5833333    
  0.5972222      0.5972222    
  0.6111111      0.6111110    
  0.6250000      0.6249999    
  0.6388889      0.6388888    
  0.6527778      0.6527777    
  0.6666667      0.6666666    
  0.6805556      0.6805555    
  0.6944444      0.6944444    
  0.7083333      0.7083333    
  0.7222222      0.7222222    
  0.7361111      0.7361110    
  0.7500000      0.7499999    
  0.7638889      0.7638888    
  0.7777778      0.7777777    
  0.7916667      0.7916666    
  0.8055556      0.8055555    
  0.8194444      0.8194444    
  0.8333333      0.8333333    
  0.8472222      0.8472221    
  0.8611111      0.8611110    
  0.8750000      0.8749999    
  0.8888889      0.8888888    
  0.9027778      0.9027777    
  0.9166667      0.9166666    
  0.9305556      0.9305555    
  0.9444444      0.9444444    
  0.9583333      0.9583333    
  0.9722222      0.9722221    
  0.9861111      0.9861110    
   1.000000      0.9999999    
