  5.2631579E-02  5.2631576E-02
  0.1052632      0.1052632    
  0.1578947      0.1578947    
  0.2105263      0.2105263    
  0.2631579      0.2631579    
  0.3157895      0.3157895    
  0.3684210      0.3684210    
  0.4210526      0.4210526    
  0.4736842      0.4736842    
  0.5263158      0.5263157    
  0.5789474      0.5789473    
  0.6315789      0.6315789    
  0.6842105      0.6842105    
  0.7368421      0.7368420    
  0.7894737      0.7894737    
  0.8421053      0.8421052    
  0.8947368      0.8947368    
  0.9473684      0.9473684    
   1.000000       1.000000    
