  3.9999999E-02  3.999999910593032836914062500000000E-0002
  7.9999998E-02  7.999999821186065673828125000000000E-0002
  0.1200000      0.119999997317790985107421875000000      
  0.1600000      0.159999996423721313476562500000000      
  0.2000000      0.200000002980232238769531250000000      
  0.2400000      0.239999994635581970214843750000000      
  0.2800000      0.280000001192092895507812500000000      
  0.3200000      0.319999992847442626953125000000000      
  0.3600000      0.360000014305114746093750000000000      
  0.4000000      0.400000005960464477539062500000000      
  0.4400000      0.439999997615814208984375000000000      
  0.4800000      0.479999989271163940429687500000000      
  0.5200000      0.519999980926513671875000000000000      
  0.5600000      0.560000002384185791015625000000000      
  0.6000000      0.600000023841857910156250000000000      
  0.6400000      0.639999985694885253906250000000000      
  0.6800000      0.680000007152557373046875000000000      
  0.7200000      0.720000028610229492187500000000000      
  0.7600000      0.759999990463256835937500000000000      
  0.8000000      0.800000011920928955078125000000000      
  0.8400000      0.839999973773956298828125000000000      
  0.8800000      0.879999995231628417968750000000000      
  0.9200000      0.920000016689300537109375000000000      
  0.9600000      0.959999978542327880859375000000000      
   1.000000       1.00000000000000000000000000000000      
