  1.5873017E-02  1.5873015E-02
  3.1746034E-02  3.1746030E-02
  4.7619049E-02  4.7619045E-02
  6.3492067E-02  6.3492060E-02
  7.9365082E-02  7.9365075E-02
  9.5238097E-02  9.5238090E-02
  0.1111111      0.1111111    
  0.1269841      0.1269841    
  0.1428571      0.1428571    
  0.1587302      0.1587301    
  0.1746032      0.1746032    
  0.1904762      0.1904762    
  0.2063492      0.2063492    
  0.2222222      0.2222222    
  0.2380952      0.2380952    
  0.2539683      0.2539682    
  0.2698413      0.2698413    
  0.2857143      0.2857143    
  0.3015873      0.3015873    
  0.3174603      0.3174603    
  0.3333333      0.3333333    
  0.3492064      0.3492063    
  0.3650794      0.3650793    
  0.3809524      0.3809524    
  0.3968254      0.3968254    
  0.4126984      0.4126984    
  0.4285714      0.4285714    
  0.4444444      0.4444444    
  0.4603175      0.4603174    
  0.4761905      0.4761904    
  0.4920635      0.4920635    
  0.5079365      0.5079365    
  0.5238096      0.5238095    
  0.5396826      0.5396825    
  0.5555556      0.5555555    
  0.5714286      0.5714285    
  0.5873016      0.5873016    
  0.6031746      0.6031746    
  0.6190476      0.6190476    
  0.6349207      0.6349206    
  0.6507937      0.6507936    
  0.6666667      0.6666666    
  0.6825397      0.6825396    
  0.6984127      0.6984127    
  0.7142857      0.7142857    
  0.7301587      0.7301587    
  0.7460318      0.7460317    
  0.7619048      0.7619047    
  0.7777778      0.7777777    
  0.7936508      0.7936507    
  0.8095238      0.8095238    
  0.8253968      0.8253968    
  0.8412699      0.8412698    
  0.8571429      0.8571428    
  0.8730159      0.8730158    
  0.8888889      0.8888888    
  0.9047619      0.9047619    
  0.9206349      0.9206349    
  0.9365079      0.9365079    
  0.9523810      0.9523809    
  0.9682540      0.9682540    
  0.9841270      0.9841270    
   1.000000       1.000000    
