  9.9999998E-03  9.999999776482488E-003
  2.0000000E-02  1.999999955296494E-002
  2.9999999E-02  2.999999932944746E-002
  3.9999999E-02  3.999999910592988E-002
  5.0000001E-02  4.999999701976734E-002
  5.9999999E-02  5.999999865889492E-002
  7.0000000E-02  7.000000029802256E-002
  7.9999998E-02  7.999999821185977E-002
  9.0000004E-02  8.999999612569726E-002
  0.1000000      9.999999403953468E-002
  0.1100000      0.109999999403953     
  0.1200000      0.119999997317790     
  0.1300000      0.129999995231627     
  0.1400000      0.140000000596045     
  0.1500000      0.149999991059302     
  0.1600000      0.159999996423720     
  0.1700000      0.170000001788138     
  0.1800000      0.179999992251395     
  0.1900000      0.189999997615813     
  0.2000000      0.199999988079069     
  0.2100000      0.209999993443487     
  0.2200000      0.219999998807905     
  0.2300000      0.229999989271162     
  0.2400000      0.239999994635580     
  0.2500000      0.249999999999998     
  0.2600000      0.259999990463255     
  0.2700000      0.269999980926512     
  0.2800000      0.280000001192091     
  0.2900000      0.289999991655348     
  0.3000000      0.299999982118605     
  0.3100000      0.310000002384184     
  0.3200000      0.319999992847441     
  0.3300000      0.329999983310697     
  0.3400000      0.340000003576276     
  0.3500000      0.349999994039533     
  0.3600000      0.359999984502790     
  0.3700000      0.370000004768369     
  0.3800000      0.379999995231626     
  0.3900000      0.389999985694883     
  0.4000000      0.399999976158139     
  0.4100000      0.409999996423719     
  0.4200000      0.419999986886975     
  0.4300000      0.429999977350232     
  0.4400000      0.439999997615811     
  0.4500000      0.449999988079068     
  0.4600000      0.459999978542325     
  0.4700000      0.469999998807904     
  0.4800000      0.479999989271161     
  0.4900000      0.489999979734418     
  0.5000000      0.499999999999997     
  0.5100000      0.509999990463254     
  0.5200000      0.519999980926510     
  0.5300000      0.529999971389767     
  0.5400000      0.539999961853024     
  0.5500000      0.550000011920926     
  0.5600000      0.560000002384183     
  0.5700000      0.569999992847440     
  0.5800000      0.579999983310697     
  0.5900000      0.589999973773953     
  0.6000000      0.599999964237210     
  0.6100000      0.610000014305112     
  0.6200000      0.620000004768369     
  0.6300000      0.629999995231626     
  0.6400000      0.639999985694883     
  0.6500000      0.649999976158139     
  0.6600000      0.659999966621396     
  0.6700000      0.669999957084653     
  0.6800000      0.680000007152555     
  0.6900000      0.689999997615811     
  0.7000000      0.699999988079068     
  0.7100000      0.709999978542325     
  0.7200000      0.719999969005582     
  0.7300000      0.729999959468839     
  0.7400000      0.740000009536740     
  0.7500000      0.749999999999997     
  0.7600000      0.759999990463254     
  0.7700000      0.769999980926511     
  0.7800000      0.779999971389768     
  0.7900000      0.789999961853024     
  0.8000000      0.799999952316282     
  0.8100000      0.810000002384183     
  0.8200000      0.819999992847440     
  0.8300000      0.829999983310697     
  0.8400000      0.839999973773954     
  0.8500000      0.849999964237211     
  0.8600000      0.859999954700468     
  0.8700000      0.870000004768370     
  0.8800000      0.879999995231627     
  0.8900000      0.889999985694884     
  0.9000000      0.899999976158141     
  0.9100000      0.909999966621398     
  0.9200000      0.919999957084655     
  0.9300000      0.930000007152557     
  0.9400000      0.939999997615814     
  0.9500000      0.949999988079071     
  0.9600000      0.959999978542328     
  0.9700000      0.969999969005584     
  0.9800000      0.979999959468841     
  0.9900000      0.989999949932098     
   1.000000       1.00000000000000     
