  3.8461540E-02  3.846153989434242248535156250000000E-0002
  7.6923080E-02  7.692307978868484497070312500000000E-0002
  0.1153846      0.115384615957736968994140625000000      
  0.1538462      0.153846159577369689941406250000000      
  0.1923077      0.192307695746421813964843750000000      
  0.2307692      0.230769231915473937988281250000000      
  0.2692308      0.269230782985687255859375000000000      
  0.3076923      0.307692319154739379882812500000000      
  0.3461539      0.346153855323791503906250000000000      
  0.3846154      0.384615391492843627929687500000000      
  0.4230769      0.423076927661895751953125000000000      
  0.4615385      0.461538463830947875976562500000000      
  0.5000000      0.500000000000000000000000000000000      
  0.5384616      0.538461565971374511718750000000000      
  0.5769231      0.576923072338104248046875000000000      
  0.6153846      0.615384638309478759765625000000000      
  0.6538461      0.653846144676208496093750000000000      
  0.6923077      0.692307710647583007812500000000000      
  0.7307692      0.730769217014312744140625000000000      
  0.7692308      0.769230782985687255859375000000000      
  0.8076923      0.807692289352416992187500000000000      
  0.8461539      0.846153855323791503906250000000000      
  0.8846154      0.884615361690521240234375000000000      
  0.9230769      0.923076927661895751953125000000000      
  0.9615384      0.961538434028625488281250000000000      
   1.000000       1.00000000000000000000000000000000      
