  2.0408163E-02  0.000000000000000000000000000000000E+0000
  4.0816326E-02  4.081632653061224489795918367346956E-0002
  6.1224490E-02  6.122448979591836734693877551020432E-0002
  8.1632651E-02  8.163265306122448979591836734693911E-0002
  0.1020408      0.102040816326530612244897959183674      
  0.1224490      0.122448979591836734693877551020409      
  0.1428571      0.142857142857142857142857142857143      
  0.1632653      0.163265306122448979591836734693878      
  0.1836735      0.183673469387755102040816326530613      
  0.2040816      0.204081632653061224489795918367348      
  0.2244898      0.224489795918367346938775510204083      
  0.2448980      0.244897959183673469387755102040817      
  0.2653061      0.265306122448979591836734693877552      
  0.2857143      0.285714285714285714285714285714287      
  0.3061225      0.306122448979591836734693877551021      
  0.3265306      0.326530612244897959183673469387756      
  0.3469388      0.346938775510204081632653061224491      
  0.3673469      0.367346938775510204081632653061226      
  0.3877551      0.387755102040816326530612244897960      
  0.4081633      0.408163265306122448979591836734695      
  0.4285714      0.428571428571428571428571428571430      
  0.4489796      0.448979591836734693877551020408165      
  0.4693878      0.469387755102040816326530612244899      
  0.4897959      0.489795918367346938775510204081634      
  0.5102041      0.510204081632653061224489795918369      
  0.5306122      0.530612244897959183673469387755103      
  0.5510204      0.551020408163265306122448979591838      
  0.5714286      0.571428571428571428571428571428572      
  0.5918368      0.591836734693877551020408163265307      
  0.6122449      0.612244897959183673469387755102041      
  0.6326531      0.632653061224489795918367346938776      
  0.6530612      0.653061224489795918367346938775510      
  0.6734694      0.673469387755102040816326530612245      
  0.6938776      0.693877551020408163265306122448979      
  0.7142857      0.714285714285714285714285714285714      
  0.7346939      0.734693877551020408163265306122449      
  0.7551020      0.755102040816326530612244897959183      
  0.7755102      0.775510204081632653061224489795918      
  0.7959183      0.795918367346938775510204081632653      
  0.8163266      0.816326530612244897959183673469387      
  0.8367347      0.836734693877551020408163265306122      
  0.8571429      0.857142857142857142857142857142857      
  0.8775510      0.877551020408163265306122448979591      
  0.8979592      0.897959183673469387755102040816326      
  0.9183673      0.918367346938775510204081632653061      
  0.9387755      0.938775510204081632653061224489796      
  0.9591837      0.959183673469387755102040816326530      
  0.9795918      0.979591836734693877551020408163265      
   1.000000       1.00000000000000000000000000000000      
