  1.5873017E-02  0.000000000000000E+000
  3.1746034E-02  3.174603174603169E-002
  4.7619049E-02  4.761904761904750E-002
  6.3492067E-02  6.349206349206338E-002
  7.9365082E-02  7.936507936507915E-002
  9.5238097E-02  9.523809523809497E-002
  0.1111111      0.111111111111111     
  0.1269841      0.126984126984127     
  0.1428571      0.142857142857142     
  0.1587302      0.158730158730158     
  0.1746032      0.174603174603174     
  0.1904762      0.190476190476190     
  0.2063492      0.206349206349206     
  0.2222222      0.222222222222221     
  0.2380952      0.238095238095237     
  0.2539683      0.253968253968253     
  0.2698413      0.269841269841269     
  0.2857143      0.285714285714285     
  0.3015873      0.301587301587301     
  0.3174603      0.317460317460317     
  0.3333333      0.333333333333332     
  0.3492064      0.349206349206348     
  0.3650794      0.365079365079364     
  0.3809524      0.380952380952380     
  0.3968254      0.396825396825396     
  0.4126984      0.412698412698411     
  0.4285714      0.428571428571427     
  0.4444444      0.444444444444443     
  0.4603175      0.460317460317459     
  0.4761905      0.476190476190475     
  0.4920635      0.492063492063491     
  0.5079365      0.507936507936507     
  0.5238096      0.523809523809523     
  0.5396826      0.539682539682539     
  0.5555556      0.555555555555554     
  0.5714286      0.571428571428570     
  0.5873016      0.587301587301586     
  0.6031746      0.603174603174602     
  0.6190476      0.619047619047618     
  0.6349207      0.634920634920634     
  0.6507937      0.650793650793649     
  0.6666667      0.666666666666665     
  0.6825397      0.682539682539681     
  0.6984127      0.698412698412697     
  0.7142857      0.714285714285713     
  0.7301587      0.730158730158729     
  0.7460318      0.746031746031745     
  0.7619048      0.761904761904761     
  0.7777778      0.777777777777777     
  0.7936508      0.793650793650793     
  0.8095238      0.809523809523809     
  0.8253968      0.825396825396824     
  0.8412699      0.841269841269840     
  0.8571429      0.857142857142856     
  0.8730159      0.873015873015872     
  0.8888889      0.888888888888889     
  0.9047619      0.904761904761905     
  0.9206349      0.920634920634920     
  0.9365079      0.936507936507937     
  0.9523810      0.952380952380952     
  0.9682540      0.968253968253968     
  0.9841270      0.984126984126984     
   1.000000       1.00000000000000     
