  1.3157895E-02  0.000000000000000000000000000000000E+0000
  2.6315790E-02  2.631578947368421052631578947368413E-0002
  3.9473683E-02  3.947368421052631578947368421052621E-0002
  5.2631579E-02  5.263157894736842105263157894736825E-0002
  6.5789476E-02  6.578947368421052631578947368421031E-0002
  7.8947365E-02  7.894736842105263157894736842105241E-0002
  9.2105262E-02  9.210526315789473684210526315789448E-0002
  0.1052632      0.105263157894736842105263157894737      
  0.1184211      0.118421052631578947368421052631579      
  0.1315790      0.131578947368421052631578947368421      
  0.1447368      0.144736842105263157894736842105263      
  0.1578947      0.157894736842105263157894736842105      
  0.1710526      0.171052631578947368421052631578947      
  0.1842105      0.184210526315789473684210526315789      
  0.1973684      0.197368421052631578947368421052631      
  0.2105263      0.210526315789473684210526315789473      
  0.2236842      0.223684210526315789473684210526315      
  0.2368421      0.236842105263157894736842105263157      
  0.2500000      0.249999999999999999999999999999999      
  0.2631579      0.263157894736842105263157894736841      
  0.2763158      0.276315789473684210526315789473683      
  0.2894737      0.289473684210526315789473684210526      
  0.3026316      0.302631578947368421052631578947368      
  0.3157895      0.315789473684210526315789473684210      
  0.3289474      0.328947368421052631578947368421052      
  0.3421053      0.342105263157894736842105263157894      
  0.3552631      0.355263157894736842105263157894736      
  0.3684210      0.368421052631578947368421052631578      
  0.3815790      0.381578947368421052631578947368420      
  0.3947369      0.394736842105263157894736842105262      
  0.4078947      0.407894736842105263157894736842104      
  0.4210526      0.421052631578947368421052631578946      
  0.4342105      0.434210526315789473684210526315788      
  0.4473684      0.447368421052631578947368421052630      
  0.4605263      0.460526315789473684210526315789472      
  0.4736842      0.473684210526315789473684210526315      
  0.4868421      0.486842105263157894736842105263157      
  0.5000000      0.499999999999999999999999999999999      
  0.5131579      0.513157894736842105263157894736841      
  0.5263158      0.526315789473684210526315789473683      
  0.5394737      0.539473684210526315789473684210525      
  0.5526316      0.552631578947368421052631578947367      
  0.5657895      0.565789473684210526315789473684210      
  0.5789474      0.578947368421052631578947368421052      
  0.5921053      0.592105263157894736842105263157894      
  0.6052632      0.605263157894736842105263157894736      
  0.6184211      0.618421052631578947368421052631578      
  0.6315789      0.631578947368421052631578947368420      
  0.6447368      0.644736842105263157894736842105262      
  0.6578947      0.657894736842105263157894736842104      
  0.6710526      0.671052631578947368421052631578947      
  0.6842105      0.684210526315789473684210526315789      
  0.6973684      0.697368421052631578947368421052631      
  0.7105263      0.710526315789473684210526315789473      
  0.7236842      0.723684210526315789473684210526315      
  0.7368421      0.736842105263157894736842105263158      
  0.7500000      0.750000000000000000000000000000000      
  0.7631579      0.763157894736842105263157894736842      
  0.7763158      0.776315789473684210526315789473684      
  0.7894737      0.789473684210526315789473684210526      
  0.8026316      0.802631578947368421052631578947368      
  0.8157895      0.815789473684210526315789473684210      
  0.8289474      0.828947368421052631578947368421052      
  0.8421053      0.842105263157894736842105263157894      
  0.8552632      0.855263157894736842105263157894736      
  0.8684211      0.868421052631578947368421052631578      
  0.8815789      0.881578947368421052631578947368420      
  0.8947368      0.894736842105263157894736842105262      
  0.9078947      0.907894736842105263157894736842104      
  0.9210526      0.921052631578947368421052631578946      
  0.9342105      0.934210526315789473684210526315789      
  0.9473684      0.947368421052631578947368421052631      
  0.9605263      0.960526315789473684210526315789473      
  0.9736842      0.973684210526315789473684210526315      
  0.9868421      0.986842105263157894736842105263158      
   1.000000       1.00000000000000000000000000000000      
