  1.1764706E-02  0.000000000000000E+000
  2.3529412E-02  2.352941176470597E-002
  3.5294119E-02  3.529411764705892E-002
  4.7058824E-02  4.705882352941193E-002
  5.8823530E-02  5.882352941176490E-002
  7.0588239E-02  7.058823529411783E-002
  8.2352944E-02  8.235294117647085E-002
  9.4117649E-02  9.411764705882379E-002
  0.1058824      0.105882352941177     
  0.1176471      0.117647058823530     
  0.1294118      0.129411764705883     
  0.1411765      0.141176470588236     
  0.1529412      0.152941176470589     
  0.1647059      0.164705882352942     
  0.1764706      0.176470588235295     
  0.1882353      0.188235294117648     
  0.2000000      0.200000000000001     
  0.2117647      0.211764705882354     
  0.2235294      0.223529411764707     
  0.2352941      0.235294117647060     
  0.2470588      0.247058823529413     
  0.2588235      0.258823529411766     
  0.2705882      0.270588235294119     
  0.2823530      0.282352941176472     
  0.2941177      0.294117647058825     
  0.3058824      0.305882352941178     
  0.3176471      0.317647058823531     
  0.3294118      0.329411764705884     
  0.3411765      0.341176470588236     
  0.3529412      0.352941176470590     
  0.3647059      0.364705882352943     
  0.3764706      0.376470588235296     
  0.3882353      0.388235294117649     
  0.4000000      0.400000000000002     
  0.4117647      0.411764705882355     
  0.4235294      0.423529411764707     
  0.4352941      0.435294117647061     
  0.4470588      0.447058823529413     
  0.4588235      0.458823529411766     
  0.4705882      0.470588235294119     
  0.4823529      0.482352941176472     
  0.4941176      0.494117647058825     
  0.5058824      0.505882352941178     
  0.5176471      0.517647058823532     
  0.5294118      0.529411764705884     
  0.5411765      0.541176470588237     
  0.5529412      0.552941176470591     
  0.5647059      0.564705882352943     
  0.5764706      0.576470588235296     
  0.5882353      0.588235294117649     
  0.6000000      0.600000000000002     
  0.6117647      0.611764705882355     
  0.6235294      0.623529411764708     
  0.6352941      0.635294117647061     
  0.6470588      0.647058823529414     
  0.6588235      0.658823529411767     
  0.6705883      0.670588235294120     
  0.6823530      0.682352941176473     
  0.6941177      0.694117647058826     
  0.7058824      0.705882352941179     
  0.7176471      0.717647058823532     
  0.7294118      0.729411764705885     
  0.7411765      0.741176470588238     
  0.7529412      0.752941176470591     
  0.7647059      0.764705882352944     
  0.7764706      0.776470588235296     
  0.7882353      0.788235294117649     
  0.8000000      0.800000000000003     
  0.8117647      0.811764705882355     
  0.8235294      0.823529411764708     
  0.8352941      0.835294117647061     
  0.8470588      0.847058823529414     
  0.8588235      0.858823529411767     
  0.8705882      0.870588235294120     
  0.8823529      0.882352941176472     
  0.8941177      0.894117647058825     
  0.9058824      0.905882352941178     
  0.9176471      0.917647058823531     
  0.9294118      0.929411764705883     
  0.9411765      0.941176470588236     
  0.9529412      0.952941176470589     
  0.9647059      0.964705882352942     
  0.9764706      0.976470588235295     
  0.9882353      0.988235294117647     
   1.000000       1.00000000000000     
