  2.4999999E-03  0.0000000E+00
  4.9999999E-03  0.0000000E+00
  7.4999998E-03  0.0000000E+00
  9.9999998E-03  1.0005468E-02
  1.2500000E-02  1.2506838E-02
  1.5000000E-02  1.5008202E-02
  1.7500000E-02  1.7509567E-02
  2.0000000E-02  2.0010924E-02
  2.2500001E-02  2.2512317E-02
  2.5000000E-02  2.5013676E-02
  2.7500000E-02  2.7515059E-02
  2.9999999E-02  3.0016404E-02
  3.2499999E-02  3.2517746E-02
  3.5000000E-02  3.5019133E-02
  3.7500001E-02  3.7520494E-02
  3.9999999E-02  4.0021848E-02
  4.2500000E-02  4.2523205E-02
  4.5000002E-02  4.5024592E-02
  4.7499999E-02  4.7525913E-02
  5.0000001E-02  5.0027326E-02
  5.2499998E-02  5.2528743E-02
  5.5000000E-02  5.5030085E-02
  5.7500001E-02  5.7531435E-02
  5.9999999E-02  6.0032781E-02
  6.2500000E-02  6.2534161E-02
  6.4999998E-02  6.5035477E-02
  6.7500003E-02  6.7536965E-02
  7.0000000E-02  7.0038252E-02
  7.2499998E-02  7.2539620E-02
  7.5000003E-02  7.5040974E-02
  7.7500001E-02  7.7542387E-02
  7.9999998E-02  8.0043696E-02
  8.2500003E-02  8.2545005E-02
  8.5000001E-02  8.5046411E-02
  8.7499999E-02  8.7547794E-02
  9.0000004E-02  9.0049252E-02
  9.2500001E-02  9.2550516E-02
  9.4999999E-02  9.5051885E-02
  9.7499996E-02  9.7553156E-02
  0.1000000      0.1000547    
  0.1025000      0.1025561    
  0.1050000      0.1050575    
  0.1075000      0.1075588    
  0.1100000      0.1100602    
  0.1125000      0.1125616    
  0.1150000      0.1150630    
  0.1175000      0.1175642    
  0.1200000      0.1200656    
  0.1225000      0.1225669    
  0.1250000      0.1250684    
  0.1275000      0.1275698    
  0.1300000      0.1300710    
  0.1325000      0.1325725    
  0.1350000      0.1350739    
  0.1375000      0.1375750    
  0.1400000      0.1400765    
  0.1425000      0.1425779    
  0.1450000      0.1450792    
  0.1475000      0.1475805    
  0.1500000      0.1500819    
  0.1525000      0.1525831    
  0.1550000      0.1550845    
  0.1575000      0.1575857    
  0.1600000      0.1600872    
  0.1625000      0.1625883    
  0.1650000      0.1650895    
  0.1675000      0.1675909    
  0.1700000      0.1700922    
  0.1725000      0.1725935    
  0.1750000      0.1750947    
  0.1775000      0.1775961    
  0.1800000      0.1800973    
  0.1825000      0.1825988    
  0.1850000      0.1851001    
  0.1875000      0.1876013    
  0.1900000      0.1901026    
  0.1925000      0.1926040    
  0.1950000      0.1951053    
  0.1975000      0.1976065    
  0.2000000      0.2001078    
  0.2025000      0.2026091    
  0.2050000      0.2051105    
  0.2075000      0.2076117    
  0.2100000      0.2101129    
  0.2125000      0.2126141    
  0.2150000      0.2151152    
  0.2175000      0.2176165    
  0.2200000      0.2201175    
  0.2225000      0.2226189    
  0.2250000      0.2251200    
  0.2275000      0.2276215    
  0.2300000      0.2301226    
  0.2325000      0.2326237    
  0.2350000      0.2351251    
  0.2375000      0.2376260    
  0.2400000      0.2401275    
  0.2425000      0.2426286    
  0.2450000      0.2451299    
  0.2475000      0.2476310    
  0.2500000      0.2501320    
  0.2525000      0.2526334    
  0.2550000      0.2551345    
  0.2575000      0.2576357    
  0.2600000      0.2601368    
  0.2625000      0.2626378    
  0.2650000      0.2651392    
  0.2675000      0.2676403    
  0.2700000      0.2701412    
  0.2725000      0.2726424    
  0.2750000      0.2751435    
  0.2775000      0.2776448    
  0.2800000      0.2801458    
  0.2825000      0.2826469    
  0.2850000      0.2851479    
  0.2875000      0.2876490    
  0.2900000      0.2901503    
  0.2925000      0.2926513    
  0.2950000      0.2951523    
  0.2975000      0.2976535    
  0.3000000      0.3001546    
  0.3025000      0.3026555    
  0.3050000      0.3051569    
  0.3075000      0.3076580    
  0.3100000      0.3101589    
  0.3125000      0.3126601    
  0.3150000      0.3151610    
  0.3175000      0.3176623    
  0.3200000      0.3201629    
  0.3225000      0.3226643    
  0.3250000      0.3251652    
  0.3275000      0.3276661    
  0.3300000      0.3301673    
  0.3325000      0.3326685    
  0.3350000      0.3351696    
  0.3375000      0.3376708    
  0.3400000      0.3401717    
  0.3425000      0.3426730    
  0.3450000      0.3451742    
  0.3475000      0.3476749    
  0.3500000      0.3501761    
  0.3525000      0.3526771    
  0.3550000      0.3551783    
  0.3575000      0.3576791    
  0.3600000      0.3601801    
  0.3625000      0.3626810    
  0.3650000      0.3651822    
  0.3675000      0.3676831    
  0.3700000      0.3701842    
  0.3725000      0.3726853    
  0.3750000      0.3751863    
  0.3775000      0.3776873    
  0.3800000      0.3801881    
  0.3825000      0.3826892    
  0.3850000      0.3851901    
  0.3875000      0.3876913    
  0.3900000      0.3901917    
  0.3925000      0.3926932    
  0.3950000      0.3951940    
  0.3975000      0.3976946    
  0.4000000      0.4001954    
  0.4025000      0.4026964    
  0.4050000      0.4051974    
  0.4075000      0.4076984    
  0.4100000      0.4101994    
  0.4125000      0.4127000    
  0.4150000      0.4152008    
  0.4175000      0.4177015    
  0.4200000      0.4202026    
  0.4225000      0.4227033    
  0.4250000      0.4252039    
  0.4275000      0.4277046    
  0.4300000      0.4302055    
  0.4325000      0.4327061    
  0.4350000      0.4352069    
  0.4375000      0.4377079    
  0.4400000      0.4402083    
  0.4425000      0.4427092    
  0.4450000      0.4452099    
  0.4475000      0.4477103    
  0.4500000      0.4502115    
  0.4525000      0.4527119    
  0.4550000      0.4552127    
  0.4575000      0.4577127    
  0.4600000      0.4602137    
  0.4625000      0.4627140    
  0.4650000      0.4652150    
  0.4675000      0.4677156    
  0.4700000      0.4702162    
  0.4725000      0.4727169    
  0.4750000      0.4752173    
  0.4775000      0.4777179    
  0.4800000      0.4802184    
  0.4825000      0.4827190    
  0.4850000      0.4852195    
  0.4875000      0.4877204    
  0.4900000      0.4902208    
  0.4925000      0.4927211    
  0.4950000      0.4952217    
  0.4975000      0.4977225    
  0.5000000      0.5002227    
  0.5025000      0.5027230    
  0.5050000      0.5052238    
  0.5075000      0.5077243    
  0.5100000      0.5102245    
  0.5125000      0.5127252    
  0.5150000      0.5152254    
  0.5175000      0.5177259    
  0.5200000      0.5202259    
  0.5225000      0.5227267    
  0.5250000      0.5252271    
  0.5275000      0.5277274    
  0.5300000      0.5302277    
  0.5325000      0.5327283    
  0.5350000      0.5352287    
  0.5375000      0.5377287    
  0.5400000      0.5402292    
  0.5425000      0.5427292    
  0.5450000      0.5452295    
  0.5475000      0.5477296    
  0.5500000      0.5502303    
  0.5525000      0.5527301    
  0.5550000      0.5552306    
  0.5575000      0.5577303    
  0.5600000      0.5602309    
  0.5625000      0.5627308    
  0.5650000      0.5652307    
  0.5675000      0.5677312    
  0.5700000      0.5702311    
  0.5725000      0.5727311    
  0.5750000      0.5752311    
  0.5775000      0.5777318    
  0.5800000      0.5802318    
  0.5825000      0.5827315    
  0.5850000      0.5852317    
  0.5875000      0.5877317    
  0.5900000      0.5902316    
  0.5925000      0.5927318    
  0.5950000      0.5952314    
  0.5975000      0.5977315    
  0.6000000      0.6002313    
  0.6025000      0.6027313    
  0.6050000      0.6052316    
  0.6075000      0.6077313    
  0.6100000      0.6102313    
  0.6125000      0.6127311    
  0.6150000      0.6152311    
  0.6175000      0.6177306    
  0.6200000      0.6202309    
  0.6225000      0.6227307    
  0.6250000      0.6252303    
  0.6275000      0.6277303    
  0.6300000      0.6302302    
  0.6325000      0.6327296    
  0.6350000      0.6352297    
  0.6375000      0.6377292    
  0.6400000      0.6402289    
  0.6425000      0.6427284    
  0.6450000      0.6452284    
  0.6475000      0.6477280    
  0.6500000      0.6502274    
  0.6525000      0.6527268    
  0.6550000      0.6552268    
  0.6575000      0.6577265    
  0.6600000      0.6602257    
  0.6625000      0.6627254    
  0.6650000      0.6652247    
  0.6675000      0.6677247    
  0.6700000      0.6702239    
  0.6725000      0.6727236    
  0.6750000      0.6752231    
  0.6775000      0.6777223    
  0.6800000      0.6802215    
  0.6825000      0.6827212    
  0.6850000      0.6852204    
  0.6875000      0.6877196    
  0.6900000      0.6902187    
  0.6925000      0.6927181    
  0.6950000      0.6952173    
  0.6975000      0.6977165    
  0.7000000      0.7002155    
  0.7025000      0.7027147    
  0.7050000      0.7052140    
  0.7075000      0.7077131    
  0.7100000      0.7102122    
  0.7125000      0.7127113    
  0.7150000      0.7152109    
  0.7175000      0.7177097    
  0.7200000      0.7202088    
  0.7225000      0.7227078    
  0.7250000      0.7252069    
  0.7275000      0.7277060    
  0.7300000      0.7302052    
  0.7325000      0.7327041    
  0.7350000      0.7352031    
  0.7375000      0.7377023    
  0.7400000      0.7402012    
  0.7425000      0.7427002    
  0.7450000      0.7451991    
  0.7475000      0.7476982    
  0.7500000      0.7501972    
  0.7525000      0.7526960    
  0.7550000      0.7551948    
  0.7575000      0.7576938    
  0.7600000      0.7601924    
  0.7625000      0.7626913    
  0.7650000      0.7651899    
  0.7675000      0.7676888    
  0.7700000      0.7701874    
  0.7725000      0.7726866    
  0.7750000      0.7751849    
  0.7775000      0.7776840    
  0.7800000      0.7801829    
  0.7825000      0.7826816    
  0.7850000      0.7851802    
  0.7875000      0.7876790    
  0.7900000      0.7901774    
  0.7925000      0.7926764    
  0.7950000      0.7951748    
  0.7975000      0.7976736    
  0.8000000      0.8001719    
  0.8025000      0.8026701    
  0.8050000      0.8051692    
  0.8075000      0.8076674    
  0.8100000      0.8101661    
  0.8125000      0.8126644    
  0.8150000      0.8151628    
  0.8175000      0.8176614    
  0.8200000      0.8201601    
  0.8225000      0.8226584    
  0.8250000      0.8251568    
  0.8275000      0.8276552    
  0.8300000      0.8301537    
  0.8325000      0.8326520    
  0.8350000      0.8351503    
  0.8375000      0.8376485    
  0.8400000      0.8401468    
  0.8425000      0.8426450    
  0.8450000      0.8451433    
  0.8475000      0.8476416    
  0.8500000      0.8501398    
  0.8525000      0.8526379    
  0.8550000      0.8551361    
  0.8575000      0.8576345    
  0.8600000      0.8601326    
  0.8625000      0.8626306    
  0.8650000      0.8651290    
  0.8675000      0.8676273    
  0.8700000      0.8701251    
  0.8725000      0.8726233    
  0.8750000      0.8751218    
  0.8775000      0.8776195    
  0.8800000      0.8801173    
  0.8825000      0.8826153    
  0.8850000      0.8851135    
  0.8875000      0.8876113    
  0.8900000      0.8901094    
  0.8925000      0.8926072    
  0.8950000      0.8951049    
  0.8975000      0.8976030    
  0.9000000      0.9001010    
  0.9025000      0.9025987    
  0.9050000      0.9050968    
  0.9075000      0.9075947    
  0.9100000      0.9100924    
  0.9125000      0.9125903    
  0.9150000      0.9150883    
  0.9175000      0.9175860    
  0.9200000      0.9200838    
  0.9225000      0.9225814    
  0.9250000      0.9250789    
  0.9275000      0.9275765    
  0.9300000      0.9300743    
  0.9325000      0.9325717    
  0.9350000      0.9350694    
  0.9375000      0.9375671    
  0.9400000      0.9400646    
  0.9425000      0.9425620    
  0.9450000      0.9450595    
  0.9475000      0.9475573    
  0.9500000      0.9500549    
  0.9525000      0.9525523    
  0.9550000      0.9550500    
  0.9575000      0.9575475    
  0.9600000      0.9600451    
  0.9625000      0.9625424    
  0.9650000      0.9650402    
  0.9675000      0.9675376    
  0.9700000      0.9700352    
  0.9725000      0.9725325    
  0.9750000      0.9750299    
  0.9775000      0.9775274    
  0.9800000      0.9800248    
  0.9825000      0.9825220    
  0.9850000      0.9850193    
  0.9875000      0.9875166    
  0.9900000      0.9900139    
  0.9925000      0.9925112    
  0.9950000      0.9950085    
  0.9975000      0.9975057    
   1.000000       1.000003    
