  1.4705882E-02  1.470588240772485733032226562500000E-0002
  2.9411765E-02  2.941176481544971466064453125000000E-0002
  4.4117648E-02  4.411764815449714660644531250000000E-0002
  5.8823530E-02  5.882352963089942932128906250000000E-0002
  7.3529415E-02  7.352941483259201049804687500000000E-0002
  8.8235296E-02  8.823529630899429321289062500000000E-0002
  0.1029412      0.102941177785396575927734375000000      
  0.1176471      0.117647059261798858642578125000000      
  0.1323529      0.132352948188781738281250000000000      
  0.1470588      0.147058829665184020996093750000000      
  0.1617647      0.161764711141586303710937500000000      
  0.1764706      0.176470592617988586425781250000000      
  0.1911765      0.191176474094390869140625000000000      
  0.2058824      0.205882355570793151855468750000000      
  0.2205882      0.220588237047195434570312500000000      
  0.2352941      0.235294118523597717285156250000000      
  0.2500000      0.250000000000000000000000000000000      
  0.2647059      0.264705896377563476562500000000000      
  0.2794118      0.279411762952804565429687500000000      
  0.2941177      0.294117659330368041992187500000000      
  0.3088235      0.308823525905609130859375000000000      
  0.3235294      0.323529422283172607421875000000000      
  0.3382353      0.338235288858413696289062500000000      
  0.3529412      0.352941185235977172851562500000000      
  0.3676471      0.367647051811218261718750000000000      
  0.3823529      0.382352948188781738281250000000000      
  0.3970588      0.397058814764022827148437500000000      
  0.4117647      0.411764711141586303710937500000000      
  0.4264706      0.426470577716827392578125000000000      
  0.4411765      0.441176474094390869140625000000000      
  0.4558823      0.455882340669631958007812500000000      
  0.4705882      0.470588237047195434570312500000000      
  0.4852941      0.485294103622436523437500000000000      
  0.5000000      0.500000000000000000000000000000000      
  0.5147059      0.514705896377563476562500000000000      
  0.5294118      0.529411792755126953125000000000000      
  0.5441176      0.544117629528045654296875000000000      
  0.5588235      0.558823525905609130859375000000000      
  0.5735294      0.573529422283172607421875000000000      
  0.5882353      0.588235318660736083984375000000000      
  0.6029412      0.602941155433654785156250000000000      
  0.6176471      0.617647051811218261718750000000000      
  0.6323529      0.632352948188781738281250000000000      
  0.6470588      0.647058844566345214843750000000000      
  0.6617647      0.661764681339263916015625000000000      
  0.6764706      0.676470577716827392578125000000000      
  0.6911765      0.691176474094390869140625000000000      
  0.7058824      0.705882370471954345703125000000000      
  0.7205882      0.720588207244873046875000000000000      
  0.7352941      0.735294103622436523437500000000000      
  0.7500000      0.750000000000000000000000000000000      
  0.7647059      0.764705896377563476562500000000000      
  0.7794118      0.779411792755126953125000000000000      
  0.7941176      0.794117629528045654296875000000000      
  0.8088235      0.808823525905609130859375000000000      
  0.8235294      0.823529422283172607421875000000000      
  0.8382353      0.838235318660736083984375000000000      
  0.8529412      0.852941155433654785156250000000000      
  0.8676471      0.867647051811218261718750000000000      
  0.8823529      0.882352948188781738281250000000000      
  0.8970588      0.897058844566345214843750000000000      
  0.9117647      0.911764681339263916015625000000000      
  0.9264706      0.926470577716827392578125000000000      
  0.9411765      0.941176474094390869140625000000000      
  0.9558824      0.955882370471954345703125000000000      
  0.9705882      0.970588207244873046875000000000000      
  0.9852941      0.985294103622436523437500000000000      
   1.000000       1.00000000000000000000000000000000      
