  2.6315790E-02  2.631578966975212097167968750000000E-0002
  5.2631579E-02  5.263157933950424194335937500000000E-0002
  7.8947365E-02  7.894736528396606445312500000000000E-0002
  0.1052632      0.105263158679008483886718750000000      
  0.1315790      0.131578952074050903320312500000000      
  0.1578947      0.157894730567932128906250000000000      
  0.1842105      0.184210523962974548339843750000000      
  0.2105263      0.210526317358016967773437500000000      
  0.2368421      0.236842110753059387207031250000000      
  0.2631579      0.263157904148101806640625000000000      
  0.2894737      0.289473682641983032226562500000000      
  0.3157895      0.315789461135864257812500000000000      
  0.3421053      0.342105269432067871093750000000000      
  0.3684210      0.368421047925949096679687500000000      
  0.3947369      0.394736856222152709960937500000000      
  0.4210526      0.421052634716033935546875000000000      
  0.4473684      0.447368413209915161132812500000000      
  0.4736842      0.473684221506118774414062500000000      
  0.5000000      0.500000000000000000000000000000000      
  0.5263158      0.526315808296203613281250000000000      
  0.5526316      0.552631556987762451171875000000000      
  0.5789474      0.578947365283966064453125000000000      
  0.6052632      0.605263173580169677734375000000000      
  0.6315789      0.631578922271728515625000000000000      
  0.6578947      0.657894730567932128906250000000000      
  0.6842105      0.684210538864135742187500000000000      
  0.7105263      0.710526287555694580078125000000000      
  0.7368421      0.736842095851898193359375000000000      
  0.7631579      0.763157904148101806640625000000000      
  0.7894737      0.789473712444305419921875000000000      
  0.8157895      0.815789461135864257812500000000000      
  0.8421053      0.842105269432067871093750000000000      
  0.8684211      0.868421077728271484375000000000000      
  0.8947368      0.894736826419830322265625000000000      
  0.9210526      0.921052634716033935546875000000000      
  0.9473684      0.947368443012237548828125000000000      
  0.9736842      0.973684191703796386718750000000000      
   1.000000       1.00000000000000000000000000000000      
