  3.1250000E-02  3.124999813735485E-002
  6.2500000E-02  6.249999627470970E-002
  9.3750000E-02  9.374999254941940E-002
  0.1250000      0.124999992549419     
  0.1562500      0.156249985098839     
  0.1875000      0.187499985098839     
  0.2187500      0.218749985098839     
  0.2500000      0.249999985098839     
  0.2812500      0.281249970197678     
  0.3125000      0.312499970197678     
  0.3437500      0.343749970197678     
  0.3750000      0.374999970197678     
  0.4062500      0.406249970197678     
  0.4375000      0.437499970197678     
  0.4687500      0.468749970197678     
  0.5000000      0.499999970197678     
  0.5312500      0.531249940395355     
  0.5625000      0.562499940395355     
  0.5937500      0.593749940395355     
  0.6250000      0.624999940395355     
  0.6562500      0.656249940395355     
  0.6875000      0.687499940395355     
  0.7187500      0.718749940395355     
  0.7500000      0.749999940395355     
  0.7812500      0.781249940395355     
  0.8125000      0.812499940395355     
  0.8437500      0.843749940395355     
  0.8750000      0.874999940395355     
  0.9062500      0.906249940395355     
  0.9375000      0.937499940395355     
  0.9687500      0.968749940395355     
   1.000000      0.999999940395355     
