  2.8571429E-02  0.0000000E+00
  5.7142857E-02  5.7143062E-02
  8.5714288E-02  8.5714594E-02
  0.1142857      0.1142861    
  0.1428571      0.1428576    
  0.1714286      0.1714291    
  0.2000000      0.2000006    
  0.2285714      0.2285722    
  0.2571429      0.2571437    
  0.2857143      0.2857152    
  0.3142857      0.3142867    
  0.3428572      0.3428581    
  0.3714286      0.3714298    
  0.4000000      0.4000012    
  0.4285714      0.4285728    
  0.4571429      0.4571443    
  0.4857143      0.4857157    
  0.5142857      0.5142872    
  0.5428572      0.5428585    
  0.5714286      0.5714299    
  0.6000000      0.6000014    
  0.6285715      0.6285728    
  0.6571429      0.6571441    
  0.6857143      0.6857156    
  0.7142857      0.7142868    
  0.7428572      0.7428583    
  0.7714286      0.7714296    
  0.8000000      0.8000009    
  0.8285714      0.8285723    
  0.8571429      0.8571436    
  0.8857143      0.8857150    
  0.9142857      0.9142864    
  0.9428571      0.9428576    
  0.9714286      0.9714289    
   1.000000       1.000000    
