  1.1235955E-02  0.000000000000000000000000000000000E+0000
  2.2471910E-02  2.247191011235955056179775280898875E-0002
  3.3707865E-02  3.370786516853932584269662921348317E-0002
  4.4943821E-02  4.494382022471910112359550561797751E-0002
  5.6179777E-02  5.617977528089887640449438202247190E-0002
  6.7415729E-02  6.741573033707865168539325842696634E-0002
  7.8651689E-02  7.865168539325842696629213483146069E-0002
  8.9887641E-02  8.988764044943820224719101123595510E-0002
  0.1011236      0.101123595505617977528089887640449      
  0.1123596      0.112359550561797752808988764044944      
  0.1235955      0.123595505617977528089887640449438      
  0.1348315      0.134831460674157303370786516853933      
  0.1460674      0.146067415730337078651685393258427      
  0.1573034      0.157303370786516853932584269662922      
  0.1685393      0.168539325842696629213483146067416      
  0.1797753      0.179775280898876404494382022471911      
  0.1910112      0.191011235955056179775280898876405      
  0.2022472      0.202247191011235955056179775280899      
  0.2134831      0.213483146067415730337078651685394      
  0.2247191      0.224719101123595505617977528089889      
  0.2359551      0.235955056179775280898876404494383      
  0.2471910      0.247191011235955056179775280898877      
  0.2584270      0.258426966292134831460674157303372      
  0.2696629      0.269662921348314606741573033707866      
  0.2808989      0.280898876404494382022471910112361      
  0.2921348      0.292134831460674157303370786516855      
  0.3033708      0.303370786516853932584269662921350      
  0.3146068      0.314606741573033707865168539325844      
  0.3258427      0.325842696629213483146067415730339      
  0.3370787      0.337078651685393258426966292134833      
  0.3483146      0.348314606741573033707865168539328      
  0.3595506      0.359550561797752808988764044943822      
  0.3707865      0.370786516853932584269662921348316      
  0.3820225      0.382022471910112359550561797752811      
  0.3932584      0.393258426966292134831460674157305      
  0.4044944      0.404494382022471910112359550561800      
  0.4157303      0.415730337078651685393258426966294      
  0.4269663      0.426966292134831460674157303370788      
  0.4382023      0.438202247191011235955056179775283      
  0.4494382      0.449438202247191011235955056179777      
  0.4606742      0.460674157303370786516853932584272      
  0.4719101      0.471910112359550561797752808988766      
  0.4831461      0.483146067415730337078651685393261      
  0.4943820      0.494382022471910112359550561797755      
  0.5056180      0.505617977528089887640449438202249      
  0.5168539      0.516853932584269662921348314606744      
  0.5280899      0.528089887640449438202247191011238      
  0.5393258      0.539325842696629213483146067415732      
  0.5505618      0.550561797752808988764044943820227      
  0.5617977      0.561797752808988764044943820224722      
  0.5730337      0.573033707865168539325842696629216      
  0.5842696      0.584269662921348314606741573033710      
  0.5955056      0.595505617977528089887640449438205      
  0.6067415      0.606741573033707865168539325842699      
  0.6179775      0.617977528089887640449438202247194      
  0.6292135      0.629213483146067415730337078651688      
  0.6404495      0.640449438202247191011235955056183      
  0.6516854      0.651685393258426966292134831460677      
  0.6629214      0.662921348314606741573033707865171      
  0.6741573      0.674157303370786516853932584269666      
  0.6853933      0.685393258426966292134831460674160      
  0.6966292      0.696629213483146067415730337078655      
  0.7078652      0.707865168539325842696629213483150      
  0.7191011      0.719101123595505617977528089887644      
  0.7303371      0.730337078651685393258426966292138      
  0.7415730      0.741573033707865168539325842696633      
  0.7528090      0.752808988764044943820224719101127      
  0.7640449      0.764044943820224719101123595505621      
  0.7752809      0.775280898876404494382022471910116      
  0.7865168      0.786516853932584269662921348314610      
  0.7977528      0.797752808988764044943820224719104      
  0.8089887      0.808988764044943820224719101123598      
  0.8202247      0.820224719101123595505617977528093      
  0.8314607      0.831460674157303370786516853932587      
  0.8426966      0.842696629213483146067415730337081      
  0.8539326      0.853932584269662921348314606741576      
  0.8651685      0.865168539325842696629213483146070      
  0.8764045      0.876404494382022471910112359550564      
  0.8876405      0.887640449438202247191011235955059      
  0.8988764      0.898876404494382022471910112359553      
  0.9101124      0.910112359550561797752808988764047      
  0.9213483      0.921348314606741573033707865168541      
  0.9325843      0.932584269662921348314606741573035      
  0.9438202      0.943820224719101123595505617977530      
  0.9550562      0.955056179775280898876404494382024      
  0.9662921      0.966292134831460674157303370786518      
  0.9775281      0.977528089887640449438202247191012      
  0.9887640      0.988764044943820224719101123595506      
   1.000000       1.00000000000000000000000000000000      
