  2.5000000E-02  2.4999999E-02
  5.0000001E-02  4.9999997E-02
  7.5000003E-02  7.4999996E-02
  0.1000000      0.1000000    
  0.1250000      0.1250000    
  0.1500000      0.1500000    
  0.1750000      0.1750000    
  0.2000000      0.2000000    
  0.2250000      0.2250000    
  0.2500000      0.2500000    
  0.2750000      0.2750000    
  0.3000000      0.3000000    
  0.3250000      0.3250000    
  0.3500000      0.3500000    
  0.3750000      0.3750000    
  0.4000000      0.4000000    
  0.4250000      0.4250000    
  0.4500000      0.4500000    
  0.4750000      0.4750000    
  0.5000000      0.5000000    
  0.5250000      0.5250000    
  0.5500000      0.5500000    
  0.5750000      0.5750000    
  0.6000000      0.6000000    
  0.6250000      0.6249999    
  0.6500000      0.6500000    
  0.6750000      0.6750000    
  0.7000000      0.6999999    
  0.7250000      0.7250000    
  0.7500000      0.7499999    
  0.7750000      0.7750000    
  0.8000000      0.8000000    
  0.8250000      0.8249999    
  0.8500000      0.8500000    
  0.8750000      0.8749999    
  0.9000000      0.9000000    
  0.9250000      0.9250000    
  0.9500000      0.9499999    
  0.9750000      0.9750000    
   1.000000      0.9999999    
