  1.2820513E-02  0.0000000E+00
  2.5641026E-02  2.5641469E-02
  3.8461540E-02  3.8462214E-02
  5.1282052E-02  5.1282939E-02
  6.4102568E-02  6.4103685E-02
  7.6923080E-02  7.6924428E-02
  8.9743592E-02  8.9745201E-02
  0.1025641      0.1025659    
  0.1153846      0.1153866    
  0.1282051      0.1282073    
  0.1410256      0.1410280    
  0.1538462      0.1538487    
  0.1666667      0.1666694    
  0.1794872      0.1794901    
  0.1923077      0.1923110    
  0.2051282      0.2051316    
  0.2179487      0.2179523    
  0.2307692      0.2307729    
  0.2435897      0.2435936    
  0.2564103      0.2564144    
  0.2692308      0.2692350    
  0.2820513      0.2820558    
  0.2948718      0.2948763    
  0.3076923      0.3076970    
  0.3205128      0.3205177    
  0.3333333      0.3333384    
  0.3461539      0.3461590    
  0.3589744      0.3589797    
  0.3717949      0.3718004    
  0.3846154      0.3846212    
  0.3974359      0.3974418    
  0.4102564      0.4102624    
  0.4230769      0.4230830    
  0.4358974      0.4359036    
  0.4487180      0.4487243    
  0.4615385      0.4615448    
  0.4743590      0.4743654    
  0.4871795      0.4871861    
  0.5000000      0.5000067    
  0.5128205      0.5128274    
  0.5256410      0.5256478    
  0.5384616      0.5384682    
  0.5512820      0.5512889    
  0.5641026      0.5641094    
  0.5769231      0.5769300    
  0.5897436      0.5897506    
  0.6025641      0.6025709    
  0.6153846      0.6153914    
  0.6282051      0.6282122    
  0.6410257      0.6410325    
  0.6538461      0.6538529    
  0.6666667      0.6666734    
  0.6794872      0.6794937    
  0.6923077      0.6923143    
  0.7051282      0.7051346    
  0.7179487      0.7179552    
  0.7307692      0.7307755    
  0.7435898      0.7435958    
  0.7564102      0.7564163    
  0.7692308      0.7692364    
  0.7820513      0.7820568    
  0.7948718      0.7948772    
  0.8076923      0.8076975    
  0.8205128      0.8205177    
  0.8333333      0.8333378    
  0.8461539      0.8461581    
  0.8589743      0.8589785    
  0.8717949      0.8717985    
  0.8846154      0.8846188    
  0.8974359      0.8974390    
  0.9102564      0.9102592    
  0.9230769      0.9230795    
  0.9358974      0.9358995    
  0.9487180      0.9487199    
  0.9615384      0.9615400    
  0.9743590      0.9743601    
  0.9871795      0.9871803    
   1.000000       1.000000    
