  1.1235955E-02  1.123595517128705978393554687500000E-0002
  2.2471910E-02  2.247191034257411956787109375000000E-0002
  3.3707865E-02  3.370786458253860473632812500000000E-0002
  4.4943821E-02  4.494382068514823913574218750000000E-0002
  5.6179777E-02  5.617977678775787353515625000000000E-0002
  6.7415729E-02  6.741572916507720947265625000000000E-0002
  7.8651689E-02  7.865168899297714233398437500000000E-0002
  8.9887641E-02  8.988764137029647827148437500000000E-0002
  0.1011236      0.101123593747615814208984375000000      
  0.1123596      0.112359553575515747070312500000000      
  0.1235955      0.123595505952835083007812500000000      
  0.1348315      0.134831458330154418945312500000000      
  0.1460674      0.146067410707473754882812500000000      
  0.1573034      0.157303377985954284667968750000000      
  0.1685393      0.168539330363273620605468750000000      
  0.1797753      0.179775282740592956542968750000000      
  0.1910112      0.191011235117912292480468750000000      
  0.2022472      0.202247187495231628417968750000000      
  0.2134831      0.213483139872550964355468750000000      
  0.2247191      0.224719107151031494140625000000000      
  0.2359551      0.235955059528350830078125000000000      
  0.2471910      0.247191011905670166015625000000000      
  0.2584270      0.258426964282989501953125000000000      
  0.2696629      0.269662916660308837890625000000000      
  0.2808989      0.280898869037628173828125000000000      
  0.2921348      0.292134821414947509765625000000000      
  0.3033708      0.303370773792266845703125000000000      
  0.3146068      0.314606755971908569335937500000000      
  0.3258427      0.325842708349227905273437500000000      
  0.3370787      0.337078660726547241210937500000000      
  0.3483146      0.348314613103866577148437500000000      
  0.3595506      0.359550565481185913085937500000000      
  0.3707865      0.370786517858505249023437500000000      
  0.3820225      0.382022470235824584960937500000000      
  0.3932584      0.393258422613143920898437500000000      
  0.4044944      0.404494374990463256835937500000000      
  0.4157303      0.415730327367782592773437500000000      
  0.4269663      0.426966279745101928710937500000000      
  0.4382023      0.438202261924743652343750000000000      
  0.4494382      0.449438214302062988281250000000000      
  0.4606742      0.460674166679382324218750000000000      
  0.4719101      0.471910119056701660156250000000000      
  0.4831461      0.483146071434020996093750000000000      
  0.4943820      0.494382023811340332031250000000000      
  0.5056180      0.505617976188659667968750000000000      
  0.5168539      0.516853928565979003906250000000000      
  0.5280899      0.528089880943298339843750000000000      
  0.5393258      0.539325833320617675781250000000000      
  0.5505618      0.550561785697937011718750000000000      
  0.5617977      0.561797738075256347656250000000000      
  0.5730337      0.573033690452575683593750000000000      
  0.5842696      0.584269642829895019531250000000000      
  0.5955056      0.595505595207214355468750000000000      
  0.6067415      0.606741547584533691406250000000000      
  0.6179775      0.617977499961853027343750000000000      
  0.6292135      0.629213511943817138671875000000000      
  0.6404495      0.640449464321136474609375000000000      
  0.6516854      0.651685416698455810546875000000000      
  0.6629214      0.662921369075775146484375000000000      
  0.6741573      0.674157321453094482421875000000000      
  0.6853933      0.685393273830413818359375000000000      
  0.6966292      0.696629226207733154296875000000000      
  0.7078652      0.707865178585052490234375000000000      
  0.7191011      0.719101130962371826171875000000000      
  0.7303371      0.730337083339691162109375000000000      
  0.7415730      0.741573035717010498046875000000000      
  0.7528090      0.752808988094329833984375000000000      
  0.7640449      0.764044940471649169921875000000000      
  0.7752809      0.775280892848968505859375000000000      
  0.7865168      0.786516845226287841796875000000000      
  0.7977528      0.797752797603607177734375000000000      
  0.8089887      0.808988749980926513671875000000000      
  0.8202247      0.820224702358245849609375000000000      
  0.8314607      0.831460654735565185546875000000000      
  0.8426966      0.842696607112884521484375000000000      
  0.8539326      0.853932559490203857421875000000000      
  0.8651685      0.865168511867523193359375000000000      
  0.8764045      0.876404523849487304687500000000000      
  0.8876405      0.887640476226806640625000000000000      
  0.8988764      0.898876428604125976562500000000000      
  0.9101124      0.910112380981445312500000000000000      
  0.9213483      0.921348333358764648437500000000000      
  0.9325843      0.932584285736083984375000000000000      
  0.9438202      0.943820238113403320312500000000000      
  0.9550562      0.955056190490722656250000000000000      
  0.9662921      0.966292142868041992187500000000000      
  0.9775281      0.977528095245361328125000000000000      
  0.9887640      0.988764047622680664062500000000000      
   1.000000       1.00000000000000000000000000000000      
