  1.5384615E-02  1.538461446762085E-002
  3.0769231E-02  3.076922893524170E-002
  4.6153847E-02  4.615384340286255E-002
  6.1538462E-02  6.153845787048340E-002
  7.6923080E-02  7.692307233810425E-002
  9.2307694E-02  9.230768680572510E-002
  0.1076923      0.107692301273346     
  0.1230769      0.123076915740967     
  0.1384615      0.138461530208588     
  0.1538462      0.153846144676208     
  0.1692308      0.169230759143829     
  0.1846154      0.184615373611450     
  0.2000000      0.199999988079071     
  0.2153846      0.215384602546692     
  0.2307692      0.230769217014313     
  0.2461538      0.246153831481934     
  0.2615385      0.261538445949554     
  0.2769231      0.276923060417175     
  0.2923077      0.292307674884796     
  0.3076923      0.307692289352417     
  0.3230769      0.323076903820038     
  0.3384615      0.338461518287659     
  0.3538462      0.353846132755280     
  0.3692308      0.369230747222900     
  0.3846154      0.384615361690521     
  0.4000000      0.399999976158142     
  0.4153846      0.415384590625763     
  0.4307692      0.430769205093384     
  0.4461538      0.446153819561005     
  0.4615385      0.461538434028625     
  0.4769231      0.476923048496246     
  0.4923077      0.492307662963867     
  0.5076923      0.507692277431488     
  0.5230770      0.523076891899109     
  0.5384616      0.538461506366730     
  0.5538462      0.553846120834351     
  0.5692308      0.569230735301971     
  0.5846154      0.584615349769592     
  0.6000000      0.599999964237213     
  0.6153846      0.615384578704834     
  0.6307693      0.630769193172455     
  0.6461539      0.646153807640076     
  0.6615385      0.661538422107697     
  0.6769231      0.676923036575317     
  0.6923077      0.692307651042938     
  0.7076923      0.707692265510559     
  0.7230769      0.723076879978180     
  0.7384616      0.738461494445801     
  0.7538462      0.753846108913422     
  0.7692308      0.769230723381042     
  0.7846154      0.784615337848663     
  0.8000000      0.799999952316284     
  0.8153846      0.815384566783905     
  0.8307692      0.830769181251526     
  0.8461539      0.846153795719147     
  0.8615385      0.861538410186768     
  0.8769231      0.876923024654388     
  0.8923077      0.892307639122009     
  0.9076923      0.907692253589630     
  0.9230769      0.923076868057251     
  0.9384615      0.938461482524872     
  0.9538462      0.953846096992493     
  0.9692308      0.969230711460114     
  0.9846154      0.984615325927734     
   1.000000       1.00000000000000     
