  5.2631579E-02  5.263157561421394E-002
  0.1052632      0.105263151228428     
  0.1578947      0.157894730567932     
  0.2105263      0.210526302456856     
  0.2631579      0.263157874345779     
  0.3157895      0.315789461135864     
  0.3684210      0.368421018123627     
  0.4210526      0.421052604913712     
  0.4736842      0.473684191703796     
  0.5263158      0.526315748691559     
  0.5789474      0.578947305679321     
  0.6315789      0.631578922271729     
  0.6842105      0.684210479259491     
  0.7368421      0.736842036247253     
  0.7894737      0.789473652839661     
  0.8421053      0.842105209827423     
  0.8947368      0.894736826419830     
  0.9473684      0.947368443012238     
   1.000000       1.00000000000000     
