  2.8571429E-02  0.000000000000000E+000
  5.7142857E-02  5.714285714285714E-002
  8.5714288E-02  8.571428571428572E-002
  0.1142857      0.114285714285714     
  0.1428571      0.142857142857143     
  0.1714286      0.171428571428571     
  0.2000000      0.200000000000000     
  0.2285714      0.228571428571429     
  0.2571429      0.257142857142857     
  0.2857143      0.285714285714286     
  0.3142857      0.314285714285714     
  0.3428572      0.342857142857143     
  0.3714286      0.371428571428571     
  0.4000000      0.400000000000000     
  0.4285714      0.428571428571429     
  0.4571429      0.457142857142858     
  0.4857143      0.485714285714286     
  0.5142857      0.514285714285715     
  0.5428572      0.542857142857143     
  0.5714286      0.571428571428572     
  0.6000000      0.600000000000000     
  0.6285715      0.628571428571429     
  0.6571429      0.657142857142858     
  0.6857143      0.685714285714286     
  0.7142857      0.714285714285715     
  0.7428572      0.742857142857143     
  0.7714286      0.771428571428572     
  0.8000000      0.800000000000000     
  0.8285714      0.828571428571429     
  0.8571429      0.857142857142857     
  0.8857143      0.885714285714286     
  0.9142857      0.914285714285714     
  0.9428571      0.942857142857143     
  0.9714286      0.971428571428571     
   1.000000       1.00000000000000     
