  1.1904762E-02  0.0000000E+00
  2.3809524E-02  2.3809856E-02
  3.5714287E-02  3.5714790E-02
  4.7619049E-02  4.7619712E-02
  5.9523810E-02  5.9524611E-02
  7.1428575E-02  7.1429573E-02
  8.3333336E-02  8.3334491E-02
  9.5238097E-02  9.5239386E-02
  0.1071429      0.1071443    
  0.1190476      0.1190492    
  0.1309524      0.1309542    
  0.1428571      0.1428591    
  0.1547619      0.1547641    
  0.1666667      0.1666690    
  0.1785714      0.1785739    
  0.1904762      0.1904787    
  0.2023810      0.2023836    
  0.2142857      0.2142886    
  0.2261905      0.2261936    
  0.2380952      0.2380984    
  0.2500000      0.2500034    
  0.2619048      0.2619084    
  0.2738095      0.2738132    
  0.2857143      0.2857182    
  0.2976190      0.2976230    
  0.3095238      0.3095279    
  0.3214286      0.3214329    
  0.3333333      0.3333377    
  0.3452381      0.3452426    
  0.3571429      0.3571475    
  0.3690476      0.3690523    
  0.3809524      0.3809571    
  0.3928571      0.3928618    
  0.4047619      0.4047667    
  0.4166667      0.4166715    
  0.4285714      0.4285764    
  0.4404762      0.4404812    
  0.4523810      0.4523860    
  0.4642857      0.4642909    
  0.4761905      0.4761956    
  0.4880952      0.4881003    
  0.5000000      0.5000052    
  0.5119048      0.5119098    
  0.5238096      0.5238146    
  0.5357143      0.5357193    
  0.5476190      0.5476238    
  0.5595238      0.5595286    
  0.5714286      0.5714333    
  0.5833333      0.5833379    
  0.5952381      0.5952427    
  0.6071429      0.6071472    
  0.6190476      0.6190516    
  0.6309524      0.6309566    
  0.6428571      0.6428612    
  0.6547619      0.6547658    
  0.6666667      0.6666706    
  0.6785714      0.6785752    
  0.6904762      0.6904798    
  0.7023810      0.7023844    
  0.7142857      0.7142890    
  0.7261904      0.7261939    
  0.7380952      0.7380983    
  0.7500000      0.7500031    
  0.7619048      0.7619077    
  0.7738096      0.7738123    
  0.7857143      0.7857170    
  0.7976190      0.7976217    
  0.8095238      0.8095260    
  0.8214286      0.8214309    
  0.8333333      0.8333356    
  0.8452381      0.8452401    
  0.8571429      0.8571450    
  0.8690476      0.8690496    
  0.8809524      0.8809543    
  0.8928571      0.8928588    
  0.9047619      0.9047635    
  0.9166667      0.9166681    
  0.9285714      0.9285728    
  0.9404762      0.9404774    
  0.9523810      0.9523820    
  0.9642857      0.9642866    
  0.9761904      0.9761912    
  0.9880952      0.9880957    
   1.000000       1.000000    
