  1.1363637E-02  1.136363577097654E-002
  2.2727273E-02  2.272727154195309E-002
  3.4090910E-02  3.409090638160706E-002
  4.5454547E-02  4.545454308390617E-002
  5.6818184E-02  5.681817978620529E-002
  6.8181820E-02  6.818181276321411E-002
  7.9545453E-02  7.954545319080353E-002
  9.0909094E-02  9.090908616781235E-002
  0.1022727      0.102272719144821     
  0.1136364      0.113636359572411     
  0.1250000      0.124999992549419     
  0.1363636      0.136363625526428     
  0.1477273      0.147727265954018     
  0.1590909      0.159090906381607     
  0.1704545      0.170454531908035     
  0.1818182      0.181818172335625     
  0.1931818      0.193181812763214     
  0.2045455      0.204545438289642     
  0.2159091      0.215909078717232     
  0.2272727      0.227272719144821     
  0.2386364      0.238636344671249     
  0.2500000      0.249999985098839     
  0.2613636      0.261363625526428     
  0.2727273      0.272727251052856     
  0.2840909      0.284090906381607     
  0.2954545      0.295454531908035     
  0.3068182      0.306818157434464     
  0.3181818      0.318181812763214     
  0.3295455      0.329545438289642     
  0.3409091      0.340909063816071     
  0.3522727      0.352272719144821     
  0.3636364      0.363636344671249     
  0.3750000      0.374999970197678     
  0.3863636      0.386363625526428     
  0.3977273      0.397727251052856     
  0.4090909      0.409090876579285     
  0.4204545      0.420454531908035     
  0.4318182      0.431818157434464     
  0.4431818      0.443181782960892     
  0.4545455      0.454545438289642     
  0.4659091      0.465909063816071     
  0.4772727      0.477272689342499     
  0.4886364      0.488636344671249     
  0.5000000      0.499999970197678     
  0.5113636      0.511363625526428     
  0.5227273      0.522727251052856     
  0.5340909      0.534090876579285     
  0.5454546      0.545454502105713     
  0.5568182      0.556818127632141     
  0.5681818      0.568181812763214     
  0.5795454      0.579545438289642     
  0.5909091      0.590909063816071     
  0.6022727      0.602272689342499     
  0.6136364      0.613636314868927     
  0.6250000      0.624999940395355     
  0.6363636      0.636363625526428     
  0.6477273      0.647727251052856     
  0.6590909      0.659090876579285     
  0.6704546      0.670454502105713     
  0.6818182      0.681818127632141     
  0.6931818      0.693181753158569     
  0.7045454      0.704545438289642     
  0.7159091      0.715909063816071     
  0.7272727      0.727272689342499     
  0.7386364      0.738636314868927     
  0.7500000      0.749999940395355     
  0.7613636      0.761363625526428     
  0.7727273      0.772727251052856     
  0.7840909      0.784090876579285     
  0.7954546      0.795454502105713     
  0.8068182      0.806818127632141     
  0.8181818      0.818181753158569     
  0.8295454      0.829545438289642     
  0.8409091      0.840909063816071     
  0.8522727      0.852272689342499     
  0.8636364      0.863636314868927     
  0.8750000      0.874999940395355     
  0.8863636      0.886363565921783     
  0.8977273      0.897727251052856     
  0.9090909      0.909090876579285     
  0.9204546      0.920454502105713     
  0.9318182      0.931818127632141     
  0.9431818      0.943181753158569     
  0.9545454      0.954545378684998     
  0.9659091      0.965909063816071     
  0.9772727      0.977272689342499     
  0.9886364      0.988636314868927     
   1.000000      0.999999940395355     
