  1.0000000E-03  1.000000000000347E-003
  2.0000001E-03  2.000000000000699E-003
  3.0000000E-03  3.000000000001051E-003
  4.0000002E-03  4.000000000001403E-003
  4.9999999E-03  5.000000000001750E-003
  6.0000001E-03  6.000000000002103E-003
  7.0000002E-03  7.000000000002444E-003
  8.0000004E-03  8.000000000002797E-003
  8.9999996E-03  9.000000000003127E-003
  9.9999998E-03  1.000000000000349E-002
  1.1000000E-02  1.100000000000382E-002
  1.2000000E-02  1.200000000000421E-002
  1.3000000E-02  1.300000000000451E-002
  1.4000000E-02  1.400000000000489E-002
  1.5000000E-02  1.500000000000525E-002
  1.6000001E-02  1.600000000000559E-002
  1.7000001E-02  1.700000000000591E-002
  1.7999999E-02  1.800000000000625E-002
  1.8999999E-02  1.900000000000658E-002
  2.0000000E-02  2.000000000000699E-002
  2.1000000E-02  2.100000000000736E-002
  2.2000000E-02  2.200000000000763E-002
  2.3000000E-02  2.300000000000805E-002
  2.4000000E-02  2.400000000000841E-002
  2.5000000E-02  2.500000000000874E-002
  2.6000001E-02  2.600000000000904E-002
  2.7000001E-02  2.700000000000936E-002
  2.8000001E-02  2.800000000000979E-002
  2.8999999E-02  2.900000000001003E-002
  2.9999999E-02  3.000000000001050E-002
  3.0999999E-02  3.100000000001081E-002
  3.2000002E-02  3.200000000001124E-002
  3.3000000E-02  3.300000000001142E-002
  3.4000002E-02  3.400000000001182E-002
  3.5000000E-02  3.500000000001215E-002
  3.5999998E-02  3.600000000001252E-002
  3.7000000E-02  3.700000000001308E-002
  3.7999999E-02  3.800000000001316E-002
  3.9000001E-02  3.900000000001365E-002
  3.9999999E-02  4.000000000001400E-002
  4.1000001E-02  4.100000000001435E-002
  4.1999999E-02  4.200000000001472E-002
  4.3000001E-02  4.300000000001502E-002
  4.4000000E-02  4.400000000001519E-002
  4.5000002E-02  4.500000000001569E-002
  4.6000000E-02  4.600000000001600E-002
  4.6999998E-02  4.700000000001636E-002
  4.8000000E-02  4.800000000001678E-002
  4.8999999E-02  4.900000000001688E-002
  5.0000001E-02  5.000000000001747E-002
  5.0999999E-02  5.100000000001775E-002
  5.2000001E-02  5.200000000001796E-002
  5.2999999E-02  5.300000000001837E-002
  5.4000001E-02  5.400000000001860E-002
  5.5000000E-02  5.500000000001901E-002
  5.6000002E-02  5.600000000001937E-002
  5.7000000E-02  5.700000000001976E-002
  5.7999998E-02  5.800000000001993E-002
  5.9000000E-02  5.900000000002039E-002
  5.9999999E-02  6.000000000002085E-002
  6.1000001E-02  6.100000000002101E-002
  6.1999999E-02  6.200000000002150E-002
  6.3000001E-02  6.300000000002159E-002
  6.4000003E-02  6.400000000002212E-002
  6.4999998E-02  6.500000000002239E-002
  6.6000000E-02  6.600000000002262E-002
  6.7000002E-02  6.700000000002318E-002
  6.8000004E-02  6.800000000002347E-002
  6.8999998E-02  6.900000000002389E-002
  7.0000000E-02  7.000000000002386E-002
  7.1000002E-02  7.100000000002435E-002
  7.1999997E-02  7.200000000002464E-002
  7.2999999E-02  7.300000000002493E-002
  7.4000001E-02  7.400000000002568E-002
  7.5000003E-02  7.500000000002570E-002
  7.5999998E-02  7.600000000002591E-002
  7.7000000E-02  7.700000000002633E-002
  7.8000002E-02  7.800000000002662E-002
  7.9000004E-02  7.900000000002724E-002
  7.9999998E-02  8.000000000002726E-002
  8.1000000E-02  8.100000000002769E-002
  8.2000002E-02  8.200000000002786E-002
  8.2999997E-02  8.300000000002832E-002
  8.3999999E-02  8.400000000002858E-002
  8.5000001E-02  8.500000000002886E-002
  8.6000003E-02  8.600000000002950E-002
  8.6999997E-02  8.700000000002986E-002
  8.8000000E-02  8.800000000002990E-002
  8.9000002E-02  8.900000000003025E-002
  9.0000004E-02  9.000000000003056E-002
  9.0999998E-02  9.100000000003079E-002
  9.2000000E-02  9.200000000003129E-002
  9.3000002E-02  9.300000000003145E-002
  9.3999997E-02  9.400000000003181E-002
  9.4999999E-02  9.500000000003223E-002
  9.6000001E-02  9.600000000003236E-002
  9.7000003E-02  9.700000000003267E-002
  9.7999997E-02  9.800000000003296E-002
  9.8999999E-02  9.900000000003316E-002
  0.1000000      0.100000000000034     
  0.1010000      0.101000000000034     
  0.1020000      0.102000000000034     
  0.1030000      0.103000000000035     
  0.1040000      0.104000000000035     
  0.1050000      0.105000000000035     
  0.1060000      0.106000000000036     
  0.1070000      0.107000000000036     
  0.1080000      0.108000000000036     
  0.1090000      0.109000000000037     
  0.1100000      0.110000000000037     
  0.1110000      0.111000000000037     
  0.1120000      0.112000000000038     
  0.1130000      0.113000000000038     
  0.1140000      0.114000000000038     
  0.1150000      0.115000000000039     
  0.1160000      0.116000000000039     
  0.1170000      0.117000000000039     
  0.1180000      0.118000000000040     
  0.1190000      0.119000000000040     
  0.1200000      0.120000000000040     
  0.1210000      0.121000000000040     
  0.1220000      0.122000000000041     
  0.1230000      0.123000000000041     
  0.1240000      0.124000000000041     
  0.1250000      0.125000000000042     
  0.1260000      0.126000000000042     
  0.1270000      0.127000000000042     
  0.1280000      0.128000000000043     
  0.1290000      0.129000000000043     
  0.1300000      0.130000000000043     
  0.1310000      0.131000000000044     
  0.1320000      0.132000000000044     
  0.1330000      0.133000000000044     
  0.1340000      0.134000000000044     
  0.1350000      0.135000000000045     
  0.1360000      0.136000000000045     
  0.1370000      0.137000000000045     
  0.1380000      0.138000000000045     
  0.1390000      0.139000000000046     
  0.1400000      0.140000000000046     
  0.1410000      0.141000000000046     
  0.1420000      0.142000000000046     
  0.1430000      0.143000000000047     
  0.1440000      0.144000000000047     
  0.1450000      0.145000000000047     
  0.1460000      0.146000000000048     
  0.1470000      0.147000000000047     
  0.1480000      0.148000000000048     
  0.1490000      0.149000000000048     
  0.1500000      0.150000000000049     
  0.1510000      0.151000000000049     
  0.1520000      0.152000000000049     
  0.1530000      0.153000000000050     
  0.1540000      0.154000000000050     
  0.1550000      0.155000000000050     
  0.1560000      0.156000000000050     
  0.1570000      0.157000000000051     
  0.1580000      0.158000000000051     
  0.1590000      0.159000000000051     
  0.1600000      0.160000000000051     
  0.1610000      0.161000000000052     
  0.1620000      0.162000000000052     
  0.1630000      0.163000000000052     
  0.1640000      0.164000000000052     
  0.1650000      0.165000000000053     
  0.1660000      0.166000000000053     
  0.1670000      0.167000000000054     
  0.1680000      0.168000000000054     
  0.1690000      0.169000000000054     
  0.1700000      0.170000000000054     
  0.1710000      0.171000000000055     
  0.1720000      0.172000000000055     
  0.1730000      0.173000000000056     
  0.1740000      0.174000000000056     
  0.1750000      0.175000000000056     
  0.1760000      0.176000000000056     
  0.1770000      0.177000000000056     
  0.1780000      0.178000000000057     
  0.1790000      0.179000000000057     
  0.1800000      0.180000000000057     
  0.1810000      0.181000000000058     
  0.1820000      0.182000000000059     
  0.1830000      0.183000000000058     
  0.1840000      0.184000000000059     
  0.1850000      0.185000000000059     
  0.1860000      0.186000000000060     
  0.1870000      0.187000000000060     
  0.1880000      0.188000000000060     
  0.1890000      0.189000000000061     
  0.1900000      0.190000000000060     
  0.1910000      0.191000000000061     
  0.1920000      0.192000000000061     
  0.1930000      0.193000000000062     
  0.1940000      0.194000000000062     
  0.1950000      0.195000000000062     
  0.1960000      0.196000000000063     
  0.1970000      0.197000000000063     
  0.1980000      0.198000000000063     
  0.1990000      0.199000000000064     
  0.2000000      0.200000000000064     
  0.2010000      0.201000000000065     
  0.2020000      0.202000000000065     
  0.2030000      0.203000000000065     
  0.2040000      0.204000000000065     
  0.2050000      0.205000000000066     
  0.2060000      0.206000000000066     
  0.2070000      0.207000000000066     
  0.2080000      0.208000000000067     
  0.2090000      0.209000000000067     
  0.2100000      0.210000000000067     
  0.2110000      0.211000000000067     
  0.2120000      0.212000000000068     
  0.2130000      0.213000000000068     
  0.2140000      0.214000000000068     
  0.2150000      0.215000000000068     
  0.2160000      0.216000000000068     
  0.2170000      0.217000000000069     
  0.2180000      0.218000000000069     
  0.2190000      0.219000000000070     
  0.2200000      0.220000000000070     
  0.2210000      0.221000000000070     
  0.2220000      0.222000000000070     
  0.2230000      0.223000000000071     
  0.2240000      0.224000000000071     
  0.2250000      0.225000000000071     
  0.2260000      0.226000000000071     
  0.2270000      0.227000000000072     
  0.2280000      0.228000000000072     
  0.2290000      0.229000000000073     
  0.2300000      0.230000000000073     
  0.2310000      0.231000000000073     
  0.2320000      0.232000000000073     
  0.2330000      0.233000000000073     
  0.2340000      0.234000000000073     
  0.2350000      0.235000000000073     
  0.2360000      0.236000000000074     
  0.2370000      0.237000000000074     
  0.2380000      0.238000000000075     
  0.2390000      0.239000000000075     
  0.2400000      0.240000000000075     
  0.2410000      0.241000000000075     
  0.2420000      0.242000000000076     
  0.2430000      0.243000000000076     
  0.2440000      0.244000000000076     
  0.2450000      0.245000000000076     
  0.2460000      0.246000000000077     
  0.2470000      0.247000000000077     
  0.2480000      0.248000000000078     
  0.2490000      0.249000000000078     
  0.2500000      0.250000000000079     
  0.2510000      0.251000000000079     
  0.2520000      0.252000000000079     
  0.2530000      0.253000000000079     
  0.2540000      0.254000000000080     
  0.2550000      0.255000000000080     
  0.2560000      0.256000000000080     
  0.2570000      0.257000000000080     
  0.2580000      0.258000000000080     
  0.2590000      0.259000000000080     
  0.2600000      0.260000000000081     
  0.2610000      0.261000000000082     
  0.2620000      0.262000000000081     
  0.2630000      0.263000000000081     
  0.2640000      0.264000000000082     
  0.2650000      0.265000000000082     
  0.2660000      0.266000000000082     
  0.2670000      0.267000000000082     
  0.2680000      0.268000000000083     
  0.2690000      0.269000000000084     
  0.2700000      0.270000000000084     
  0.2710000      0.271000000000085     
  0.2720000      0.272000000000085     
  0.2730000      0.273000000000085     
  0.2740000      0.274000000000085     
  0.2750000      0.275000000000085     
  0.2760000      0.276000000000086     
  0.2770000      0.277000000000086     
  0.2780000      0.278000000000086     
  0.2790000      0.279000000000086     
  0.2800000      0.280000000000087     
  0.2810000      0.281000000000087     
  0.2820000      0.282000000000088     
  0.2830000      0.283000000000088     
  0.2840000      0.284000000000088     
  0.2850000      0.285000000000088     
  0.2860000      0.286000000000088     
  0.2870000      0.287000000000089     
  0.2880000      0.288000000000090     
  0.2890000      0.289000000000090     
  0.2900000      0.290000000000090     
  0.2910000      0.291000000000090     
  0.2920000      0.292000000000091     
  0.2930000      0.293000000000092     
  0.2940000      0.294000000000092     
  0.2950000      0.295000000000093     
  0.2960000      0.296000000000092     
  0.2970000      0.297000000000093     
  0.2980000      0.298000000000093     
  0.2990000      0.299000000000094     
  0.3000000      0.300000000000094     
  0.3010000      0.301000000000094     
  0.3020000      0.302000000000094     
  0.3030000      0.303000000000095     
  0.3040000      0.304000000000095     
  0.3050000      0.305000000000096     
  0.3060000      0.306000000000096     
  0.3070000      0.307000000000096     
  0.3080000      0.308000000000097     
  0.3090000      0.309000000000097     
  0.3100000      0.310000000000097     
  0.3110000      0.311000000000098     
  0.3120000      0.312000000000098     
  0.3130000      0.313000000000099     
  0.3140000      0.314000000000099     
  0.3150000      0.315000000000099     
  0.3160000      0.316000000000099     
  0.3170000      0.317000000000100     
  0.3180000      0.318000000000099     
  0.3190000      0.319000000000100     
  0.3200000      0.320000000000101     
  0.3210000      0.321000000000100     
  0.3220000      0.322000000000102     
  0.3230000      0.323000000000101     
  0.3240000      0.324000000000101     
  0.3250000      0.325000000000102     
  0.3260000      0.326000000000102     
  0.3270000      0.327000000000103     
  0.3280000      0.328000000000103     
  0.3290000      0.329000000000104     
  0.3300000      0.330000000000104     
  0.3310000      0.331000000000104     
  0.3320000      0.332000000000104     
  0.3330000      0.333000000000105     
  0.3340000      0.334000000000105     
  0.3350000      0.335000000000105     
  0.3360000      0.336000000000106     
  0.3370000      0.337000000000106     
  0.3380000      0.338000000000107     
  0.3390000      0.339000000000107     
  0.3400000      0.340000000000108     
  0.3410000      0.341000000000108     
  0.3420000      0.342000000000109     
  0.3430000      0.343000000000108     
  0.3440000      0.344000000000109     
  0.3450000      0.345000000000109     
  0.3460000      0.346000000000111     
  0.3470000      0.347000000000111     
  0.3480000      0.348000000000111     
  0.3490000      0.349000000000112     
  0.3500000      0.350000000000111     
  0.3510000      0.351000000000112     
  0.3520000      0.352000000000112     
  0.3530000      0.353000000000112     
  0.3540000      0.354000000000112     
  0.3550000      0.355000000000114     
  0.3560000      0.356000000000113     
  0.3570000      0.357000000000114     
  0.3580000      0.358000000000114     
  0.3590000      0.359000000000115     
  0.3600000      0.360000000000114     
  0.3610000      0.361000000000115     
  0.3620000      0.362000000000115     
  0.3630000      0.363000000000116     
  0.3640000      0.364000000000117     
  0.3650000      0.365000000000116     
  0.3660000      0.366000000000117     
  0.3670000      0.367000000000117     
  0.3680000      0.368000000000118     
  0.3690000      0.369000000000118     
  0.3700000      0.370000000000119     
  0.3710000      0.371000000000119     
  0.3720000      0.372000000000120     
  0.3730000      0.373000000000119     
  0.3740000      0.374000000000121     
  0.3750000      0.375000000000120     
  0.3760000      0.376000000000121     
  0.3770000      0.377000000000121     
  0.3780000      0.378000000000122     
  0.3790000      0.379000000000122     
  0.3800000      0.380000000000122     
  0.3810000      0.381000000000123     
  0.3820000      0.382000000000124     
  0.3830000      0.383000000000124     
  0.3840000      0.384000000000124     
  0.3850000      0.385000000000126     
  0.3860000      0.386000000000126     
  0.3870000      0.387000000000125     
  0.3880000      0.388000000000127     
  0.3890000      0.389000000000127     
  0.3900000      0.390000000000127     
  0.3910000      0.391000000000127     
  0.3920000      0.392000000000127     
  0.3930000      0.393000000000127     
  0.3940000      0.394000000000128     
  0.3950000      0.395000000000128     
  0.3960000      0.396000000000128     
  0.3970000      0.397000000000128     
  0.3980000      0.398000000000130     
  0.3990000      0.399000000000130     
  0.4000000      0.400000000000130     
  0.4010000      0.401000000000130     
  0.4020000      0.402000000000131     
  0.4030000      0.403000000000131     
  0.4040000      0.404000000000131     
  0.4050000      0.405000000000132     
  0.4060000      0.406000000000132     
  0.4070000      0.407000000000132     
  0.4080000      0.408000000000133     
  0.4090000      0.409000000000132     
  0.4100000      0.410000000000132     
  0.4110000      0.411000000000134     
  0.4120000      0.412000000000133     
  0.4130000      0.413000000000133     
  0.4140000      0.414000000000133     
  0.4150000      0.415000000000134     
  0.4160000      0.416000000000135     
  0.4170000      0.417000000000135     
  0.4180000      0.418000000000135     
  0.4190000      0.419000000000135     
  0.4200000      0.420000000000135     
  0.4210000      0.421000000000137     
  0.4220000      0.422000000000136     
  0.4230000      0.423000000000136     
  0.4240000      0.424000000000137     
  0.4250000      0.425000000000138     
  0.4260000      0.426000000000137     
  0.4270000      0.427000000000138     
  0.4280000      0.428000000000138     
  0.4290000      0.429000000000139     
  0.4300000      0.430000000000139     
  0.4310000      0.431000000000140     
  0.4320000      0.432000000000139     
  0.4330000      0.433000000000140     
  0.4340000      0.434000000000140     
  0.4350000      0.435000000000140     
  0.4360000      0.436000000000141     
  0.4370000      0.437000000000141     
  0.4380000      0.438000000000142     
  0.4390000      0.439000000000142     
  0.4400000      0.440000000000142     
  0.4410000      0.441000000000142     
  0.4420000      0.442000000000142     
  0.4430000      0.443000000000143     
  0.4440000      0.444000000000142     
  0.4450000      0.445000000000144     
  0.4460000      0.446000000000143     
  0.4470000      0.447000000000144     
  0.4480000      0.448000000000143     
  0.4490000      0.449000000000145     
  0.4500000      0.450000000000145     
  0.4510000      0.451000000000145     
  0.4520000      0.452000000000146     
  0.4530000      0.453000000000145     
  0.4540000      0.454000000000147     
  0.4550000      0.455000000000145     
  0.4560000      0.456000000000147     
  0.4570000      0.457000000000147     
  0.4580000      0.458000000000148     
  0.4590000      0.459000000000148     
  0.4600000      0.460000000000148     
  0.4610000      0.461000000000148     
  0.4620000      0.462000000000149     
  0.4630000      0.463000000000149     
  0.4640000      0.464000000000150     
  0.4650000      0.465000000000151     
  0.4660000      0.466000000000150     
  0.4670000      0.467000000000151     
  0.4680000      0.468000000000151     
  0.4690000      0.469000000000151     
  0.4700000      0.470000000000152     
  0.4710000      0.471000000000152     
  0.4720000      0.472000000000152     
  0.4730000      0.473000000000151     
  0.4740000      0.474000000000153     
  0.4750000      0.475000000000154     
  0.4760000      0.476000000000154     
  0.4770000      0.477000000000155     
  0.4780000      0.478000000000154     
  0.4790000      0.479000000000155     
  0.4800000      0.480000000000155     
  0.4810000      0.481000000000156     
  0.4820000      0.482000000000156     
  0.4830000      0.483000000000156     
  0.4840000      0.484000000000156     
  0.4850000      0.485000000000157     
  0.4860000      0.486000000000156     
  0.4870000      0.487000000000157     
  0.4880000      0.488000000000157     
  0.4890000      0.489000000000159     
  0.4900000      0.490000000000159     
  0.4910000      0.491000000000158     
  0.4920000      0.492000000000160     
  0.4930000      0.493000000000159     
  0.4940000      0.494000000000160     
  0.4950000      0.495000000000159     
  0.4960000      0.496000000000160     
  0.4970000      0.497000000000160     
  0.4980000      0.498000000000161     
  0.4990000      0.499000000000162     
  0.5000000      0.500000000000162     
  0.5010000      0.501000000000161     
  0.5020000      0.502000000000163     
  0.5030000      0.503000000000162     
  0.5040000      0.504000000000163     
  0.5050000      0.505000000000164     
  0.5060000      0.506000000000164     
  0.5070000      0.507000000000164     
  0.5080000      0.508000000000165     
  0.5090000      0.509000000000165     
  0.5100000      0.510000000000165     
  0.5110000      0.511000000000165     
  0.5120000      0.512000000000166     
  0.5130000      0.513000000000167     
  0.5140000      0.514000000000166     
  0.5150000      0.515000000000167     
  0.5160000      0.516000000000167     
  0.5170000      0.517000000000168     
  0.5180000      0.518000000000168     
  0.5190000      0.519000000000169     
  0.5200000      0.520000000000169     
  0.5210000      0.521000000000169     
  0.5220000      0.522000000000170     
  0.5230000      0.523000000000170     
  0.5240000      0.524000000000169     
  0.5250000      0.525000000000172     
  0.5260000      0.526000000000171     
  0.5270000      0.527000000000170     
  0.5280000      0.528000000000172     
  0.5290000      0.529000000000173     
  0.5300000      0.530000000000172     
  0.5310000      0.531000000000174     
  0.5320000      0.532000000000173     
  0.5330000      0.533000000000174     
  0.5340000      0.534000000000175     
  0.5350000      0.535000000000176     
  0.5360000      0.536000000000175     
  0.5370000      0.537000000000176     
  0.5380000      0.538000000000176     
  0.5390000      0.539000000000177     
  0.5400000      0.540000000000179     
  0.5410000      0.541000000000178     
  0.5420000      0.542000000000179     
  0.5430000      0.543000000000180     
  0.5440000      0.544000000000180     
  0.5450000      0.545000000000180     
  0.5460000      0.546000000000180     
  0.5470000      0.547000000000181     
  0.5480000      0.548000000000182     
  0.5490000      0.549000000000182     
  0.5500000      0.550000000000183     
  0.5510000      0.551000000000183     
  0.5520000      0.552000000000184     
  0.5530000      0.553000000000184     
  0.5540000      0.554000000000184     
  0.5550000      0.555000000000185     
  0.5560000      0.556000000000186     
  0.5570000      0.557000000000186     
  0.5580000      0.558000000000186     
  0.5590000      0.559000000000187     
  0.5600000      0.560000000000187     
  0.5610000      0.561000000000189     
  0.5620000      0.562000000000188     
  0.5630000      0.563000000000189     
  0.5640000      0.564000000000188     
  0.5650000      0.565000000000190     
  0.5660000      0.566000000000190     
  0.5670000      0.567000000000191     
  0.5680000      0.568000000000190     
  0.5690000      0.569000000000191     
  0.5700000      0.570000000000191     
  0.5710000      0.571000000000192     
  0.5720000      0.572000000000192     
  0.5730000      0.573000000000192     
  0.5740000      0.574000000000192     
  0.5750000      0.575000000000193     
  0.5760000      0.576000000000193     
  0.5770000      0.577000000000194     
  0.5780000      0.578000000000194     
  0.5790000      0.579000000000193     
  0.5800000      0.580000000000195     
  0.5810000      0.581000000000194     
  0.5820000      0.582000000000194     
  0.5830000      0.583000000000194     
  0.5840000      0.584000000000194     
  0.5850000      0.585000000000195     
  0.5860000      0.586000000000195     
  0.5870000      0.587000000000195     
  0.5880000      0.588000000000195     
  0.5890000      0.589000000000196     
  0.5900000      0.590000000000196     
  0.5910000      0.591000000000196     
  0.5920000      0.592000000000197     
  0.5930000      0.593000000000197     
  0.5940000      0.594000000000197     
  0.5950000      0.595000000000197     
  0.5960000      0.596000000000197     
  0.5970000      0.597000000000196     
  0.5980000      0.598000000000198     
  0.5990000      0.599000000000197     
  0.6000000      0.600000000000197     
  0.6010000      0.601000000000197     
  0.6020000      0.602000000000197     
  0.6030000      0.603000000000196     
  0.6040000      0.604000000000197     
  0.6050000      0.605000000000197     
  0.6060000      0.606000000000197     
  0.6070000      0.607000000000196     
  0.6080000      0.608000000000197     
  0.6090000      0.609000000000197     
  0.6100000      0.610000000000197     
  0.6110000      0.611000000000197     
  0.6120000      0.612000000000197     
  0.6130000      0.613000000000197     
  0.6140000      0.614000000000196     
  0.6150000      0.615000000000197     
  0.6160000      0.616000000000196     
  0.6170000      0.617000000000196     
  0.6180000      0.618000000000196     
  0.6190000      0.619000000000196     
  0.6200000      0.620000000000195     
  0.6210000      0.621000000000196     
  0.6220000      0.622000000000195     
  0.6230000      0.623000000000195     
  0.6240000      0.624000000000195     
  0.6250000      0.625000000000195     
  0.6260000      0.626000000000194     
  0.6270000      0.627000000000194     
  0.6280000      0.628000000000194     
  0.6290000      0.629000000000194     
  0.6300000      0.630000000000194     
  0.6310000      0.631000000000194     
  0.6320000      0.632000000000193     
  0.6330000      0.633000000000193     
  0.6340000      0.634000000000193     
  0.6350000      0.635000000000193     
  0.6360000      0.636000000000192     
  0.6370000      0.637000000000192     
  0.6380000      0.638000000000192     
  0.6390000      0.639000000000192     
  0.6400000      0.640000000000191     
  0.6410000      0.641000000000191     
  0.6420000      0.642000000000191     
  0.6430000      0.643000000000191     
  0.6440000      0.644000000000191     
  0.6450000      0.645000000000190     
  0.6460000      0.646000000000190     
  0.6470000      0.647000000000189     
  0.6480000      0.648000000000191     
  0.6490000      0.649000000000189     
  0.6500000      0.650000000000190     
  0.6510000      0.651000000000189     
  0.6520000      0.652000000000189     
  0.6530000      0.653000000000190     
  0.6540000      0.654000000000190     
  0.6550000      0.655000000000188     
  0.6560000      0.656000000000188     
  0.6570000      0.657000000000188     
  0.6580000      0.658000000000188     
  0.6590000      0.659000000000188     
  0.6600000      0.660000000000187     
  0.6610000      0.661000000000187     
  0.6620000      0.662000000000187     
  0.6630000      0.663000000000187     
  0.6640000      0.664000000000187     
  0.6650000      0.665000000000186     
  0.6660000      0.666000000000186     
  0.6670000      0.667000000000185     
  0.6680000      0.668000000000186     
  0.6690000      0.669000000000186     
  0.6700000      0.670000000000185     
  0.6710000      0.671000000000184     
  0.6720000      0.672000000000185     
  0.6730000      0.673000000000184     
  0.6740000      0.674000000000185     
  0.6750000      0.675000000000184     
  0.6760000      0.676000000000183     
  0.6770000      0.677000000000182     
  0.6780000      0.678000000000183     
  0.6790000      0.679000000000182     
  0.6800000      0.680000000000182     
  0.6810000      0.681000000000182     
  0.6820000      0.682000000000181     
  0.6830000      0.683000000000181     
  0.6840000      0.684000000000180     
  0.6850000      0.685000000000180     
  0.6860000      0.686000000000180     
  0.6870000      0.687000000000180     
  0.6880000      0.688000000000179     
  0.6890000      0.689000000000179     
  0.6900000      0.690000000000179     
  0.6910000      0.691000000000179     
  0.6920000      0.692000000000178     
  0.6930000      0.693000000000178     
  0.6940000      0.694000000000177     
  0.6950000      0.695000000000177     
  0.6960000      0.696000000000177     
  0.6970000      0.697000000000177     
  0.6980000      0.698000000000177     
  0.6990000      0.699000000000177     
  0.7000000      0.700000000000176     
  0.7010000      0.701000000000175     
  0.7020000      0.702000000000175     
  0.7030000      0.703000000000175     
  0.7040000      0.704000000000174     
  0.7050000      0.705000000000174     
  0.7060000      0.706000000000173     
  0.7070000      0.707000000000174     
  0.7080000      0.708000000000172     
  0.7090000      0.709000000000172     
  0.7100000      0.710000000000172     
  0.7110000      0.711000000000172     
  0.7120000      0.712000000000172     
  0.7130000      0.713000000000171     
  0.7140000      0.714000000000171     
  0.7150000      0.715000000000170     
  0.7160000      0.716000000000169     
  0.7170000      0.717000000000170     
  0.7180000      0.718000000000168     
  0.7190000      0.719000000000169     
  0.7200000      0.720000000000167     
  0.7210000      0.721000000000168     
  0.7220000      0.722000000000167     
  0.7230000      0.723000000000167     
  0.7240000      0.724000000000167     
  0.7250000      0.725000000000166     
  0.7260000      0.726000000000165     
  0.7270000      0.727000000000165     
  0.7280000      0.728000000000165     
  0.7290000      0.729000000000164     
  0.7300000      0.730000000000164     
  0.7310000      0.731000000000164     
  0.7320000      0.732000000000163     
  0.7330000      0.733000000000163     
  0.7340000      0.734000000000162     
  0.7350000      0.735000000000161     
  0.7360000      0.736000000000161     
  0.7370000      0.737000000000161     
  0.7380000      0.738000000000160     
  0.7390000      0.739000000000161     
  0.7400000      0.740000000000160     
  0.7410000      0.741000000000160     
  0.7420000      0.742000000000159     
  0.7430000      0.743000000000159     
  0.7440000      0.744000000000159     
  0.7450000      0.745000000000158     
  0.7460000      0.746000000000158     
  0.7470000      0.747000000000157     
  0.7480000      0.748000000000158     
  0.7490000      0.749000000000157     
  0.7500000      0.750000000000157     
  0.7510000      0.751000000000156     
  0.7520000      0.752000000000157     
  0.7530000      0.753000000000156     
  0.7540000      0.754000000000155     
  0.7550000      0.755000000000155     
  0.7560000      0.756000000000156     
  0.7570000      0.757000000000154     
  0.7580000      0.758000000000155     
  0.7590000      0.759000000000154     
  0.7600000      0.760000000000154     
  0.7610000      0.761000000000154     
  0.7620000      0.762000000000153     
  0.7630000      0.763000000000152     
  0.7640000      0.764000000000153     
  0.7650000      0.765000000000151     
  0.7660000      0.766000000000151     
  0.7670000      0.767000000000151     
  0.7680000      0.768000000000150     
  0.7690000      0.769000000000149     
  0.7700000      0.770000000000149     
  0.7710000      0.771000000000148     
  0.7720000      0.772000000000148     
  0.7730000      0.773000000000147     
  0.7740000      0.774000000000147     
  0.7750000      0.775000000000146     
  0.7760000      0.776000000000146     
  0.7770000      0.777000000000145     
  0.7780000      0.778000000000146     
  0.7790000      0.779000000000144     
  0.7800000      0.780000000000145     
  0.7810000      0.781000000000144     
  0.7820000      0.782000000000143     
  0.7830000      0.783000000000143     
  0.7840000      0.784000000000142     
  0.7850000      0.785000000000142     
  0.7860000      0.786000000000142     
  0.7870000      0.787000000000141     
  0.7880000      0.788000000000141     
  0.7890000      0.789000000000141     
  0.7900000      0.790000000000141     
  0.7910000      0.791000000000140     
  0.7920000      0.792000000000140     
  0.7930000      0.793000000000139     
  0.7940000      0.794000000000140     
  0.7950000      0.795000000000139     
  0.7960000      0.796000000000138     
  0.7970000      0.797000000000138     
  0.7980000      0.798000000000138     
  0.7990000      0.799000000000138     
  0.8000000      0.800000000000137     
  0.8010000      0.801000000000138     
  0.8020000      0.802000000000137     
  0.8030000      0.803000000000136     
  0.8040000      0.804000000000136     
  0.8050000      0.805000000000136     
  0.8060000      0.806000000000136     
  0.8070000      0.807000000000135     
  0.8080000      0.808000000000135     
  0.8090000      0.809000000000135     
  0.8100000      0.810000000000134     
  0.8110000      0.811000000000134     
  0.8120000      0.812000000000133     
  0.8130000      0.813000000000133     
  0.8140000      0.814000000000133     
  0.8150000      0.815000000000132     
  0.8160000      0.816000000000132     
  0.8170000      0.817000000000132     
  0.8180000      0.818000000000131     
  0.8190000      0.819000000000130     
  0.8200000      0.820000000000130     
  0.8210000      0.821000000000128     
  0.8220000      0.822000000000129     
  0.8230000      0.823000000000129     
  0.8240000      0.824000000000128     
  0.8250000      0.825000000000127     
  0.8260000      0.826000000000127     
  0.8270000      0.827000000000126     
  0.8280000      0.828000000000127     
  0.8290000      0.829000000000125     
  0.8300000      0.830000000000125     
  0.8310000      0.831000000000125     
  0.8320000      0.832000000000124     
  0.8330000      0.833000000000124     
  0.8340000      0.834000000000124     
  0.8350000      0.835000000000122     
  0.8360000      0.836000000000123     
  0.8370000      0.837000000000122     
  0.8380000      0.838000000000122     
  0.8390000      0.839000000000121     
  0.8400000      0.840000000000121     
  0.8410000      0.841000000000119     
  0.8420000      0.842000000000120     
  0.8430000      0.843000000000120     
  0.8440000      0.844000000000119     
  0.8450000      0.845000000000118     
  0.8460000      0.846000000000117     
  0.8470000      0.847000000000117     
  0.8480000      0.848000000000117     
  0.8490000      0.849000000000117     
  0.8500000      0.850000000000117     
  0.8510000      0.851000000000116     
  0.8520000      0.852000000000116     
  0.8530000      0.853000000000115     
  0.8540000      0.854000000000115     
  0.8550000      0.855000000000115     
  0.8560000      0.856000000000114     
  0.8570000      0.857000000000114     
  0.8580000      0.858000000000114     
  0.8590000      0.859000000000114     
  0.8600000      0.860000000000114     
  0.8610000      0.861000000000113     
  0.8620000      0.862000000000113     
  0.8630000      0.863000000000113     
  0.8640000      0.864000000000112     
  0.8650000      0.865000000000112     
  0.8660000      0.866000000000111     
  0.8670000      0.867000000000111     
  0.8680000      0.868000000000110     
  0.8690000      0.869000000000111     
  0.8700000      0.870000000000110     
  0.8710000      0.871000000000110     
  0.8720000      0.872000000000109     
  0.8730000      0.873000000000109     
  0.8740000      0.874000000000108     
  0.8750000      0.875000000000107     
  0.8760000      0.876000000000107     
  0.8770000      0.877000000000107     
  0.8780000      0.878000000000105     
  0.8790000      0.879000000000105     
  0.8800000      0.880000000000105     
  0.8810000      0.881000000000104     
  0.8820000      0.882000000000104     
  0.8830000      0.883000000000102     
  0.8840000      0.884000000000102     
  0.8850000      0.885000000000101     
  0.8860000      0.886000000000101     
  0.8870000      0.887000000000099     
  0.8880000      0.888000000000099     
  0.8890000      0.889000000000099     
  0.8900000      0.890000000000099     
  0.8910000      0.891000000000097     
  0.8920000      0.892000000000097     
  0.8930000      0.893000000000096     
  0.8940000      0.894000000000095     
  0.8950000      0.895000000000095     
  0.8960000      0.896000000000094     
  0.8970000      0.897000000000094     
  0.8980000      0.898000000000093     
  0.8990000      0.899000000000092     
  0.9000000      0.900000000000092     
  0.9010000      0.901000000000092     
  0.9020000      0.902000000000091     
  0.9030000      0.903000000000090     
  0.9040000      0.904000000000090     
  0.9050000      0.905000000000089     
  0.9060000      0.906000000000089     
  0.9070000      0.907000000000087     
  0.9080000      0.908000000000087     
  0.9090000      0.909000000000087     
  0.9100000      0.910000000000086     
  0.9110000      0.911000000000086     
  0.9120000      0.912000000000085     
  0.9130000      0.913000000000084     
  0.9140000      0.914000000000084     
  0.9150000      0.915000000000084     
  0.9160000      0.916000000000083     
  0.9170000      0.917000000000082     
  0.9180000      0.918000000000082     
  0.9190000      0.919000000000081     
  0.9200000      0.920000000000080     
  0.9210000      0.921000000000079     
  0.9220000      0.922000000000079     
  0.9230000      0.923000000000079     
  0.9240000      0.924000000000078     
  0.9250000      0.925000000000077     
  0.9260000      0.926000000000076     
  0.9270000      0.927000000000077     
  0.9280000      0.928000000000076     
  0.9290000      0.929000000000075     
  0.9300000      0.930000000000074     
  0.9310000      0.931000000000073     
  0.9320000      0.932000000000073     
  0.9330000      0.933000000000072     
  0.9340000      0.934000000000072     
  0.9350000      0.935000000000070     
  0.9360000      0.936000000000070     
  0.9370000      0.937000000000069     
  0.9380000      0.938000000000069     
  0.9390000      0.939000000000068     
  0.9400000      0.940000000000067     
  0.9410000      0.941000000000066     
  0.9420000      0.942000000000065     
  0.9430000      0.943000000000064     
  0.9440000      0.944000000000063     
  0.9450000      0.945000000000062     
  0.9460000      0.946000000000061     
  0.9470000      0.947000000000060     
  0.9480000      0.948000000000059     
  0.9490000      0.949000000000058     
  0.9500000      0.950000000000057     
  0.9510000      0.951000000000056     
  0.9520000      0.952000000000055     
  0.9530000      0.953000000000054     
  0.9540000      0.954000000000053     
  0.9550000      0.955000000000051     
  0.9560000      0.956000000000051     
  0.9570000      0.957000000000050     
  0.9580000      0.958000000000049     
  0.9590000      0.959000000000048     
  0.9600000      0.960000000000047     
  0.9610000      0.961000000000046     
  0.9620000      0.962000000000045     
  0.9630000      0.963000000000044     
  0.9640000      0.964000000000043     
  0.9650000      0.965000000000042     
  0.9660000      0.966000000000041     
  0.9670000      0.967000000000040     
  0.9680000      0.968000000000039     
  0.9690000      0.969000000000038     
  0.9700000      0.970000000000037     
  0.9710000      0.971000000000036     
  0.9720000      0.972000000000035     
  0.9730000      0.973000000000034     
  0.9740000      0.974000000000033     
  0.9750000      0.975000000000032     
  0.9760000      0.976000000000031     
  0.9770000      0.977000000000030     
  0.9780000      0.978000000000029     
  0.9790000      0.979000000000028     
  0.9800000      0.980000000000027     
  0.9810000      0.981000000000025     
  0.9820000      0.982000000000024     
  0.9830000      0.983000000000023     
  0.9840000      0.984000000000022     
  0.9850000      0.985000000000020     
  0.9860000      0.986000000000020     
  0.9870000      0.987000000000018     
  0.9880000      0.988000000000017     
  0.9890000      0.989000000000015     
  0.9900000      0.990000000000014     
  0.9910000      0.991000000000013     
  0.9920000      0.992000000000012     
  0.9930000      0.993000000000011     
  0.9940000      0.994000000000009     
  0.9950000      0.995000000000008     
  0.9960000      0.996000000000007     
  0.9970000      0.997000000000005     
  0.9980000      0.998000000000004     
  0.9990000      0.999000000000003     
   1.000000       1.00000000000000     
