  5.8823530E-02  0.0000000E+00
  0.1176471      0.1176472    
  0.1764706      0.1764708    
  0.2352941      0.2352944    
  0.2941177      0.2941181    
  0.3529412      0.3529416    
  0.4117647      0.4117652    
  0.4705882      0.4705888    
  0.5294118      0.5294124    
  0.5882353      0.5882360    
  0.6470588      0.6470596    
  0.7058824      0.7058831    
  0.7647059      0.7647065    
  0.8235294      0.8235300    
  0.8823529      0.8823535    
  0.9411765      0.9411770    
   1.000000       1.000000    
