  6.2500000E-02  0.000000000000000000000000000000000E+0000
  0.1250000      0.125000000000000000000000000000000      
  0.1875000      0.187500000000000000000000000000000      
  0.2500000      0.250000000000000000000000000000000      
  0.3125000      0.312500000000000000000000000000000      
  0.3750000      0.375000000000000000000000000000000      
  0.4375000      0.437500000000000000000000000000000      
  0.5000000      0.500000000000000000000000000000000      
  0.5625000      0.562500000000000000000000000000000      
  0.6250000      0.625000000000000000000000000000000      
  0.6875000      0.687500000000000000000000000000000      
  0.7500000      0.750000000000000000000000000000000      
  0.8125000      0.812500000000000000000000000000000      
  0.8750000      0.875000000000000000000000000000000      
  0.9375000      0.937500000000000000000000000000000      
   1.000000       1.00000000000000000000000000000000      
