  1.7543860E-02  1.754385791718960E-002
  3.5087720E-02  3.508771583437920E-002
  5.2631579E-02  5.263157188892365E-002
  7.0175439E-02  7.017543166875839E-002
  8.7719299E-02  8.771929144859314E-002
  0.1052632      0.105263143777847     
  0.1228070      0.122807003557682     
  0.1403509      0.140350863337517     
  0.1578947      0.157894715666771     
  0.1754386      0.175438582897186     
  0.1929825      0.192982435226440     
  0.2105263      0.210526287555695     
  0.2280702      0.228070154786110     
  0.2456140      0.245614007115364     
  0.2631579      0.263157874345779     
  0.2807018      0.280701726675034     
  0.2982456      0.298245579004288     
  0.3157895      0.315789431333542     
  0.3333333      0.333333313465118     
  0.3508772      0.350877165794373     
  0.3684210      0.368421018123627     
  0.3859649      0.385964870452881     
  0.4035088      0.403508722782135     
  0.4210526      0.421052575111389     
  0.4385965      0.438596457242966     
  0.4561403      0.456140309572220     
  0.4736842      0.473684161901474     
  0.4912281      0.491228014230728     
  0.5087720      0.508771896362305     
  0.5263158      0.526315748691559     
  0.5438597      0.543859601020813     
  0.5614035      0.561403453350067     
  0.5789474      0.578947305679321     
  0.5964912      0.596491158008575     
  0.6140351      0.614035010337830     
  0.6315789      0.631578862667084     
  0.6491228      0.649122714996338     
  0.6666667      0.666666626930237     
  0.6842105      0.684210479259491     
  0.7017544      0.701754331588745     
  0.7192982      0.719298183917999     
  0.7368421      0.736842036247253     
  0.7543859      0.754385888576508     
  0.7719298      0.771929740905762     
  0.7894737      0.789473593235016     
  0.8070176      0.807017445564270     
  0.8245614      0.824561297893524     
  0.8421053      0.842105150222778     
  0.8596491      0.859649062156677     
  0.8771930      0.877192914485931     
  0.8947368      0.894736766815186     
  0.9122807      0.912280619144440     
  0.9298246      0.929824471473694     
  0.9473684      0.947368323802948     
  0.9649123      0.964912176132202     
  0.9824561      0.982456028461456     
   1.000000       1.00000000000000     
