  3.0303031E-02  3.030302934348583E-002
  6.0606062E-02  6.060605868697166E-002
  9.0909094E-02  9.090908616781235E-002
  0.1212121      0.121212117373943     
  0.1515152      0.151515141129494     
  0.1818182      0.181818172335625     
  0.2121212      0.212121203541756     
  0.2424242      0.242424234747887     
  0.2727273      0.272727251052856     
  0.3030303      0.303030282258987     
  0.3333333      0.333333313465118     
  0.3636364      0.363636344671249     
  0.3939394      0.393939375877380     
  0.4242424      0.424242407083511     
  0.4545455      0.454545438289642     
  0.4848485      0.484848469495773     
  0.5151515      0.515151500701904     
  0.5454546      0.545454502105713     
  0.5757576      0.575757563114166     
  0.6060606      0.606060564517975     
  0.6363636      0.636363625526428     
  0.6666667      0.666666626930237     
  0.6969697      0.696969687938690     
  0.7272727      0.727272689342499     
  0.7575758      0.757575750350952     
  0.7878788      0.787878751754761     
  0.8181818      0.818181812763214     
  0.8484849      0.848484814167023     
  0.8787879      0.878787875175476     
  0.9090909      0.909090876579285     
  0.9393939      0.939393937587738     
  0.9696970      0.969696938991547     
   1.000000       1.00000000000000     
