  3.8461540E-02  3.846153616905212E-002
  7.6923080E-02  7.692307233810425E-002
  0.1153846      0.115384608507156     
  0.1538462      0.153846144676208     
  0.1923077      0.192307680845261     
  0.2307692      0.230769217014313     
  0.2692308      0.269230753183365     
  0.3076923      0.307692289352417     
  0.3461539      0.346153825521469     
  0.3846154      0.384615361690521     
  0.4230769      0.423076897859573     
  0.4615385      0.461538434028625     
  0.5000000      0.499999970197678     
  0.5384616      0.538461506366730     
  0.5769231      0.576923012733459     
  0.6153846      0.615384578704834     
  0.6538461      0.653846144676208     
  0.6923077      0.692307651042938     
  0.7307692      0.730769157409668     
  0.7692308      0.769230723381042     
  0.8076923      0.807692289352417     
  0.8461539      0.846153795719147     
  0.8846154      0.884615302085876     
  0.9230769      0.923076868057251     
  0.9615384      0.961538434028625     
   1.000000       1.00000000000000     
