  1.0752688E-02  0.000000000000000000000000000000000E+0000
  2.1505376E-02  2.150537634408602150537634408602128E-0002
  3.2258064E-02  3.225806451612903225806451612903190E-0002
  4.3010753E-02  4.301075268817204301075268817204255E-0002
  5.3763442E-02  5.376344086021505376344086021505315E-0002
  6.4516127E-02  6.451612903225806451612903225806377E-0002
  7.5268820E-02  7.526881720430107526881720430107440E-0002
  8.6021505E-02  8.602150537634408602150537634408510E-0002
  9.6774191E-02  9.677419354838709677419354838709571E-0002
  0.1075269      0.107526881720430107526881720430106      
  0.1182796      0.118279569892473118279569892473117      
  0.1290323      0.129032258064516129032258064516128      
  0.1397849      0.139784946236559139784946236559138      
  0.1505376      0.150537634408602150537634408602149      
  0.1612903      0.161290322580645161290322580645159      
  0.1720430      0.172043010752688172043010752688170      
  0.1827957      0.182795698924731182795698924731181      
  0.1935484      0.193548387096774193548387096774191      
  0.2043011      0.204301075268817204301075268817202      
  0.2150538      0.215053763440860215053763440860213      
  0.2258064      0.225806451612903225806451612903223      
  0.2365591      0.236559139784946236559139784946234      
  0.2473118      0.247311827956989247311827956989245      
  0.2580645      0.258064516129032258064516129032255      
  0.2688172      0.268817204301075268817204301075266      
  0.2795699      0.279569892473118279569892473118276      
  0.2903226      0.290322580645161290322580645161287      
  0.3010753      0.301075268817204301075268817204298      
  0.3118280      0.311827956989247311827956989247309      
  0.3225806      0.322580645161290322580645161290319      
  0.3333333      0.333333333333333333333333333333330      
  0.3440860      0.344086021505376344086021505376341      
  0.3548387      0.354838709677419354838709677419351      
  0.3655914      0.365591397849462365591397849462362      
  0.3763441      0.376344086021505376344086021505373      
  0.3870968      0.387096774193548387096774193548383      
  0.3978495      0.397849462365591397849462365591394      
  0.4086021      0.408602150537634408602150537634405      
  0.4193548      0.419354838709677419354838709677416      
  0.4301075      0.430107526881720430107526881720427      
  0.4408602      0.440860215053763440860215053763437      
  0.4516129      0.451612903225806451612903225806448      
  0.4623656      0.462365591397849462365591397849459      
  0.4731183      0.473118279569892473118279569892470      
  0.4838710      0.483870967741935483870967741935480      
  0.4946237      0.494623655913978494623655913978491      
  0.5053763      0.505376344086021505376344086021501      
  0.5161290      0.516129032258064516129032258064512      
  0.5268817      0.526881720430107526881720430107523      
  0.5376344      0.537634408602150537634408602150534      
  0.5483871      0.548387096774193548387096774193544      
  0.5591398      0.559139784946236559139784946236555      
  0.5698925      0.569892473118279569892473118279566      
  0.5806451      0.580645161290322580645161290322576      
  0.5913978      0.591397849462365591397849462365587      
  0.6021506      0.602150537634408602150537634408598      
  0.6129032      0.612903225806451612903225806451608      
  0.6236559      0.623655913978494623655913978494619      
  0.6344086      0.634408602150537634408602150537630      
  0.6451613      0.645161290322580645161290322580640      
  0.6559139      0.655913978494623655913978494623651      
  0.6666667      0.666666666666666666666666666666662      
  0.6774194      0.677419354838709677419354838709672      
  0.6881720      0.688172043010752688172043010752683      
  0.6989247      0.698924731182795698924731182795694      
  0.7096774      0.709677419354838709677419354838705      
  0.7204301      0.720430107526881720430107526881715      
  0.7311828      0.731182795698924731182795698924726      
  0.7419355      0.741935483870967741935483870967737      
  0.7526882      0.752688172043010752688172043010748      
  0.7634408      0.763440860215053763440860215053759      
  0.7741935      0.774193548387096774193548387096770      
  0.7849463      0.784946236559139784946236559139780      
  0.7956989      0.795698924731182795698924731182791      
  0.8064516      0.806451612903225806451612903225802      
  0.8172043      0.817204301075268817204301075268813      
  0.8279570      0.827956989247311827956989247311824      
  0.8387097      0.838709677419354838709677419354835      
  0.8494624      0.849462365591397849462365591397845      
  0.8602151      0.860215053763440860215053763440856      
  0.8709677      0.870967741935483870967741935483867      
  0.8817204      0.881720430107526881720430107526878      
  0.8924731      0.892473118279569892473118279569889      
  0.9032258      0.903225806451612903225806451612900      
  0.9139785      0.913978494623655913978494623655911      
  0.9247312      0.924731182795698924731182795698922      
  0.9354839      0.935483870967741935483870967741933      
  0.9462366      0.946236559139784946236559139784944      
  0.9569892      0.956989247311827956989247311827955      
  0.9677419      0.967741935483870967741935483870966      
  0.9784946      0.978494623655913978494623655913978      
  0.9892473      0.989247311827956989247311827956988      
   1.000000       1.00000000000000000000000000000000      
