  1.6666668E-02  0.0000000E+00
  3.3333335E-02  3.3333499E-02
  5.0000001E-02  5.0000221E-02
  6.6666670E-02  6.6666976E-02
  8.3333336E-02  8.3333716E-02
  0.1000000      0.1000004    
  0.1166667      0.1166672    
  0.1333333      0.1333340    
  0.1500000      0.1500007    
  0.1666667      0.1666674    
  0.1833333      0.1833341    
  0.2000000      0.2000009    
  0.2166667      0.2166676    
  0.2333333      0.2333343    
  0.2500000      0.2500011    
  0.2666667      0.2666676    
  0.2833333      0.2833344    
  0.3000000      0.3000011    
  0.3166667      0.3166678    
  0.3333333      0.3333345    
  0.3500000      0.3500012    
  0.3666667      0.3666679    
  0.3833333      0.3833345    
  0.4000000      0.4000012    
  0.4166667      0.4166679    
  0.4333333      0.4333345    
  0.4500000      0.4500013    
  0.4666667      0.4666680    
  0.4833333      0.4833347    
  0.5000000      0.5000014    
  0.5166667      0.5166680    
  0.5333334      0.5333348    
  0.5500000      0.5500013    
  0.5666667      0.5666679    
  0.5833333      0.5833346    
  0.6000000      0.6000013    
  0.6166667      0.6166679    
  0.6333333      0.6333345    
  0.6500000      0.6500012    
  0.6666667      0.6666678    
  0.6833333      0.6833345    
  0.7000000      0.7000012    
  0.7166666      0.7166679    
  0.7333333      0.7333344    
  0.7500000      0.7500008    
  0.7666667      0.7666675    
  0.7833334      0.7833342    
  0.8000000      0.8000007    
  0.8166667      0.8166671    
  0.8333333      0.8333337    
  0.8500000      0.8500004    
  0.8666667      0.8666670    
  0.8833333      0.8833336    
  0.9000000      0.9000002    
  0.9166667      0.9166667    
  0.9333333      0.9333335    
  0.9500000      0.9500002    
  0.9666666      0.9666668    
  0.9833333      0.9833335    
   1.000000       1.000000    
