  1.3513514E-02  1.351351290941238E-002
  2.7027028E-02  2.702702581882477E-002
  4.0540539E-02  4.054053872823715E-002
  5.4054055E-02  5.405405163764954E-002
  6.7567565E-02  6.756756454706192E-002
  8.1081077E-02  8.108107745647430E-002
  9.4594598E-02  9.459459036588669E-002
  0.1081081      0.108108103275299     
  0.1216216      0.121621616184711     
  0.1351351      0.135135129094124     
  0.1486486      0.148648649454117     
  0.1621622      0.162162154912949     
  0.1756757      0.175675660371780     
  0.1891892      0.189189180731773     
  0.2027027      0.202702701091766     
  0.2162162      0.216216206550598     
  0.2297297      0.229729712009430     
  0.2432432      0.243243232369423     
  0.2567568      0.256756752729416     
  0.2702703      0.270270258188248     
  0.2837838      0.283783763647079     
  0.2972973      0.297297298908234     
  0.3108108      0.310810804367065     
  0.3243243      0.324324309825897     
  0.3378378      0.337837815284729     
  0.3513514      0.351351320743561     
  0.3648649      0.364864856004715     
  0.3783784      0.378378361463547     
  0.3918919      0.391891866922379     
  0.4054054      0.405405402183533     
  0.4189189      0.418918907642365     
  0.4324324      0.432432413101196     
  0.4459459      0.445945918560028     
  0.4594595      0.459459424018860     
  0.4729730      0.472972959280014     
  0.4864865      0.486486464738846     
  0.5000000      0.499999970197678     
  0.5135135      0.513513505458832     
  0.5270270      0.527027010917664     
  0.5405405      0.540540516376495     
  0.5540541      0.554054021835327     
  0.5675676      0.567567527294159     
  0.5810811      0.581081032752991     
  0.5945946      0.594594597816467     
  0.6081081      0.608108103275299     
  0.6216216      0.621621608734131     
  0.6351351      0.635135114192963     
  0.6486486      0.648648619651794     
  0.6621622      0.662162125110626     
  0.6756757      0.675675630569458     
  0.6891892      0.689189136028290     
  0.7027027      0.702702641487122     
  0.7162162      0.716216206550598     
  0.7297297      0.729729712009430     
  0.7432432      0.743243217468262     
  0.7567568      0.756756722927094     
  0.7702703      0.770270228385925     
  0.7837838      0.783783733844757     
  0.7972973      0.797297239303589     
  0.8108108      0.810810804367065     
  0.8243243      0.824324309825897     
  0.8378378      0.837837815284729     
  0.8513514      0.851351320743561     
  0.8648649      0.864864826202393     
  0.8783784      0.878378331661224     
  0.8918919      0.891891837120056     
  0.9054054      0.905405342578888     
  0.9189189      0.918918848037720     
  0.9324324      0.932432413101196     
  0.9459459      0.945945918560028     
  0.9594595      0.959459424018860     
  0.9729730      0.972972929477692     
  0.9864865      0.986486494541168     
   1.000000       1.00000000000000     
