  1.7543860E-02  0.000000000000000E+000
  3.5087720E-02  3.508771929824565E-002
  5.2631579E-02  5.263157894736844E-002
  7.0175439E-02  7.017543859649131E-002
  8.7719299E-02  8.771929824561410E-002
  0.1052632      0.105263157894737     
  0.1228070      0.122807017543860     
  0.1403509      0.140350877192983     
  0.1578947      0.157894736842105     
  0.1754386      0.175438596491228     
  0.1929825      0.192982456140351     
  0.2105263      0.210526315789474     
  0.2280702      0.228070175438597     
  0.2456140      0.245614035087719     
  0.2631579      0.263157894736842     
  0.2807018      0.280701754385965     
  0.2982456      0.298245614035088     
  0.3157895      0.315789473684211     
  0.3333333      0.333333333333333     
  0.3508772      0.350877192982456     
  0.3684210      0.368421052631579     
  0.3859649      0.385964912280702     
  0.4035088      0.403508771929825     
  0.4210526      0.421052631578948     
  0.4385965      0.438596491228070     
  0.4561403      0.456140350877193     
  0.4736842      0.473684210526316     
  0.4912281      0.491228070175439     
  0.5087720      0.508771929824562     
  0.5263158      0.526315789473685     
  0.5438597      0.543859649122808     
  0.5614035      0.561403508771931     
  0.5789474      0.578947368421053     
  0.5964912      0.596491228070176     
  0.6140351      0.614035087719299     
  0.6315789      0.631578947368422     
  0.6491228      0.649122807017545     
  0.6666667      0.666666666666668     
  0.6842105      0.684210526315790     
  0.7017544      0.701754385964913     
  0.7192982      0.719298245614036     
  0.7368421      0.736842105263159     
  0.7543859      0.754385964912282     
  0.7719298      0.771929824561405     
  0.7894737      0.789473684210528     
  0.8070176      0.807017543859651     
  0.8245614      0.824561403508773     
  0.8421053      0.842105263157896     
  0.8596491      0.859649122807019     
  0.8771930      0.877192982456142     
  0.8947368      0.894736842105264     
  0.9122807      0.912280701754387     
  0.9298246      0.929824561403510     
  0.9473684      0.947368421052632     
  0.9649123      0.964912280701755     
  0.9824561      0.982456140350877     
   1.000000       1.00000000000000     
