  1.5625000E-02  1.562499906867743E-002
  3.1250000E-02  3.124999813735485E-002
  4.6875000E-02  4.687499627470970E-002
  6.2500000E-02  6.249999627470970E-002
  7.8125000E-02  7.812499254941940E-002
  9.3750000E-02  9.374999254941940E-002
  0.1093750      0.109374992549419     
  0.1250000      0.124999992549419     
  0.1406250      0.140624985098839     
  0.1562500      0.156249985098839     
  0.1718750      0.171874985098839     
  0.1875000      0.187499985098839     
  0.2031250      0.203124985098839     
  0.2187500      0.218749985098839     
  0.2343750      0.234374985098839     
  0.2500000      0.249999985098839     
  0.2656250      0.265624970197678     
  0.2812500      0.281249970197678     
  0.2968750      0.296874970197678     
  0.3125000      0.312499970197678     
  0.3281250      0.328124970197678     
  0.3437500      0.343749970197678     
  0.3593750      0.359374970197678     
  0.3750000      0.374999970197678     
  0.3906250      0.390624970197678     
  0.4062500      0.406249970197678     
  0.4218750      0.421874970197678     
  0.4375000      0.437499970197678     
  0.4531250      0.453124970197678     
  0.4687500      0.468749970197678     
  0.4843750      0.484374970197678     
  0.5000000      0.499999970197678     
  0.5156250      0.515624940395355     
  0.5312500      0.531249940395355     
  0.5468750      0.546874940395355     
  0.5625000      0.562499940395355     
  0.5781250      0.578124940395355     
  0.5937500      0.593749940395355     
  0.6093750      0.609374940395355     
  0.6250000      0.624999940395355     
  0.6406250      0.640624940395355     
  0.6562500      0.656249940395355     
  0.6718750      0.671874940395355     
  0.6875000      0.687499940395355     
  0.7031250      0.703124940395355     
  0.7187500      0.718749940395355     
  0.7343750      0.734374940395355     
  0.7500000      0.749999940395355     
  0.7656250      0.765624940395355     
  0.7812500      0.781249940395355     
  0.7968750      0.796874940395355     
  0.8125000      0.812499940395355     
  0.8281250      0.828124940395355     
  0.8437500      0.843749940395355     
  0.8593750      0.859374940395355     
  0.8750000      0.874999940395355     
  0.8906250      0.890624940395355     
  0.9062500      0.906249940395355     
  0.9218750      0.921874940395355     
  0.9375000      0.937499940395355     
  0.9531250      0.953124940395355     
  0.9687500      0.968749940395355     
  0.9843750      0.984374940395355     
   1.000000      0.999999940395355     
