  1.4492754E-02  0.000000000000000E+000
  2.8985508E-02  2.898550724637691E-002
  4.3478262E-02  4.347826086956535E-002
  5.7971016E-02  5.797101449275383E-002
  7.2463766E-02  7.246376811594227E-002
  8.6956523E-02  8.695652173913071E-002
  0.1014493      0.101449275362319     
  0.1159420      0.115942028985508     
  0.1304348      0.130434782608696     
  0.1449275      0.144927536231885     
  0.1594203      0.159420289855073     
  0.1739130      0.173913043478261     
  0.1884058      0.188405797101450     
  0.2028985      0.202898550724638     
  0.2173913      0.217391304347827     
  0.2318841      0.231884057971015     
  0.2463768      0.246376811594203     
  0.2608696      0.260869565217392     
  0.2753623      0.275362318840580     
  0.2898551      0.289855072463768     
  0.3043478      0.304347826086957     
  0.3188406      0.318840579710145     
  0.3333333      0.333333333333334     
  0.3478261      0.347826086956522     
  0.3623188      0.362318840579710     
  0.3768116      0.376811594202899     
  0.3913043      0.391304347826087     
  0.4057971      0.405797101449276     
  0.4202898      0.420289855072464     
  0.4347826      0.434782608695653     
  0.4492754      0.449275362318841     
  0.4637681      0.463768115942030     
  0.4782609      0.478260869565218     
  0.4927536      0.492753623188407     
  0.5072464      0.507246376811595     
  0.5217391      0.521739130434784     
  0.5362319      0.536231884057972     
  0.5507246      0.550724637681161     
  0.5652174      0.565217391304350     
  0.5797101      0.579710144927538     
  0.5942029      0.594202898550727     
  0.6086956      0.608695652173915     
  0.6231884      0.623188405797104     
  0.6376812      0.637681159420292     
  0.6521739      0.652173913043480     
  0.6666667      0.666666666666669     
  0.6811594      0.681159420289857     
  0.6956522      0.695652173913046     
  0.7101449      0.710144927536234     
  0.7246377      0.724637681159422     
  0.7391304      0.739130434782610     
  0.7536232      0.753623188405799     
  0.7681159      0.768115942028987     
  0.7826087      0.782608695652175     
  0.7971014      0.797101449275363     
  0.8115942      0.811594202898551     
  0.8260869      0.826086956521740     
  0.8405797      0.840579710144928     
  0.8550724      0.855072463768116     
  0.8695652      0.869565217391304     
  0.8840580      0.884057971014493     
  0.8985507      0.898550724637681     
  0.9130435      0.913043478260869     
  0.9275362      0.927536231884057     
  0.9420290      0.942028985507246     
  0.9565217      0.956521739130434     
  0.9710145      0.971014492753623     
  0.9855072      0.985507246376811     
   1.000000       1.00000000000000     
