  1.7857144E-02  1.785714365541934967041015625000000E-0002
  3.5714287E-02  3.571428731083869934082031250000000E-0002
  5.3571429E-02  5.357142910361289978027343750000000E-0002
  7.1428575E-02  7.142857462167739868164062500000000E-0002
  8.9285716E-02  8.928571641445159912109375000000000E-0002
  0.1071429      0.107142858207225799560546875000000      
  0.1250000      0.125000000000000000000000000000000      
  0.1428571      0.142857149243354797363281250000000      
  0.1607143      0.160714283585548400878906250000000      
  0.1785714      0.178571432828903198242187500000000      
  0.1964286      0.196428567171096801757812500000000      
  0.2142857      0.214285716414451599121093750000000      
  0.2321429      0.232142850756645202636718750000000      
  0.2500000      0.250000000000000000000000000000000      
  0.2678571      0.267857134342193603515625000000000      
  0.2857143      0.285714298486709594726562500000000      
  0.3035714      0.303571432828903198242187500000000      
  0.3214286      0.321428567171096801757812500000000      
  0.3392857      0.339285701513290405273437500000000      
  0.3571429      0.357142865657806396484375000000000      
  0.3750000      0.375000000000000000000000000000000      
  0.3928571      0.392857134342193603515625000000000      
  0.4107143      0.410714298486709594726562500000000      
  0.4285714      0.428571432828903198242187500000000      
  0.4464286      0.446428567171096801757812500000000      
  0.4642857      0.464285701513290405273437500000000      
  0.4821429      0.482142865657806396484375000000000      
  0.5000000      0.500000000000000000000000000000000      
  0.5178571      0.517857134342193603515625000000000      
  0.5357143      0.535714268684387207031250000000000      
  0.5535714      0.553571403026580810546875000000000      
  0.5714286      0.571428596973419189453125000000000      
  0.5892857      0.589285731315612792968750000000000      
  0.6071429      0.607142865657806396484375000000000      
  0.6250000      0.625000000000000000000000000000000      
  0.6428571      0.642857134342193603515625000000000      
  0.6607143      0.660714268684387207031250000000000      
  0.6785714      0.678571403026580810546875000000000      
  0.6964286      0.696428596973419189453125000000000      
  0.7142857      0.714285731315612792968750000000000      
  0.7321429      0.732142865657806396484375000000000      
  0.7500000      0.750000000000000000000000000000000      
  0.7678571      0.767857134342193603515625000000000      
  0.7857143      0.785714268684387207031250000000000      
  0.8035714      0.803571403026580810546875000000000      
  0.8214286      0.821428596973419189453125000000000      
  0.8392857      0.839285731315612792968750000000000      
  0.8571429      0.857142865657806396484375000000000      
  0.8750000      0.875000000000000000000000000000000      
  0.8928571      0.892857134342193603515625000000000      
  0.9107143      0.910714268684387207031250000000000      
  0.9285714      0.928571403026580810546875000000000      
  0.9464286      0.946428596973419189453125000000000      
  0.9642857      0.964285731315612792968750000000000      
  0.9821429      0.982142865657806396484375000000000      
   1.000000       1.00000000000000000000000000000000      
