  2.0408163E-02  2.040816284716129302978515625000000E-0002
  4.0816326E-02  4.081632569432258605957031250000000E-0002
  6.1224490E-02  6.122449040412902832031250000000000E-0002
  8.1632651E-02  8.163265138864517211914062500000000E-0002
  0.1020408      0.102040819823741912841796875000000      
  0.1224490      0.122448980808258056640625000000000      
  0.1428571      0.142857149243354797363281250000000      
  0.1632653      0.163265302777290344238281250000000      
  0.1836735      0.183673471212387084960937500000000      
  0.2040816      0.204081639647483825683593750000000      
  0.2244898      0.224489793181419372558593750000000      
  0.2448980      0.244897961616516113281250000000000      
  0.2653061      0.265306115150451660156250000000000      
  0.2857143      0.285714298486709594726562500000000      
  0.3061225      0.306122452020645141601562500000000      
  0.3265306      0.326530605554580688476562500000000      
  0.3469388      0.346938788890838623046875000000000      
  0.3673469      0.367346942424774169921875000000000      
  0.3877551      0.387755095958709716796875000000000      
  0.4081633      0.408163279294967651367187500000000      
  0.4285714      0.428571432828903198242187500000000      
  0.4489796      0.448979586362838745117187500000000      
  0.4693878      0.469387769699096679687500000000000      
  0.4897959      0.489795923233032226562500000000000      
  0.5102041      0.510204076766967773437500000000000      
  0.5306122      0.530612230300903320312500000000000      
  0.5510204      0.551020383834838867187500000000000      
  0.5714286      0.571428596973419189453125000000000      
  0.5918368      0.591836750507354736328125000000000      
  0.6122449      0.612244904041290283203125000000000      
  0.6326531      0.632653057575225830078125000000000      
  0.6530612      0.653061211109161376953125000000000      
  0.6734694      0.673469364643096923828125000000000      
  0.6938776      0.693877577781677246093750000000000      
  0.7142857      0.714285731315612792968750000000000      
  0.7346939      0.734693884849548339843750000000000      
  0.7551020      0.755102038383483886718750000000000      
  0.7755102      0.775510191917419433593750000000000      
  0.7959183      0.795918345451354980468750000000000      
  0.8163266      0.816326558589935302734375000000000      
  0.8367347      0.836734712123870849609375000000000      
  0.8571429      0.857142865657806396484375000000000      
  0.8775510      0.877551019191741943359375000000000      
  0.8979592      0.897959172725677490234375000000000      
  0.9183673      0.918367326259613037109375000000000      
  0.9387755      0.938775539398193359375000000000000      
  0.9591837      0.959183692932128906250000000000000      
  0.9795918      0.979591846466064453125000000000000      
   1.000000       1.00000000000000000000000000000000      
