  1.2987013E-02  1.298701297491788864135742187500000E-0002
  2.5974026E-02  2.597402594983577728271484375000000E-0002
  3.8961038E-02  3.896103799343109130859375000000000E-0002
  5.1948052E-02  5.194805189967155456542968750000000E-0002
  6.4935066E-02  6.493506580591201782226562500000000E-0002
  7.7922076E-02  7.792207598686218261718750000000000E-0002
  9.0909094E-02  9.090909361839294433593750000000000E-0002
  0.1038961      0.103896103799343109130859375000000      
  0.1168831      0.116883113980293273925781250000000      
  0.1298701      0.129870131611824035644531250000000      
  0.1428571      0.142857149243354797363281250000000      
  0.1558442      0.155844151973724365234375000000000      
  0.1688312      0.168831169605255126953125000000000      
  0.1818182      0.181818187236785888671875000000000      
  0.1948052      0.194805189967155456542968750000000      
  0.2077922      0.207792207598686218261718750000000      
  0.2207792      0.220779225230216979980468750000000      
  0.2337662      0.233766227960586547851562500000000      
  0.2467532      0.246753245592117309570312500000000      
  0.2597403      0.259740263223648071289062500000000      
  0.2727273      0.272727280855178833007812500000000      
  0.2857143      0.285714298486709594726562500000000      
  0.2987013      0.298701286315917968750000000000000      
  0.3116883      0.311688303947448730468750000000000      
  0.3246753      0.324675321578979492187500000000000      
  0.3376623      0.337662339210510253906250000000000      
  0.3506494      0.350649356842041015625000000000000      
  0.3636364      0.363636374473571777343750000000000      
  0.3766234      0.376623362302780151367187500000000      
  0.3896104      0.389610379934310913085937500000000      
  0.4025974      0.402597397565841674804687500000000      
  0.4155844      0.415584415197372436523437500000000      
  0.4285714      0.428571432828903198242187500000000      
  0.4415585      0.441558450460433959960937500000000      
  0.4545455      0.454545468091964721679687500000000      
  0.4675325      0.467532455921173095703125000000000      
  0.4805195      0.480519473552703857421875000000000      
  0.4935065      0.493506491184234619140625000000000      
  0.5064935      0.506493508815765380859375000000000      
  0.5194805      0.519480526447296142578125000000000      
  0.5324675      0.532467544078826904296875000000000      
  0.5454546      0.545454561710357666015625000000000      
  0.5584416      0.558441579341888427734375000000000      
  0.5714286      0.571428596973419189453125000000000      
  0.5844156      0.584415555000305175781250000000000      
  0.5974026      0.597402572631835937500000000000000      
  0.6103896      0.610389590263366699218750000000000      
  0.6233766      0.623376607894897460937500000000000      
  0.6363636      0.636363625526428222656250000000000      
  0.6493506      0.649350643157958984375000000000000      
  0.6623377      0.662337660789489746093750000000000      
  0.6753247      0.675324678421020507812500000000000      
  0.6883117      0.688311696052551269531250000000000      
  0.7012987      0.701298713684082031250000000000000      
  0.7142857      0.714285731315612792968750000000000      
  0.7272727      0.727272748947143554687500000000000      
  0.7402598      0.740259766578674316406250000000000      
  0.7532467      0.753246724605560302734375000000000      
  0.7662337      0.766233742237091064453125000000000      
  0.7792208      0.779220759868621826171875000000000      
  0.7922078      0.792207777500152587890625000000000      
  0.8051948      0.805194795131683349609375000000000      
  0.8181818      0.818181812763214111328125000000000      
  0.8311688      0.831168830394744873046875000000000      
  0.8441558      0.844155848026275634765625000000000      
  0.8571429      0.857142865657806396484375000000000      
  0.8701299      0.870129883289337158203125000000000      
  0.8831169      0.883116900920867919921875000000000      
  0.8961039      0.896103918552398681640625000000000      
  0.9090909      0.909090936183929443359375000000000      
  0.9220779      0.922077894210815429687500000000000      
  0.9350649      0.935064911842346191406250000000000      
  0.9480519      0.948051929473876953125000000000000      
  0.9610389      0.961038947105407714843750000000000      
  0.9740260      0.974025964736938476562500000000000      
  0.9870130      0.987012982368469238281250000000000      
   1.000000       1.00000000000000000000000000000000      
