  3.0303031E-02  3.030303120613098144531250000000000E-0002
  6.0606062E-02  6.060606241226196289062500000000000E-0002
  9.0909094E-02  9.090909361839294433593750000000000E-0002
  0.1212121      0.121212124824523925781250000000000      
  0.1515152      0.151515156030654907226562500000000      
  0.1818182      0.181818187236785888671875000000000      
  0.2121212      0.212121218442916870117187500000000      
  0.2424242      0.242424249649047851562500000000000      
  0.2727273      0.272727280855178833007812500000000      
  0.3030303      0.303030312061309814453125000000000      
  0.3333333      0.333333343267440795898437500000000      
  0.3636364      0.363636374473571777343750000000000      
  0.3939394      0.393939405679702758789062500000000      
  0.4242424      0.424242436885833740234375000000000      
  0.4545455      0.454545468091964721679687500000000      
  0.4848485      0.484848499298095703125000000000000      
  0.5151515      0.515151500701904296875000000000000      
  0.5454546      0.545454561710357666015625000000000      
  0.5757576      0.575757563114166259765625000000000      
  0.6060606      0.606060624122619628906250000000000      
  0.6363636      0.636363625526428222656250000000000      
  0.6666667      0.666666686534881591796875000000000      
  0.6969697      0.696969687938690185546875000000000      
  0.7272727      0.727272748947143554687500000000000      
  0.7575758      0.757575750350952148437500000000000      
  0.7878788      0.787878811359405517578125000000000      
  0.8181818      0.818181812763214111328125000000000      
  0.8484849      0.848484873771667480468750000000000      
  0.8787879      0.878787875175476074218750000000000      
  0.9090909      0.909090936183929443359375000000000      
  0.9393939      0.939393937587738037109375000000000      
  0.9696970      0.969696998596191406250000000000000      
   1.000000       1.00000000000000000000000000000000      
