  2.5641026E-02  0.000000000000000E+000
  5.1282052E-02  5.128205128205114E-002
  7.6923080E-02  7.692307692307672E-002
  0.1025641      0.102564102564102     
  0.1282051      0.128205128205128     
  0.1538462      0.153846153846153     
  0.1794872      0.179487179487179     
  0.2051282      0.205128205128205     
  0.2307692      0.230769230769230     
  0.2564103      0.256410256410256     
  0.2820513      0.282051282051281     
  0.3076923      0.307692307692307     
  0.3333333      0.333333333333332     
  0.3589744      0.358974358974358     
  0.3846154      0.384615384615384     
  0.4102564      0.410256410256409     
  0.4358974      0.435897435897435     
  0.4615385      0.461538461538460     
  0.4871795      0.487179487179486     
  0.5128205      0.512820512820511     
  0.5384616      0.538461538461537     
  0.5641026      0.564102564102563     
  0.5897436      0.589743589743588     
  0.6153846      0.615384615384614     
  0.6410257      0.641025641025640     
  0.6666667      0.666666666666665     
  0.6923077      0.692307692307691     
  0.7179487      0.717948717948717     
  0.7435898      0.743589743589742     
  0.7692308      0.769230769230768     
  0.7948718      0.794871794871793     
  0.8205128      0.820512820512819     
  0.8461539      0.846153846153845     
  0.8717949      0.871794871794871     
  0.8974359      0.897435897435897     
  0.9230769      0.923076923076922     
  0.9487180      0.948717948717948     
  0.9743590      0.974358974358974     
   1.000000       1.00000000000000     
