  1.1494253E-02  0.000000000000000E+000
  2.2988506E-02  2.298850574712637E-002
  3.4482758E-02  3.448275862068956E-002
  4.5977011E-02  4.597701149425275E-002
  5.7471264E-02  5.747126436781592E-002
  6.8965517E-02  6.896551724137909E-002
  8.0459774E-02  8.045977011494231E-002
  9.1954023E-02  9.195402298850547E-002
  0.1034483      0.103448275862069     
  0.1149425      0.114942528735632     
  0.1264368      0.126436781609195     
  0.1379310      0.137931034482758     
  0.1494253      0.149425287356321     
  0.1609195      0.160919540229885     
  0.1724138      0.172413793103448     
  0.1839080      0.183908045977011     
  0.1954023      0.195402298850574     
  0.2068966      0.206896551724137     
  0.2183908      0.218390804597700     
  0.2298851      0.229885057471263     
  0.2413793      0.241379310344827     
  0.2528736      0.252873563218390     
  0.2643678      0.264367816091953     
  0.2758621      0.275862068965516     
  0.2873563      0.287356321839079     
  0.2988506      0.298850574712642     
  0.3103448      0.310344827586206     
  0.3218391      0.321839080459769     
  0.3333333      0.333333333333332     
  0.3448276      0.344827586206895     
  0.3563218      0.356321839080459     
  0.3678161      0.367816091954022     
  0.3793103      0.379310344827585     
  0.3908046      0.390804597701148     
  0.4022988      0.402298850574711     
  0.4137931      0.413793103448275     
  0.4252874      0.425287356321838     
  0.4367816      0.436781609195401     
  0.4482759      0.448275862068965     
  0.4597701      0.459770114942528     
  0.4712644      0.471264367816091     
  0.4827586      0.482758620689654     
  0.4942529      0.494252873563217     
  0.5057471      0.505747126436781     
  0.5172414      0.517241379310344     
  0.5287356      0.528735632183907     
  0.5402299      0.540229885057470     
  0.5517241      0.551724137931034     
  0.5632184      0.563218390804597     
  0.5747126      0.574712643678160     
  0.5862069      0.586206896551723     
  0.5977011      0.597701149425287     
  0.6091954      0.609195402298850     
  0.6206896      0.620689655172413     
  0.6321839      0.632183908045976     
  0.6436782      0.643678160919539     
  0.6551724      0.655172413793103     
  0.6666667      0.666666666666665     
  0.6781609      0.678160919540229     
  0.6896552      0.689655172413792     
  0.7011494      0.701149425287355     
  0.7126437      0.712643678160918     
  0.7241379      0.724137931034482     
  0.7356322      0.735632183908045     
  0.7471265      0.747126436781608     
  0.7586207      0.758620689655171     
  0.7701150      0.770114942528734     
  0.7816092      0.781609195402297     
  0.7931035      0.793103448275860     
  0.8045977      0.804597701149423     
  0.8160920      0.816091954022986     
  0.8275862      0.827586206896550     
  0.8390805      0.839080459770113     
  0.8505747      0.850574712643676     
  0.8620690      0.862068965517239     
  0.8735632      0.873563218390802     
  0.8850574      0.885057471264366     
  0.8965517      0.896551724137929     
  0.9080459      0.908045977011492     
  0.9195402      0.919540229885056     
  0.9310345      0.931034482758619     
  0.9425287      0.942528735632183     
  0.9540230      0.954022988505746     
  0.9655172      0.965517241379309     
  0.9770115      0.977011494252873     
  0.9885057      0.988505747126436     
   1.000000       1.00000000000000     
