  2.3809524E-02  0.000000000000000E+000
  4.7619049E-02  4.761904761904777E-002
  7.1428575E-02  7.142857142857167E-002
  9.5238097E-02  9.523809523809554E-002
  0.1190476      0.119047619047619     
  0.1428571      0.142857142857143     
  0.1666667      0.166666666666667     
  0.1904762      0.190476190476191     
  0.2142857      0.214285714285715     
  0.2380952      0.238095238095239     
  0.2619048      0.261904761904763     
  0.2857143      0.285714285714287     
  0.3095238      0.309523809523811     
  0.3333333      0.333333333333334     
  0.3571429      0.357142857142858     
  0.3809524      0.380952380952382     
  0.4047619      0.404761904761906     
  0.4285714      0.428571428571430     
  0.4523810      0.452380952380954     
  0.4761905      0.476190476190477     
  0.5000000      0.500000000000001     
  0.5238096      0.523809523809525     
  0.5476190      0.547619047619049     
  0.5714286      0.571428571428572     
  0.5952381      0.595238095238096     
  0.6190476      0.619047619047620     
  0.6428571      0.642857142857144     
  0.6666667      0.666666666666668     
  0.6904762      0.690476190476191     
  0.7142857      0.714285714285715     
  0.7380952      0.738095238095239     
  0.7619048      0.761904761904763     
  0.7857143      0.785714285714287     
  0.8095238      0.809523809523810     
  0.8333333      0.833333333333334     
  0.8571429      0.857142857142858     
  0.8809524      0.880952380952382     
  0.9047619      0.904761904761905     
  0.9285714      0.928571428571429     
  0.9523810      0.952380952380953     
  0.9761904      0.976190476190476     
   1.000000       1.00000000000000     
