  2.5641026E-02  2.564102411270142E-002
  5.1282052E-02  5.128204822540283E-002
  7.6923080E-02  7.692307233810425E-002
  0.1025641      0.102564096450806     
  0.1282051      0.128205120563507     
  0.1538462      0.153846144676208     
  0.1794872      0.179487168788910     
  0.2051282      0.205128192901611     
  0.2307692      0.230769217014313     
  0.2564103      0.256410241127014     
  0.2820513      0.282051265239716     
  0.3076923      0.307692289352417     
  0.3333333      0.333333313465118     
  0.3589744      0.358974337577820     
  0.3846154      0.384615361690521     
  0.4102564      0.410256385803223     
  0.4358974      0.435897409915924     
  0.4615385      0.461538434028625     
  0.4871795      0.487179458141327     
  0.5128205      0.512820482254028     
  0.5384616      0.538461506366730     
  0.5641026      0.564102530479431     
  0.5897436      0.589743554592133     
  0.6153846      0.615384578704834     
  0.6410257      0.641025602817535     
  0.6666667      0.666666626930237     
  0.6923077      0.692307651042938     
  0.7179487      0.717948675155640     
  0.7435898      0.743589699268341     
  0.7692308      0.769230723381042     
  0.7948718      0.794871747493744     
  0.8205128      0.820512771606445     
  0.8461539      0.846153795719147     
  0.8717949      0.871794819831848     
  0.8974359      0.897435843944550     
  0.9230769      0.923076868057251     
  0.9487180      0.948717951774597     
  0.9743590      0.974358975887299     
   1.000000       1.00000000000000     
