  1.1235955E-02  0.000000000000000E+000
  2.2471910E-02  2.247191011235943E-002
  3.3707865E-02  3.370786516853917E-002
  4.4943821E-02  4.494382022471886E-002
  5.6179777E-02  5.617977528089853E-002
  6.7415729E-02  6.741573033707833E-002
  7.8651689E-02  7.865168539325802E-002
  8.9887641E-02  8.988764044943776E-002
  0.1011236      0.101123595505617     
  0.1123596      0.112359550561797     
  0.1235955      0.123595505617977     
  0.1348315      0.134831460674157     
  0.1460674      0.146067415730337     
  0.1573034      0.157303370786516     
  0.1685393      0.168539325842696     
  0.1797753      0.179775280898876     
  0.1910112      0.191011235955056     
  0.2022472      0.202247191011236     
  0.2134831      0.213483146067415     
  0.2247191      0.224719101123595     
  0.2359551      0.235955056179775     
  0.2471910      0.247191011235955     
  0.2584270      0.258426966292135     
  0.2696629      0.269662921348314     
  0.2808989      0.280898876404494     
  0.2921348      0.292134831460674     
  0.3033708      0.303370786516854     
  0.3146068      0.314606741573033     
  0.3258427      0.325842696629213     
  0.3370787      0.337078651685393     
  0.3483146      0.348314606741572     
  0.3595506      0.359550561797752     
  0.3707865      0.370786516853932     
  0.3820225      0.382022471910112     
  0.3932584      0.393258426966291     
  0.4044944      0.404494382022471     
  0.4157303      0.415730337078651     
  0.4269663      0.426966292134830     
  0.4382023      0.438202247191010     
  0.4494382      0.449438202247190     
  0.4606742      0.460674157303370     
  0.4719101      0.471910112359549     
  0.4831461      0.483146067415729     
  0.4943820      0.494382022471909     
  0.5056180      0.505617977528089     
  0.5168539      0.516853932584269     
  0.5280899      0.528089887640449     
  0.5393258      0.539325842696629     
  0.5505618      0.550561797752808     
  0.5617977      0.561797752808988     
  0.5730337      0.573033707865168     
  0.5842696      0.584269662921347     
  0.5955056      0.595505617977528     
  0.6067415      0.606741573033707     
  0.6179775      0.617977528089888     
  0.6292135      0.629213483146067     
  0.6404495      0.640449438202247     
  0.6516854      0.651685393258427     
  0.6629214      0.662921348314607     
  0.6741573      0.674157303370787     
  0.6853933      0.685393258426967     
  0.6966292      0.696629213483147     
  0.7078652      0.707865168539327     
  0.7191011      0.719101123595507     
  0.7303371      0.730337078651686     
  0.7415730      0.741573033707867     
  0.7528090      0.752808988764046     
  0.7640449      0.764044943820226     
  0.7752809      0.775280898876405     
  0.7865168      0.786516853932585     
  0.7977528      0.797752808988765     
  0.8089887      0.808988764044945     
  0.8202247      0.820224719101124     
  0.8314607      0.831460674157304     
  0.8426966      0.842696629213484     
  0.8539326      0.853932584269664     
  0.8651685      0.865168539325843     
  0.8764045      0.876404494382023     
  0.8876405      0.887640449438203     
  0.8988764      0.898876404494382     
  0.9101124      0.910112359550562     
  0.9213483      0.921348314606742     
  0.9325843      0.932584269662921     
  0.9438202      0.943820224719101     
  0.9550562      0.955056179775281     
  0.9662921      0.966292134831461     
  0.9775281      0.977528089887640     
  0.9887640      0.988764044943820     
   1.000000       1.00000000000000     
