  2.0000000E-02  1.999999955296516418457031250000000E-0002
  3.9999999E-02  3.999999910593032836914062500000000E-0002
  5.9999999E-02  5.999999865889549255371093750000000E-0002
  7.9999998E-02  7.999999821186065673828125000000000E-0002
  0.1000000      0.100000001490116119384765625000000      
  0.1200000      0.119999997317790985107421875000000      
  0.1400000      0.140000000596046447753906250000000      
  0.1600000      0.159999996423721313476562500000000      
  0.1800000      0.180000007152557373046875000000000      
  0.2000000      0.200000002980232238769531250000000      
  0.2200000      0.219999998807907104492187500000000      
  0.2400000      0.239999994635581970214843750000000      
  0.2600000      0.259999990463256835937500000000000      
  0.2800000      0.280000001192092895507812500000000      
  0.3000000      0.300000011920928955078125000000000      
  0.3200000      0.319999992847442626953125000000000      
  0.3400000      0.340000003576278686523437500000000      
  0.3600000      0.360000014305114746093750000000000      
  0.3800000      0.379999995231628417968750000000000      
  0.4000000      0.400000005960464477539062500000000      
  0.4200000      0.419999986886978149414062500000000      
  0.4400000      0.439999997615814208984375000000000      
  0.4600000      0.460000008344650268554687500000000      
  0.4800000      0.479999989271163940429687500000000      
  0.5000000      0.500000000000000000000000000000000      
  0.5200000      0.519999980926513671875000000000000      
  0.5400000      0.540000021457672119140625000000000      
  0.5600000      0.560000002384185791015625000000000      
  0.5800000      0.579999983310699462890625000000000      
  0.6000000      0.600000023841857910156250000000000      
  0.6200000      0.620000004768371582031250000000000      
  0.6400000      0.639999985694885253906250000000000      
  0.6600000      0.660000026226043701171875000000000      
  0.6800000      0.680000007152557373046875000000000      
  0.7000000      0.699999988079071044921875000000000      
  0.7200000      0.720000028610229492187500000000000      
  0.7400000      0.740000009536743164062500000000000      
  0.7600000      0.759999990463256835937500000000000      
  0.7800000      0.779999971389770507812500000000000      
  0.8000000      0.800000011920928955078125000000000      
  0.8200000      0.819999992847442626953125000000000      
  0.8400000      0.839999973773956298828125000000000      
  0.8600000      0.860000014305114746093750000000000      
  0.8800000      0.879999995231628417968750000000000      
  0.9000000      0.899999976158142089843750000000000      
  0.9200000      0.920000016689300537109375000000000      
  0.9400000      0.939999997615814208984375000000000      
  0.9600000      0.959999978542327880859375000000000      
  0.9800000      0.980000019073486328125000000000000      
   1.000000       1.00000000000000000000000000000000      
