  1.1235955E-02  1.1235955E-02
  2.2471910E-02  2.2471910E-02
  3.3707865E-02  3.3707865E-02
  4.4943821E-02  4.4943821E-02
  5.6179777E-02  5.6179777E-02
  6.7415729E-02  6.7415729E-02
  7.8651689E-02  7.8651689E-02
  8.9887641E-02  8.9887641E-02
  0.1011236      0.1011236    
  0.1123596      0.1123596    
  0.1235955      0.1235955    
  0.1348315      0.1348315    
  0.1460674      0.1460674    
  0.1573034      0.1573034    
  0.1685393      0.1685393    
  0.1797753      0.1797753    
  0.1910112      0.1910112    
  0.2022472      0.2022472    
  0.2134831      0.2134832    
  0.2247191      0.2247191    
  0.2359551      0.2359551    
  0.2471910      0.2471910    
  0.2584270      0.2584270    
  0.2696629      0.2696629    
  0.2808989      0.2808989    
  0.2921348      0.2921348    
  0.3033708      0.3033708    
  0.3146068      0.3146068    
  0.3258427      0.3258427    
  0.3370787      0.3370787    
  0.3483146      0.3483146    
  0.3595506      0.3595506    
  0.3707865      0.3707865    
  0.3820225      0.3820225    
  0.3932584      0.3932584    
  0.4044944      0.4044944    
  0.4157303      0.4157303    
  0.4269663      0.4269663    
  0.4382023      0.4382023    
  0.4494382      0.4494382    
  0.4606742      0.4606742    
  0.4719101      0.4719101    
  0.4831461      0.4831461    
  0.4943820      0.4943820    
  0.5056180      0.5056180    
  0.5168539      0.5168539    
  0.5280899      0.5280899    
  0.5393258      0.5393258    
  0.5505618      0.5505618    
  0.5617977      0.5617977    
  0.5730337      0.5730337    
  0.5842696      0.5842696    
  0.5955056      0.5955056    
  0.6067415      0.6067416    
  0.6179775      0.6179776    
  0.6292135      0.6292135    
  0.6404495      0.6404495    
  0.6516854      0.6516854    
  0.6629214      0.6629214    
  0.6741573      0.6741573    
  0.6853933      0.6853933    
  0.6966292      0.6966292    
  0.7078652      0.7078652    
  0.7191011      0.7191011    
  0.7303371      0.7303371    
  0.7415730      0.7415730    
  0.7528090      0.7528090    
  0.7640449      0.7640449    
  0.7752809      0.7752809    
  0.7865168      0.7865168    
  0.7977528      0.7977528    
  0.8089887      0.8089887    
  0.8202247      0.8202247    
  0.8314607      0.8314607    
  0.8426966      0.8426967    
  0.8539326      0.8539326    
  0.8651685      0.8651686    
  0.8764045      0.8764045    
  0.8876405      0.8876405    
  0.8988764      0.8988764    
  0.9101124      0.9101124    
  0.9213483      0.9213483    
  0.9325843      0.9325843    
  0.9438202      0.9438202    
  0.9550562      0.9550562    
  0.9662921      0.9662921    
  0.9775281      0.9775281    
  0.9887640      0.9887640    
   1.000000       1.000000    
