  2.3809524E-02  0.0000000E+00
  4.7619049E-02  4.7619238E-02
  7.1428575E-02  7.1428843E-02
  9.5238097E-02  9.5238477E-02
  0.1190476      0.1190481    
  0.1428571      0.1428577    
  0.1666667      0.1666673    
  0.1904762      0.1904768    
  0.2142857      0.2142865    
  0.2380952      0.2380961    
  0.2619048      0.2619057    
  0.2857143      0.2857153    
  0.3095238      0.3095249    
  0.3333333      0.3333345    
  0.3571429      0.3571441    
  0.3809524      0.3809536    
  0.4047619      0.4047633    
  0.4285714      0.4285728    
  0.4523810      0.4523826    
  0.4761905      0.4761921    
  0.5000000      0.5000016    
  0.5238096      0.5238113    
  0.5476190      0.5476208    
  0.5714286      0.5714306    
  0.5952381      0.5952400    
  0.6190476      0.6190496    
  0.6428571      0.6428590    
  0.6666667      0.6666686    
  0.6904762      0.6904781    
  0.7142857      0.7142876    
  0.7380952      0.7380971    
  0.7619048      0.7619064    
  0.7857143      0.7857158    
  0.8095238      0.8095253    
  0.8333333      0.8333346    
  0.8571429      0.8571441    
  0.8809524      0.8809535    
  0.9047619      0.9047629    
  0.9285714      0.9285722    
  0.9523810      0.9523816    
  0.9761904      0.9761909    
   1.000000       1.000000    
