  2.8571429E-02  2.857142686843872E-002
  5.7142857E-02  5.714285373687744E-002
  8.5714288E-02  8.571428060531616E-002
  0.1142857      0.114285707473755     
  0.1428571      0.142857134342194     
  0.1714286      0.171428561210632     
  0.2000000      0.199999988079071     
  0.2285714      0.228571414947510     
  0.2571429      0.257142841815948     
  0.2857143      0.285714268684387     
  0.3142857      0.314285695552826     
  0.3428572      0.342857122421265     
  0.3714286      0.371428549289703     
  0.4000000      0.399999976158142     
  0.4285714      0.428571403026581     
  0.4571429      0.457142829895020     
  0.4857143      0.485714256763458     
  0.5142857      0.514285683631897     
  0.5428572      0.542857110500336     
  0.5714286      0.571428537368774     
  0.6000000      0.599999964237213     
  0.6285715      0.628571391105652     
  0.6571429      0.657142817974091     
  0.6857143      0.685714244842529     
  0.7142857      0.714285671710968     
  0.7428572      0.742857098579407     
  0.7714286      0.771428525447845     
  0.8000000      0.799999952316284     
  0.8285714      0.828571379184723     
  0.8571429      0.857142806053162     
  0.8857143      0.885714232921600     
  0.9142857      0.914285659790039     
  0.9428571      0.942857146263123     
  0.9714286      0.971428573131561     
   1.000000       1.00000000000000     
