  1.0638298E-02  1.063829753547906875610351562500000E-0002
  2.1276595E-02  2.127659507095813751220703125000000E-0002
  3.1914894E-02  3.191489353775978088378906250000000E-0002
  4.2553190E-02  4.255319014191627502441406250000000E-0002
  5.3191490E-02  5.319149047136306762695312500000000E-0002
  6.3829787E-02  6.382978707551956176757812500000000E-0002
  7.4468084E-02  7.446808367967605590820312500000000E-0002
  8.5106380E-02  8.510638028383255004882812500000000E-0002
  9.5744684E-02  9.574468433856964111328125000000000E-0002
  0.1063830      0.106382980942726135253906250000000      
  0.1170213      0.117021277546882629394531250000000      
  0.1276596      0.127659574151039123535156250000000      
  0.1382979      0.138297870755195617675781250000000      
  0.1489362      0.148936167359352111816406250000000      
  0.1595745      0.159574463963508605957031250000000      
  0.1702128      0.170212760567665100097656250000000      
  0.1808511      0.180851057171821594238281250000000      
  0.1914894      0.191489368677139282226562500000000      
  0.2021277      0.202127665281295776367187500000000      
  0.2127660      0.212765961885452270507812500000000      
  0.2234043      0.223404258489608764648437500000000      
  0.2340426      0.234042555093765258789062500000000      
  0.2446809      0.244680851697921752929687500000000      
  0.2553191      0.255319148302078247070312500000000      
  0.2659574      0.265957444906234741210937500000000      
  0.2765957      0.276595741510391235351562500000000      
  0.2872340      0.287234038114547729492187500000000      
  0.2978723      0.297872334718704223632812500000000      
  0.3085106      0.308510631322860717773437500000000      
  0.3191489      0.319148927927017211914062500000000      
  0.3297872      0.329787224531173706054687500000000      
  0.3404255      0.340425521135330200195312500000000      
  0.3510638      0.351063817739486694335937500000000      
  0.3617021      0.361702114343643188476562500000000      
  0.3723404      0.372340410947799682617187500000000      
  0.3829787      0.382978737354278564453125000000000      
  0.3936170      0.393617033958435058593750000000000      
  0.4042553      0.404255330562591552734375000000000      
  0.4148936      0.414893627166748046875000000000000      
  0.4255319      0.425531923770904541015625000000000      
  0.4361702      0.436170220375061035156250000000000      
  0.4468085      0.446808516979217529296875000000000      
  0.4574468      0.457446813583374023437500000000000      
  0.4680851      0.468085110187530517578125000000000      
  0.4787234      0.478723406791687011718750000000000      
  0.4893617      0.489361703395843505859375000000000      
  0.5000000      0.500000000000000000000000000000000      
  0.5106383      0.510638296604156494140625000000000      
  0.5212766      0.521276593208312988281250000000000      
  0.5319149      0.531914889812469482421875000000000      
  0.5425532      0.542553186416625976562500000000000      
  0.5531915      0.553191483020782470703125000000000      
  0.5638298      0.563829779624938964843750000000000      
  0.5744681      0.574468076229095458984375000000000      
  0.5851064      0.585106372833251953125000000000000      
  0.5957447      0.595744669437408447265625000000000      
  0.6063830      0.606382966041564941406250000000000      
  0.6170213      0.617021262645721435546875000000000      
  0.6276596      0.627659559249877929687500000000000      
  0.6382979      0.638297855854034423828125000000000      
  0.6489362      0.648936152458190917968750000000000      
  0.6595744      0.659574449062347412109375000000000      
  0.6702127      0.670212745666503906250000000000000      
  0.6808510      0.680851042270660400390625000000000      
  0.6914893      0.691489338874816894531250000000000      
  0.7021276      0.702127635478973388671875000000000      
  0.7127659      0.712765932083129882812500000000000      
  0.7234042      0.723404228687286376953125000000000      
  0.7340425      0.734042525291442871093750000000000      
  0.7446808      0.744680821895599365234375000000000      
  0.7553192      0.755319178104400634765625000000000      
  0.7659575      0.765957474708557128906250000000000      
  0.7765958      0.776595771312713623046875000000000      
  0.7872341      0.787234067916870117187500000000000      
  0.7978724      0.797872364521026611328125000000000      
  0.8085107      0.808510661125183105468750000000000      
  0.8191490      0.819148957729339599609375000000000      
  0.8297873      0.829787254333496093750000000000000      
  0.8404256      0.840425550937652587890625000000000      
  0.8510638      0.851063847541809082031250000000000      
  0.8617021      0.861702144145965576171875000000000      
  0.8723404      0.872340440750122070312500000000000      
  0.8829787      0.882978737354278564453125000000000      
  0.8936170      0.893617033958435058593750000000000      
  0.9042553      0.904255330562591552734375000000000      
  0.9148936      0.914893627166748046875000000000000      
  0.9255319      0.925531923770904541015625000000000      
  0.9361702      0.936170220375061035156250000000000      
  0.9468085      0.946808516979217529296875000000000      
  0.9574468      0.957446813583374023437500000000000      
  0.9680851      0.968085110187530517578125000000000      
  0.9787234      0.978723406791687011718750000000000      
  0.9893617      0.989361703395843505859375000000000      
   1.000000       1.00000000000000000000000000000000      
