  2.3255814E-02  0.000000000000000E+000
  4.6511628E-02  4.651162790697694E-002
  6.9767445E-02  6.976744186046538E-002
  9.3023255E-02  9.302325581395388E-002
  0.1162791      0.116279069767442     
  0.1395349      0.139534883720931     
  0.1627907      0.162790697674419     
  0.1860465      0.186046511627908     
  0.2093023      0.209302325581396     
  0.2325581      0.232558139534885     
  0.2558140      0.255813953488373     
  0.2790698      0.279069767441862     
  0.3023256      0.302325581395350     
  0.3255814      0.325581395348838     
  0.3488372      0.348837209302327     
  0.3720930      0.372093023255816     
  0.3953488      0.395348837209304     
  0.4186046      0.418604651162792     
  0.4418605      0.441860465116281     
  0.4651163      0.465116279069769     
  0.4883721      0.488372093023258     
  0.5116279      0.511627906976746     
  0.5348837      0.534883720930235     
  0.5581396      0.558139534883723     
  0.5813953      0.581395348837212     
  0.6046512      0.604651162790700     
  0.6279070      0.627906976744188     
  0.6511628      0.651162790697677     
  0.6744186      0.674418604651165     
  0.6976744      0.697674418604653     
  0.7209302      0.720930232558141     
  0.7441860      0.744186046511630     
  0.7674419      0.767441860465118     
  0.7906977      0.790697674418606     
  0.8139535      0.813953488372095     
  0.8372093      0.837209302325583     
  0.8604651      0.860465116279071     
  0.8837209      0.883720930232559     
  0.9069768      0.906976744186047     
  0.9302326      0.930232558139535     
  0.9534883      0.953488372093024     
  0.9767442      0.976744186046512     
   1.000000       1.00000000000000     
