  1.5873017E-02  0.0000000E+00
  3.1746034E-02  3.1746458E-02
  4.7619049E-02  4.7619663E-02
  6.3492067E-02  6.3492902E-02
  7.9365082E-02  7.9366140E-02
  9.5238097E-02  9.5239297E-02
  0.1111111      0.1111126    
  0.1269841      0.1269858    
  0.1428571      0.1428590    
  0.1587302      0.1587322    
  0.1746032      0.1746054    
  0.1904762      0.1904786    
  0.2063492      0.2063519    
  0.2222222      0.2222252    
  0.2380952      0.2380984    
  0.2539683      0.2539716    
  0.2698413      0.2698448    
  0.2857143      0.2857180    
  0.3015873      0.3015912    
  0.3174603      0.3174644    
  0.3333333      0.3333375    
  0.3492064      0.3492107    
  0.3650794      0.3650839    
  0.3809524      0.3809569    
  0.3968254      0.3968301    
  0.4126984      0.4127032    
  0.4285714      0.4285764    
  0.4444444      0.4444494    
  0.4603175      0.4603226    
  0.4761905      0.4761956    
  0.4920635      0.4920685    
  0.5079365      0.5079418    
  0.5238096      0.5238148    
  0.5396826      0.5396877    
  0.5555556      0.5555609    
  0.5714286      0.5714338    
  0.5873016      0.5873068    
  0.6031746      0.6031797    
  0.6190476      0.6190528    
  0.6349207      0.6349258    
  0.6507937      0.6507987    
  0.6666667      0.6666716    
  0.6825397      0.6825446    
  0.6984127      0.6984175    
  0.7142857      0.7142904    
  0.7301587      0.7301635    
  0.7460318      0.7460364    
  0.7619048      0.7619092    
  0.7777778      0.7777821    
  0.7936508      0.7936551    
  0.8095238      0.8095278    
  0.8253968      0.8254005    
  0.8412699      0.8412732    
  0.8571429      0.8571460    
  0.8730159      0.8730188    
  0.8888889      0.8888915    
  0.9047619      0.9047644    
  0.9206349      0.9206372    
  0.9365079      0.9365100    
  0.9523810      0.9523826    
  0.9682540      0.9682552    
  0.9841270      0.9841278    
   1.000000       1.000000    
