  1.0309278E-02  1.030927803367376E-002
  2.0618556E-02  2.061855606734753E-002
  3.0927835E-02  3.092783316969872E-002
  4.1237112E-02  4.123711213469505E-002
  5.1546391E-02  5.154639109969139E-002
  6.1855670E-02  6.185566633939743E-002
  7.2164945E-02  7.216494530439377E-002
  8.2474224E-02  8.247422426939011E-002
  9.2783503E-02  9.278350323438644E-002
  0.1030928      0.103092782199383     
  0.1134021      0.113402061164379     
  0.1237113      0.123711332678795     
  0.1340206      0.134020611643791     
  0.1443299      0.144329890608788     
  0.1546392      0.154639169573784     
  0.1649484      0.164948448538780     
  0.1752577      0.175257727503777     
  0.1855670      0.185567006468773     
  0.1958763      0.195876285433769     
  0.2061856      0.206185564398766     
  0.2164948      0.216494843363762     
  0.2268041      0.226804122328758     
  0.2371134      0.237113401293755     
  0.2474227      0.247422665357590     
  0.2577319      0.257731944322586     
  0.2680412      0.268041223287582     
  0.2783505      0.278350502252579     
  0.2886598      0.288659781217575     
  0.2989691      0.298969060182571     
  0.3092783      0.309278339147568     
  0.3195876      0.319587618112564     
  0.3298969      0.329896897077560     
  0.3402062      0.340206176042557     
  0.3505155      0.350515455007553     
  0.3608247      0.360824733972549     
  0.3711340      0.371134012937546     
  0.3814433      0.381443291902542     
  0.3917526      0.391752570867538     
  0.4020618      0.402061849832535     
  0.4123711      0.412371128797531     
  0.4226804      0.422680407762527     
  0.4329897      0.432989686727524     
  0.4432990      0.443298965692520     
  0.4536082      0.453608244657516     
  0.4639175      0.463917523622513     
  0.4742268      0.474226802587509     
  0.4845361      0.484536081552505     
  0.4948454      0.494845330715179     
  0.5051546      0.505154609680176     
  0.5154639      0.515463888645172     
  0.5257732      0.525773167610168     
  0.5360824      0.536082446575165     
  0.5463917      0.546391725540161     
  0.5567010      0.556701004505157     
  0.5670103      0.567010283470154     
  0.5773196      0.577319562435150     
  0.5876288      0.587628841400146     
  0.5979381      0.597938120365143     
  0.6082474      0.608247399330139     
  0.6185567      0.618556678295135     
  0.6288660      0.628865957260132     
  0.6391752      0.639175236225128     
  0.6494845      0.649484515190125     
  0.6597938      0.659793794155121     
  0.6701031      0.670103073120117     
  0.6804124      0.680412352085114     
  0.6907216      0.690721631050110     
  0.7010309      0.701030910015106     
  0.7113402      0.711340188980103     
  0.7216495      0.721649467945099     
  0.7319587      0.731958746910095     
  0.7422680      0.742268025875092     
  0.7525773      0.752577304840088     
  0.7628866      0.762886583805084     
  0.7731959      0.773195862770081     
  0.7835051      0.783505141735077     
  0.7938144      0.793814420700073     
  0.8041237      0.804123699665070     
  0.8144330      0.814432978630066     
  0.8247423      0.824742257595062     
  0.8350515      0.835051536560059     
  0.8453608      0.845360815525055     
  0.8556701      0.855670094490051     
  0.8659794      0.865979373455048     
  0.8762887      0.876288652420044     
  0.8865979      0.886597931385040     
  0.8969072      0.896907210350037     
  0.9072165      0.907216489315033     
  0.9175258      0.917525768280029     
  0.9278350      0.927835047245026     
  0.9381443      0.938144326210022     
  0.9484536      0.948453605175018     
  0.9587629      0.958762884140015     
  0.9690722      0.969072163105011     
  0.9793814      0.979381442070007     
  0.9896907      0.989690661430359     
   1.000000       1.00000000000000     
