  3.7037037E-02  0.0000000E+00
  7.4074075E-02  7.4074194E-02
  0.1111111      0.1111113    
  0.1481481      0.1481484    
  0.1851852      0.1851854    
  0.2222222      0.2222225    
  0.2592593      0.2592596    
  0.2962963      0.2962967    
  0.3333333      0.3333336    
  0.3703704      0.3703707    
  0.4074074      0.4074078    
  0.4444444      0.4444448    
  0.4814815      0.4814818    
  0.5185185      0.5185189    
  0.5555556      0.5555558    
  0.5925926      0.5925929    
  0.6296296      0.6296301    
  0.6666667      0.6666670    
  0.7037037      0.7037040    
  0.7407407      0.7407410    
  0.7777778      0.7777779    
  0.8148148      0.8148148    
  0.8518519      0.8518518    
  0.8888889      0.8888888    
  0.9259259      0.9259259    
  0.9629630      0.9629630    
   1.000000      0.9999999    
