  1.6129032E-02  0.000000000000000E+000
  3.2258064E-02  3.225806451612888E-002
  4.8387095E-02  4.838709677419332E-002
  6.4516127E-02  6.451612903225779E-002
  8.0645159E-02  8.064516129032219E-002
  9.6774191E-02  9.677419354838658E-002
  0.1129032      0.112903225806451     
  0.1290323      0.129032258064516     
  0.1451613      0.145161290322580     
  0.1612903      0.161290322580644     
  0.1774193      0.177419354838709     
  0.1935484      0.193548387096773     
  0.2096774      0.209677419354838     
  0.2258064      0.225806451612902     
  0.2419355      0.241935483870967     
  0.2580645      0.258064516129031     
  0.2741936      0.274193548387096     
  0.2903226      0.290322580645160     
  0.3064516      0.306451612903225     
  0.3225806      0.322580645161289     
  0.3387097      0.338709677419354     
  0.3548387      0.354838709677418     
  0.3709677      0.370967741935483     
  0.3870968      0.387096774193547     
  0.4032258      0.403225806451612     
  0.4193548      0.419354838709676     
  0.4354839      0.435483870967741     
  0.4516129      0.451612903225805     
  0.4677419      0.467741935483870     
  0.4838710      0.483870967741934     
  0.5000000      0.499999999999998     
  0.5161290      0.516129032258063     
  0.5322581      0.532258064516127     
  0.5483871      0.548387096774192     
  0.5645161      0.564516129032256     
  0.5806451      0.580645161290320     
  0.5967742      0.596774193548385     
  0.6129032      0.612903225806449     
  0.6290323      0.629032258064514     
  0.6451613      0.645161290322578     
  0.6612903      0.661290322580643     
  0.6774194      0.677419354838707     
  0.6935484      0.693548387096772     
  0.7096774      0.709677419354836     
  0.7258065      0.725806451612900     
  0.7419355      0.741935483870965     
  0.7580645      0.758064516129030     
  0.7741935      0.774193548387094     
  0.7903226      0.790322580645159     
  0.8064516      0.806451612903223     
  0.8225806      0.822580645161288     
  0.8387097      0.838709677419353     
  0.8548387      0.854838709677417     
  0.8709677      0.870967741935482     
  0.8870968      0.887096774193547     
  0.9032258      0.903225806451611     
  0.9193549      0.919354838709676     
  0.9354839      0.935483870967741     
  0.9516129      0.951612903225806     
  0.9677419      0.967741935483870     
  0.9838710      0.983870967741935     
   1.000000       1.00000000000000     
