  2.1739131E-02  2.173913083970546722412109375000000E-0002
  4.3478262E-02  4.347826167941093444824218750000000E-0002
  6.5217391E-02  6.521739065647125244140625000000000E-0002
  8.6956523E-02  8.695652335882186889648437500000000E-0002
  0.1086956      0.108695648610591888427734375000000      
  0.1304348      0.130434781312942504882812500000000      
  0.1521739      0.152173906564712524414062500000000      
  0.1739130      0.173913046717643737792968750000000      
  0.1956522      0.195652171969413757324218750000000      
  0.2173913      0.217391297221183776855468750000000      
  0.2391304      0.239130437374114990234375000000000      
  0.2608696      0.260869562625885009765625000000000      
  0.2826087      0.282608687877655029296875000000000      
  0.3043478      0.304347813129425048828125000000000      
  0.3260870      0.326086968183517456054687500000000      
  0.3478261      0.347826093435287475585937500000000      
  0.3695652      0.369565218687057495117187500000000      
  0.3913043      0.391304343938827514648437500000000      
  0.4130435      0.413043469190597534179687500000000      
  0.4347826      0.434782594442367553710937500000000      
  0.4565217      0.456521749496459960937500000000000      
  0.4782609      0.478260874748229980468750000000000      
  0.5000000      0.500000000000000000000000000000000      
  0.5217391      0.521739125251770019531250000000000      
  0.5434783      0.543478250503540039062500000000000      
  0.5652174      0.565217375755310058593750000000000      
  0.5869565      0.586956501007080078125000000000000      
  0.6086956      0.608695626258850097656250000000000      
  0.6304348      0.630434811115264892578125000000000      
  0.6521739      0.652173936367034912109375000000000      
  0.6739131      0.673913061618804931640625000000000      
  0.6956522      0.695652186870574951171875000000000      
  0.7173913      0.717391312122344970703125000000000      
  0.7391304      0.739130437374114990234375000000000      
  0.7608696      0.760869562625885009765625000000000      
  0.7826087      0.782608687877655029296875000000000      
  0.8043478      0.804347813129425048828125000000000      
  0.8260869      0.826086938381195068359375000000000      
  0.8478261      0.847826063632965087890625000000000      
  0.8695652      0.869565188884735107421875000000000      
  0.8913044      0.891304373741149902343750000000000      
  0.9130435      0.913043498992919921875000000000000      
  0.9347826      0.934782624244689941406250000000000      
  0.9565217      0.956521749496459960937500000000000      
  0.9782609      0.978260874748229980468750000000000      
   1.000000       1.00000000000000000000000000000000      
