  1.0204081E-02  1.020408142358065E-002
  2.0408163E-02  2.040816284716129E-002
  3.0612245E-02  3.061224520206451E-002
  4.0816326E-02  4.081632569432259E-002
  5.1020410E-02  5.102040618658066E-002
  6.1224490E-02  6.122449040412903E-002
  7.1428575E-02  7.142856717109680E-002
  8.1632651E-02  8.163265138864517E-002
  9.1836736E-02  9.183673560619354E-002
  0.1020408      0.102040812373161     
  0.1122449      0.112244896590710     
  0.1224490      0.122448980808258     
  0.1326531      0.132653057575226     
  0.1428571      0.142857134342194     
  0.1530612      0.153061226010323     
  0.1632653      0.163265302777290     
  0.1734694      0.173469379544258     
  0.1836735      0.183673471212387     
  0.1938775      0.193877547979355     
  0.2040816      0.204081624746323     
  0.2142857      0.214285716414452     
  0.2244898      0.224489793181419     
  0.2346939      0.234693869948387     
  0.2448980      0.244897961616516     
  0.2551020      0.255102038383484     
  0.2653061      0.265306115150452     
  0.2755102      0.275510191917419     
  0.2857143      0.285714268684387     
  0.2959184      0.295918375253677     
  0.3061225      0.306122452020645     
  0.3163265      0.316326528787613     
  0.3265306      0.326530605554581     
  0.3367347      0.336734682321548     
  0.3469388      0.346938759088516     
  0.3571429      0.357142835855484     
  0.3673469      0.367346942424774     
  0.3775510      0.377551019191742     
  0.3877551      0.387755095958710     
  0.3979592      0.397959172725677     
  0.4081633      0.408163249492645     
  0.4183674      0.418367326259613     
  0.4285714      0.428571432828903     
  0.4387755      0.438775509595871     
  0.4489796      0.448979586362839     
  0.4591837      0.459183663129807     
  0.4693878      0.469387739896774     
  0.4795918      0.479591816663742     
  0.4897959      0.489795923233032     
  0.5000000      0.500000000000000     
  0.5102041      0.510204076766968     
  0.5204082      0.520408153533936     
  0.5306122      0.530612230300903     
  0.5408163      0.540816307067871     
  0.5510204      0.551020383834839     
  0.5612245      0.561224460601807     
  0.5714286      0.571428537368774     
  0.5816327      0.581632614135742     
  0.5918368      0.591836750507355     
  0.6020408      0.602040827274323     
  0.6122449      0.612244904041290     
  0.6224490      0.622448980808258     
  0.6326531      0.632653057575226     
  0.6428571      0.642857134342194     
  0.6530612      0.653061211109161     
  0.6632653      0.663265287876129     
  0.6734694      0.673469364643097     
  0.6836734      0.683673441410065     
  0.6938776      0.693877518177032     
  0.7040817      0.704081594944000     
  0.7142857      0.714285671710968     
  0.7244898      0.724489808082581     
  0.7346939      0.734693884849548     
  0.7448980      0.744897961616516     
  0.7551020      0.755102038383484     
  0.7653061      0.765306115150452     
  0.7755102      0.775510191917419     
  0.7857143      0.785714268684387     
  0.7959183      0.795918345451355     
  0.8061224      0.806122422218323     
  0.8163266      0.816326498985291     
  0.8265306      0.826530575752258     
  0.8367347      0.836734652519226     
  0.8469388      0.846938729286194     
  0.8571429      0.857142865657806     
  0.8673469      0.867346942424774     
  0.8775510      0.877551019191742     
  0.8877551      0.887755095958710     
  0.8979592      0.897959172725677     
  0.9081632      0.908163249492645     
  0.9183673      0.918367326259613     
  0.9285714      0.928571403026581     
  0.9387755      0.938775479793549     
  0.9489796      0.948979556560516     
  0.9591837      0.959183633327484     
  0.9693878      0.969387710094452     
  0.9795918      0.979591846466064     
  0.9897959      0.989795923233032     
   1.000000       1.00000000000000     
