  2.7777778E-02  2.777777612209320E-002
  5.5555556E-02  5.555555224418640E-002
  8.3333336E-02  8.333332836627960E-002
  0.1111111      0.111111104488373     
  0.1388889      0.138888880610466     
  0.1666667      0.166666656732559     
  0.1944444      0.194444432854652     
  0.2222222      0.222222208976746     
  0.2500000      0.249999985098839     
  0.2777778      0.277777761220932     
  0.3055556      0.305555522441864     
  0.3333333      0.333333313465118     
  0.3611111      0.361111104488373     
  0.3888889      0.388888865709305     
  0.4166667      0.416666626930237     
  0.4444444      0.444444417953491     
  0.4722222      0.472222208976746     
  0.5000000      0.499999970197678     
  0.5277778      0.527777731418610     
  0.5555556      0.555555522441864     
  0.5833333      0.583333313465118     
  0.6111111      0.611111044883728     
  0.6388889      0.638888835906982     
  0.6666667      0.666666626930237     
  0.6944444      0.694444417953491     
  0.7222222      0.722222208976746     
  0.7500000      0.749999940395355     
  0.7777778      0.777777731418610     
  0.8055556      0.805555522441864     
  0.8333333      0.833333253860474     
  0.8611111      0.861111044883728     
  0.8888889      0.888888835906982     
  0.9166667      0.916666626930237     
  0.9444444      0.944444417953491     
  0.9722222      0.972222149372101     
   1.000000      0.999999940395355     
