  2.8571429E-02  2.857142873108386993408203125000000E-0002
  5.7142857E-02  5.714285746216773986816406250000000E-0002
  8.5714288E-02  8.571428805589675903320312500000000E-0002
  0.1142857      0.114285714924335479736328125000000      
  0.1428571      0.142857149243354797363281250000000      
  0.1714286      0.171428576111793518066406250000000      
  0.2000000      0.200000002980232238769531250000000      
  0.2285714      0.228571429848670959472656250000000      
  0.2571429      0.257142871618270874023437500000000      
  0.2857143      0.285714298486709594726562500000000      
  0.3142857      0.314285725355148315429687500000000      
  0.3428572      0.342857152223587036132812500000000      
  0.3714286      0.371428579092025756835937500000000      
  0.4000000      0.400000005960464477539062500000000      
  0.4285714      0.428571432828903198242187500000000      
  0.4571429      0.457142859697341918945312500000000      
  0.4857143      0.485714286565780639648437500000000      
  0.5142857      0.514285743236541748046875000000000      
  0.5428572      0.542857170104980468750000000000000      
  0.5714286      0.571428596973419189453125000000000      
  0.6000000      0.600000023841857910156250000000000      
  0.6285715      0.628571450710296630859375000000000      
  0.6571429      0.657142877578735351562500000000000      
  0.6857143      0.685714304447174072265625000000000      
  0.7142857      0.714285731315612792968750000000000      
  0.7428572      0.742857158184051513671875000000000      
  0.7714286      0.771428585052490234375000000000000      
  0.8000000      0.800000011920928955078125000000000      
  0.8285714      0.828571438789367675781250000000000      
  0.8571429      0.857142865657806396484375000000000      
  0.8857143      0.885714292526245117187500000000000      
  0.9142857      0.914285719394683837890625000000000      
  0.9428571      0.942857146263122558593750000000000      
  0.9714286      0.971428573131561279296875000000000      
   1.000000       1.00000000000000000000000000000000      
