  1.2500000E-02  1.250000018626451492309570312500000E-0002
  2.5000000E-02  2.500000037252902984619140625000000E-0002
  3.7500001E-02  3.750000149011611938476562500000000E-0002
  5.0000001E-02  5.000000074505805969238281250000000E-0002
  6.2500000E-02  6.250000000000000000000000000000000E-0002
  7.5000003E-02  7.500000298023223876953125000000000E-0002
  8.7499999E-02  8.749999850988388061523437500000000E-0002
  0.1000000      0.100000001490116119384765625000000      
  0.1125000      0.112499997019767761230468750000000      
  0.1250000      0.125000000000000000000000000000000      
  0.1375000      0.137500002980232238769531250000000      
  0.1500000      0.150000005960464477539062500000000      
  0.1625000      0.162499994039535522460937500000000      
  0.1750000      0.174999997019767761230468750000000      
  0.1875000      0.187500000000000000000000000000000      
  0.2000000      0.200000002980232238769531250000000      
  0.2125000      0.212500005960464477539062500000000      
  0.2250000      0.224999994039535522460937500000000      
  0.2375000      0.237499997019767761230468750000000      
  0.2500000      0.250000000000000000000000000000000      
  0.2625000      0.262499988079071044921875000000000      
  0.2750000      0.275000005960464477539062500000000      
  0.2875000      0.287499994039535522460937500000000      
  0.3000000      0.300000011920928955078125000000000      
  0.3125000      0.312500000000000000000000000000000      
  0.3250000      0.324999988079071044921875000000000      
  0.3375000      0.337500005960464477539062500000000      
  0.3500000      0.349999994039535522460937500000000      
  0.3625000      0.362500011920928955078125000000000      
  0.3750000      0.375000000000000000000000000000000      
  0.3875000      0.387499988079071044921875000000000      
  0.4000000      0.400000005960464477539062500000000      
  0.4125000      0.412499994039535522460937500000000      
  0.4250000      0.425000011920928955078125000000000      
  0.4375000      0.437500000000000000000000000000000      
  0.4500000      0.449999988079071044921875000000000      
  0.4625000      0.462500005960464477539062500000000      
  0.4750000      0.474999994039535522460937500000000      
  0.4875000      0.487500011920928955078125000000000      
  0.5000000      0.500000000000000000000000000000000      
  0.5125000      0.512499988079071044921875000000000      
  0.5250000      0.524999976158142089843750000000000      
  0.5375000      0.537500023841857910156250000000000      
  0.5500000      0.550000011920928955078125000000000      
  0.5625000      0.562500000000000000000000000000000      
  0.5750000      0.574999988079071044921875000000000      
  0.5875000      0.587499976158142089843750000000000      
  0.6000000      0.600000023841857910156250000000000      
  0.6125000      0.612500011920928955078125000000000      
  0.6250000      0.625000000000000000000000000000000      
  0.6375000      0.637499988079071044921875000000000      
  0.6500000      0.649999976158142089843750000000000      
  0.6625000      0.662500023841857910156250000000000      
  0.6750000      0.675000011920928955078125000000000      
  0.6875000      0.687500000000000000000000000000000      
  0.7000000      0.699999988079071044921875000000000      
  0.7125000      0.712499976158142089843750000000000      
  0.7250000      0.725000023841857910156250000000000      
  0.7375000      0.737500011920928955078125000000000      
  0.7500000      0.750000000000000000000000000000000      
  0.7625000      0.762499988079071044921875000000000      
  0.7750000      0.774999976158142089843750000000000      
  0.7875000      0.787500023841857910156250000000000      
  0.8000000      0.800000011920928955078125000000000      
  0.8125000      0.812500000000000000000000000000000      
  0.8250000      0.824999988079071044921875000000000      
  0.8375000      0.837499976158142089843750000000000      
  0.8500000      0.850000023841857910156250000000000      
  0.8625000      0.862500011920928955078125000000000      
  0.8750000      0.875000000000000000000000000000000      
  0.8875000      0.887499988079071044921875000000000      
  0.9000000      0.899999976158142089843750000000000      
  0.9125000      0.912500023841857910156250000000000      
  0.9250000      0.925000011920928955078125000000000      
  0.9375000      0.937500000000000000000000000000000      
  0.9500000      0.949999988079071044921875000000000      
  0.9625000      0.962499976158142089843750000000000      
  0.9750000      0.975000023841857910156250000000000      
  0.9875000      0.987500011920928955078125000000000      
   1.000000       1.00000000000000000000000000000000      
