  1.6949153E-02  1.6949153E-02
  3.3898305E-02  3.3898305E-02
  5.0847456E-02  5.0847456E-02
  6.7796610E-02  6.7796610E-02
  8.4745765E-02  8.4745765E-02
  0.1016949      0.1016949    
  0.1186441      0.1186441    
  0.1355932      0.1355932    
  0.1525424      0.1525424    
  0.1694915      0.1694915    
  0.1864407      0.1864407    
  0.2033898      0.2033898    
  0.2203390      0.2203390    
  0.2372881      0.2372881    
  0.2542373      0.2542373    
  0.2711864      0.2711864    
  0.2881356      0.2881356    
  0.3050847      0.3050847    
  0.3220339      0.3220339    
  0.3389831      0.3389831    
  0.3559322      0.3559322    
  0.3728814      0.3728814    
  0.3898305      0.3898305    
  0.4067796      0.4067796    
  0.4237288      0.4237288    
  0.4406780      0.4406780    
  0.4576271      0.4576271    
  0.4745763      0.4745763    
  0.4915254      0.4915254    
  0.5084746      0.5084746    
  0.5254237      0.5254237    
  0.5423729      0.5423729    
  0.5593221      0.5593221    
  0.5762712      0.5762712    
  0.5932204      0.5932204    
  0.6101695      0.6101695    
  0.6271186      0.6271186    
  0.6440678      0.6440678    
  0.6610169      0.6610169    
  0.6779661      0.6779661    
  0.6949152      0.6949152    
  0.7118644      0.7118644    
  0.7288136      0.7288136    
  0.7457627      0.7457627    
  0.7627119      0.7627119    
  0.7796610      0.7796610    
  0.7966102      0.7966102    
  0.8135593      0.8135593    
  0.8305085      0.8305085    
  0.8474576      0.8474576    
  0.8644068      0.8644068    
  0.8813559      0.8813559    
  0.8983051      0.8983051    
  0.9152542      0.9152542    
  0.9322034      0.9322034    
  0.9491525      0.9491525    
  0.9661017      0.9661017    
  0.9830508      0.9830508    
   1.000000       1.000000    
