  1.8181818E-02  0.000000000000000000000000000000000E+0000
  3.6363635E-02  3.636363636363636363636363636363659E-0002
  5.4545455E-02  5.454545454545454545454545454545489E-0002
  7.2727270E-02  7.272727272727272727272727272727318E-0002
  9.0909094E-02  9.090909090909090909090909090909145E-0002
  0.1090909      0.109090909090909090909090909090910      
  0.1272727      0.127272727272727272727272727272728      
  0.1454545      0.145454545454545454545454545454546      
  0.1636364      0.163636363636363636363636363636364      
  0.1818182      0.181818181818181818181818181818183      
  0.2000000      0.200000000000000000000000000000001      
  0.2181818      0.218181818181818181818181818181819      
  0.2363636      0.236363636363636363636363636363637      
  0.2545455      0.254545454545454545454545454545456      
  0.2727273      0.272727272727272727272727272727274      
  0.2909091      0.290909090909090909090909090909092      
  0.3090909      0.309090909090909090909090909090910      
  0.3272727      0.327272727272727272727272727272728      
  0.3454545      0.345454545454545454545454545454547      
  0.3636364      0.363636363636363636363636363636365      
  0.3818182      0.381818181818181818181818181818183      
  0.4000000      0.400000000000000000000000000000001      
  0.4181818      0.418181818181818181818181818181820      
  0.4363636      0.436363636363636363636363636363638      
  0.4545455      0.454545454545454545454545454545456      
  0.4727273      0.472727272727272727272727272727274      
  0.4909091      0.490909090909090909090909090909092      
  0.5090909      0.509090909090909090909090909090910      
  0.5272727      0.527272727272727272727272727272728      
  0.5454546      0.545454545454545454545454545454546      
  0.5636364      0.563636363636363636363636363636365      
  0.5818182      0.581818181818181818181818181818183      
  0.6000000      0.600000000000000000000000000000001      
  0.6181818      0.618181818181818181818181818181819      
  0.6363636      0.636363636363636363636363636363637      
  0.6545454      0.654545454545454545454545454545455      
  0.6727273      0.672727272727272727272727272727273      
  0.6909091      0.690909090909090909090909090909091      
  0.7090909      0.709090909090909090909090909090910      
  0.7272727      0.727272727272727272727272727272728      
  0.7454545      0.745454545454545454545454545454546      
  0.7636364      0.763636363636363636363636363636364      
  0.7818182      0.781818181818181818181818181818183      
  0.8000000      0.800000000000000000000000000000001      
  0.8181818      0.818181818181818181818181818181819      
  0.8363636      0.836363636363636363636363636363637      
  0.8545455      0.854545454545454545454545454545456      
  0.8727273      0.872727272727272727272727272727274      
  0.8909091      0.890909090909090909090909090909092      
  0.9090909      0.909090909090909090909090909090910      
  0.9272727      0.927272727272727272727272727272728      
  0.9454545      0.945454545454545454545454545454546      
  0.9636363      0.963636363636363636363636363636364      
  0.9818182      0.981818181818181818181818181818182      
   1.000000       1.00000000000000000000000000000000      
