  1.4084507E-02  0.0000000E+00
  2.8169014E-02  2.8169505E-02
  4.2253520E-02  4.2254254E-02
  5.6338027E-02  5.6338999E-02
  7.0422538E-02  7.0423760E-02
  8.4507041E-02  8.4508441E-02
  9.8591551E-02  9.8593205E-02
  0.1126761      0.1126780    
  0.1267606      0.1267626    
  0.1408451      0.1408474    
  0.1549296      0.1549321    
  0.1690141      0.1690169    
  0.1830986      0.1831017    
  0.1971831      0.1971864    
  0.2112676      0.2112711    
  0.2253521      0.2253558    
  0.2394366      0.2394406    
  0.2535211      0.2535253    
  0.2676056      0.2676099    
  0.2816902      0.2816948    
  0.2957746      0.2957793    
  0.3098592      0.3098639    
  0.3239437      0.3239488    
  0.3380282      0.3380333    
  0.3521127      0.3521179    
  0.3661972      0.3662025    
  0.3802817      0.3802871    
  0.3943662      0.3943720    
  0.4084507      0.4084566    
  0.4225352      0.4225413    
  0.4366197      0.4366257    
  0.4507042      0.4507103    
  0.4647887      0.4647948    
  0.4788733      0.4788794    
  0.4929577      0.4929639    
  0.5070422      0.5070485    
  0.5211267      0.5211328    
  0.5352113      0.5352173    
  0.5492958      0.5493018    
  0.5633803      0.5633861    
  0.5774648      0.5774705    
  0.5915493      0.5915548    
  0.6056338      0.6056393    
  0.6197183      0.6197238    
  0.6338028      0.6338083    
  0.6478873      0.6478925    
  0.6619718      0.6619769    
  0.6760563      0.6760613    
  0.6901408      0.6901458    
  0.7042254      0.7042302    
  0.7183099      0.7183145    
  0.7323943      0.7323988    
  0.7464789      0.7464834    
  0.7605634      0.7605678    
  0.7746479      0.7746521    
  0.7887324      0.7887365    
  0.8028169      0.8028208    
  0.8169014      0.8169051    
  0.8309859      0.8309894    
  0.8450704      0.8450736    
  0.8591549      0.8591579    
  0.8732395      0.8732423    
  0.8873239      0.8873265    
  0.9014084      0.9014107    
  0.9154930      0.9154950    
  0.9295775      0.9295791    
  0.9436620      0.9436634    
  0.9577465      0.9577476    
  0.9718310      0.9718319    
  0.9859155      0.9859161    
   1.000000       1.000000    
