  1.5384615E-02  0.000000000000000E+000
  3.0769231E-02  3.076923076923075E-002
  4.6153847E-02  4.615384615384614E-002
  6.1538462E-02  6.153846153846156E-002
  7.6923080E-02  7.692307692307687E-002
  9.2307694E-02  9.230769230769227E-002
  0.1076923      0.107692307692308     
  0.1230769      0.123076923076923     
  0.1384615      0.138461538461538     
  0.1538462      0.153846153846154     
  0.1692308      0.169230769230769     
  0.1846154      0.184615384615385     
  0.2000000      0.200000000000000     
  0.2153846      0.215384615384615     
  0.2307692      0.230769230769231     
  0.2461538      0.246153846153846     
  0.2615385      0.261538461538462     
  0.2769231      0.276923076923077     
  0.2923077      0.292307692307693     
  0.3076923      0.307692307692308     
  0.3230769      0.323076923076924     
  0.3384615      0.338461538461539     
  0.3538462      0.353846153846155     
  0.3692308      0.369230769230770     
  0.3846154      0.384615384615385     
  0.4000000      0.400000000000001     
  0.4153846      0.415384615384617     
  0.4307692      0.430769230769232     
  0.4461538      0.446153846153847     
  0.4615385      0.461538461538463     
  0.4769231      0.476923076923078     
  0.4923077      0.492307692307694     
  0.5076923      0.507692307692309     
  0.5230770      0.523076923076924     
  0.5384616      0.538461538461540     
  0.5538462      0.553846153846155     
  0.5692308      0.569230769230770     
  0.5846154      0.584615384615386     
  0.6000000      0.600000000000001     
  0.6153846      0.615384615384616     
  0.6307693      0.630769230769231     
  0.6461539      0.646153846153847     
  0.6615385      0.661538461538462     
  0.6769231      0.676923076923078     
  0.6923077      0.692307692307693     
  0.7076923      0.707692307692308     
  0.7230769      0.723076923076924     
  0.7384616      0.738461538461539     
  0.7538462      0.753846153846154     
  0.7692308      0.769230769230770     
  0.7846154      0.784615384615385     
  0.8000000      0.800000000000000     
  0.8153846      0.815384615384616     
  0.8307692      0.830769230769231     
  0.8461539      0.846153846153847     
  0.8615385      0.861538461538462     
  0.8769231      0.876923076923077     
  0.8923077      0.892307692307693     
  0.9076923      0.907692307692308     
  0.9230769      0.923076923076924     
  0.9384615      0.938461538461539     
  0.9538462      0.953846153846155     
  0.9692308      0.969230769230770     
  0.9846154      0.984615384615385     
   1.000000       1.00000000000000     
