  1.6666668E-02  1.666666567325592E-002
  3.3333335E-02  3.333333134651184E-002
  5.0000001E-02  4.999999701976776E-002
  6.6666670E-02  6.666666269302368E-002
  8.3333336E-02  8.333332836627960E-002
  0.1000000      9.999999403953552E-002
  0.1166667      0.116666659712791     
  0.1333333      0.133333325386047     
  0.1500000      0.149999991059303     
  0.1666667      0.166666656732559     
  0.1833333      0.183333322405815     
  0.2000000      0.199999988079071     
  0.2166667      0.216666653752327     
  0.2333333      0.233333319425583     
  0.2500000      0.249999985098839     
  0.2666667      0.266666650772095     
  0.2833333      0.283333301544189     
  0.3000000      0.299999982118607     
  0.3166667      0.316666662693024     
  0.3333333      0.333333313465118     
  0.3500000      0.349999964237213     
  0.3666667      0.366666644811630     
  0.3833333      0.383333325386047     
  0.4000000      0.399999976158142     
  0.4166667      0.416666626930237     
  0.4333333      0.433333307504654     
  0.4500000      0.449999988079071     
  0.4666667      0.466666638851166     
  0.4833333      0.483333289623260     
  0.5000000      0.499999970197678     
  0.5166667      0.516666650772095     
  0.5333334      0.533333301544189     
  0.5500000      0.549999952316284     
  0.5666667      0.566666603088379     
  0.5833333      0.583333313465118     
  0.6000000      0.599999964237213     
  0.6166667      0.616666615009308     
  0.6333333      0.633333325386047     
  0.6500000      0.649999976158142     
  0.6666667      0.666666626930237     
  0.6833333      0.683333277702332     
  0.7000000      0.699999928474426     
  0.7166666      0.716666638851166     
  0.7333333      0.733333289623260     
  0.7500000      0.749999940395355     
  0.7666667      0.766666650772095     
  0.7833334      0.783333301544189     
  0.8000000      0.799999952316284     
  0.8166667      0.816666603088379     
  0.8333333      0.833333253860474     
  0.8500000      0.849999964237213     
  0.8666667      0.866666615009308     
  0.8833333      0.883333265781403     
  0.9000000      0.899999976158142     
  0.9166667      0.916666626930237     
  0.9333333      0.933333277702332     
  0.9500000      0.949999928474426     
  0.9666666      0.966666579246521     
  0.9833333      0.983333289623260     
   1.000000      0.999999940395355     
