  2.0408163E-02  0.0000000E+00
  4.0816326E-02  4.0816631E-02
  6.1224490E-02  6.1224923E-02
  8.1632651E-02  8.1633225E-02
  0.1020408      0.1020415    
  0.1224490      0.1224498    
  0.1428571      0.1428581    
  0.1632653      0.1632664    
  0.1836735      0.1836747    
  0.2040816      0.2040830    
  0.2244898      0.2244913    
  0.2448980      0.2448995    
  0.2653061      0.2653078    
  0.2857143      0.2857159    
  0.3061225      0.3061242    
  0.3265306      0.3265323    
  0.3469388      0.3469406    
  0.3673469      0.3673489    
  0.3877551      0.3877571    
  0.4081633      0.4081652    
  0.4285714      0.4285734    
  0.4489796      0.4489816    
  0.4693878      0.4693899    
  0.4897959      0.4897981    
  0.5102041      0.5102063    
  0.5306122      0.5306146    
  0.5510204      0.5510228    
  0.5714286      0.5714309    
  0.5918368      0.5918391    
  0.6122449      0.6122471    
  0.6326531      0.6326553    
  0.6530612      0.6530634    
  0.6734694      0.6734714    
  0.6938776      0.6938796    
  0.7142857      0.7142877    
  0.7346939      0.7346958    
  0.7551020      0.7551038    
  0.7755102      0.7755119    
  0.7959183      0.7959200    
  0.8163266      0.8163280    
  0.8367347      0.8367360    
  0.8571429      0.8571438    
  0.8775510      0.8775520    
  0.8979592      0.8979599    
  0.9183673      0.9183680    
  0.9387755      0.9387759    
  0.9591837      0.9591839    
  0.9795918      0.9795920    
   1.000000       1.000000    
