  1.6393442E-02  1.6393442E-02
  3.2786883E-02  3.2786883E-02
  4.9180329E-02  4.9180325E-02
  6.5573767E-02  6.5573767E-02
  8.1967212E-02  8.1967205E-02
  9.8360658E-02  9.8360650E-02
  0.1147541      0.1147541    
  0.1311475      0.1311475    
  0.1475410      0.1475410    
  0.1639344      0.1639344    
  0.1803279      0.1803279    
  0.1967213      0.1967213    
  0.2131148      0.2131147    
  0.2295082      0.2295082    
  0.2459016      0.2459016    
  0.2622951      0.2622951    
  0.2786885      0.2786885    
  0.2950820      0.2950819    
  0.3114754      0.3114754    
  0.3278688      0.3278688    
  0.3442623      0.3442623    
  0.3606557      0.3606557    
  0.3770492      0.3770491    
  0.3934426      0.3934426    
  0.4098361      0.4098361    
  0.4262295      0.4262295    
  0.4426230      0.4426229    
  0.4590164      0.4590164    
  0.4754098      0.4754098    
  0.4918033      0.4918033    
  0.5081967      0.5081967    
  0.5245901      0.5245901    
  0.5409836      0.5409836    
  0.5573770      0.5573770    
  0.5737705      0.5737705    
  0.5901639      0.5901639    
  0.6065574      0.6065574    
  0.6229508      0.6229508    
  0.6393443      0.6393442    
  0.6557377      0.6557376    
  0.6721311      0.6721311    
  0.6885246      0.6885245    
  0.7049180      0.7049180    
  0.7213115      0.7213115    
  0.7377049      0.7377049    
  0.7540984      0.7540983    
  0.7704918      0.7704918    
  0.7868853      0.7868852    
  0.8032787      0.8032786    
  0.8196721      0.8196721    
  0.8360656      0.8360655    
  0.8524590      0.8524590    
  0.8688524      0.8688524    
  0.8852459      0.8852459    
  0.9016393      0.9016393    
  0.9180328      0.9180328    
  0.9344262      0.9344262    
  0.9508197      0.9508196    
  0.9672131      0.9672130    
  0.9836066      0.9836065    
   1.000000       1.000000    
