  2.1739131E-02  0.000000000000000000000000000000000E+0000
  4.3478262E-02  4.347826086956521739130434782608648E-0002
  6.5217391E-02  6.521739130434782608695652173912973E-0002
  8.6956523E-02  8.695652173913043478260869565217296E-0002
  0.1086956      0.108695652173913043478260869565216      
  0.1304348      0.130434782608695652173913043478259      
  0.1521739      0.152173913043478260869565217391303      
  0.1739130      0.173913043478260869565217391304346      
  0.1956522      0.195652173913043478260869565217389      
  0.2173913      0.217391304347826086956521739130432      
  0.2391304      0.239130434782608695652173913043476      
  0.2608696      0.260869565217391304347826086956519      
  0.2826087      0.282608695652173913043478260869562      
  0.3043478      0.304347826086956521739130434782606      
  0.3260870      0.326086956521739130434782608695649      
  0.3478261      0.347826086956521739130434782608692      
  0.3695652      0.369565217391304347826086956521736      
  0.3913043      0.391304347826086956521739130434779      
  0.4130435      0.413043478260869565217391304347823      
  0.4347826      0.434782608695652173913043478260866      
  0.4565217      0.456521739130434782608695652173910      
  0.4782609      0.478260869565217391304347826086953      
  0.5000000      0.499999999999999999999999999999997      
  0.5217391      0.521739130434782608695652173913040      
  0.5434783      0.543478260869565217391304347826084      
  0.5652174      0.565217391304347826086956521739127      
  0.5869565      0.586956521739130434782608695652171      
  0.6086956      0.608695652173913043478260869565214      
  0.6304348      0.630434782608695652173913043478258      
  0.6521739      0.652173913043478260869565217391301      
  0.6739131      0.673913043478260869565217391304345      
  0.6956522      0.695652173913043478260869565217389      
  0.7173913      0.717391304347826086956521739130432      
  0.7391304      0.739130434782608695652173913043476      
  0.7608696      0.760869565217391304347826086956520      
  0.7826087      0.782608695652173913043478260869563      
  0.8043478      0.804347826086956521739130434782607      
  0.8260869      0.826086956521739130434782608695650      
  0.8478261      0.847826086956521739130434782608694      
  0.8695652      0.869565217391304347826086956521738      
  0.8913044      0.891304347826086956521739130434781      
  0.9130435      0.913043478260869565217391304347825      
  0.9347826      0.934782608695652173913043478260869      
  0.9565217      0.956521739130434782608695652173912      
  0.9782609      0.978260869565217391304347826086956      
   1.000000       1.00000000000000000000000000000000      
