  1.1627907E-02  0.000000000000000E+000
  2.3255814E-02  2.325581395348858E-002
  3.4883723E-02  3.488372093023286E-002
  4.6511628E-02  4.651162790697715E-002
  5.8139537E-02  5.813953488372143E-002
  6.9767445E-02  6.976744186046571E-002
  8.1395350E-02  8.139534883721004E-002
  9.3023255E-02  9.302325581395435E-002
  0.1046512      0.104651162790698     
  0.1162791      0.116279069767443     
  0.1279070      0.127906976744187     
  0.1395349      0.139534883720931     
  0.1511628      0.151162790697676     
  0.1627907      0.162790697674420     
  0.1744186      0.174418604651164     
  0.1860465      0.186046511627909     
  0.1976744      0.197674418604653     
  0.2093023      0.209302325581397     
  0.2209302      0.220930232558141     
  0.2325581      0.232558139534886     
  0.2441860      0.244186046511630     
  0.2558140      0.255813953488374     
  0.2674419      0.267441860465119     
  0.2790698      0.279069767441863     
  0.2906977      0.290697674418607     
  0.3023256      0.302325581395351     
  0.3139535      0.313953488372096     
  0.3255814      0.325581395348840     
  0.3372093      0.337209302325584     
  0.3488372      0.348837209302328     
  0.3604651      0.360465116279073     
  0.3720930      0.372093023255817     
  0.3837209      0.383720930232561     
  0.3953488      0.395348837209305     
  0.4069767      0.406976744186049     
  0.4186046      0.418604651162793     
  0.4302326      0.430232558139537     
  0.4418605      0.441860465116282     
  0.4534884      0.453488372093025     
  0.4651163      0.465116279069770     
  0.4767442      0.476744186046514     
  0.4883721      0.488372093023258     
  0.5000000      0.500000000000002     
  0.5116279      0.511627906976746     
  0.5232558      0.523255813953490     
  0.5348837      0.534883720930235     
  0.5465117      0.546511627906979     
  0.5581396      0.558139534883723     
  0.5697674      0.569767441860467     
  0.5813953      0.581395348837211     
  0.5930232      0.593023255813955     
  0.6046512      0.604651162790699     
  0.6162791      0.616279069767444     
  0.6279070      0.627906976744188     
  0.6395349      0.639534883720932     
  0.6511628      0.651162790697676     
  0.6627907      0.662790697674420     
  0.6744186      0.674418604651164     
  0.6860465      0.686046511627908     
  0.6976744      0.697674418604652     
  0.7093023      0.709302325581397     
  0.7209302      0.720930232558141     
  0.7325581      0.732558139534885     
  0.7441860      0.744186046511629     
  0.7558140      0.755813953488373     
  0.7674419      0.767441860465118     
  0.7790698      0.779069767441862     
  0.7906977      0.790697674418606     
  0.8023256      0.802325581395351     
  0.8139535      0.813953488372095     
  0.8255814      0.825581395348839     
  0.8372093      0.837209302325583     
  0.8488372      0.848837209302328     
  0.8604651      0.860465116279072     
  0.8720930      0.872093023255816     
  0.8837209      0.883720930232560     
  0.8953488      0.895348837209304     
  0.9069768      0.906976744186048     
  0.9186047      0.918604651162792     
  0.9302326      0.930232558139537     
  0.9418604      0.941860465116280     
  0.9534883      0.953488372093025     
  0.9651163      0.965116279069768     
  0.9767442      0.976744186046512     
  0.9883721      0.988372093023256     
   1.000000       1.00000000000000     
