  1.4285714E-02  1.428571343421936E-002
  2.8571429E-02  2.857142686843872E-002
  4.2857144E-02  4.285714030265808E-002
  5.7142857E-02  5.714285373687744E-002
  7.1428575E-02  7.142856717109680E-002
  8.5714288E-02  8.571428060531616E-002
  0.1000000      9.999999403953552E-002
  0.1142857      0.114285707473755     
  0.1285714      0.128571420907974     
  0.1428571      0.142857134342194     
  0.1571429      0.157142847776413     
  0.1714286      0.171428561210632     
  0.1857143      0.185714274644852     
  0.2000000      0.199999988079071     
  0.2142857      0.214285701513290     
  0.2285714      0.228571414947510     
  0.2428571      0.242857128381729     
  0.2571429      0.257142841815948     
  0.2714286      0.271428555250168     
  0.2857143      0.285714268684387     
  0.3000000      0.299999982118607     
  0.3142857      0.314285695552826     
  0.3285714      0.328571408987045     
  0.3428572      0.342857122421265     
  0.3571429      0.357142835855484     
  0.3714286      0.371428549289703     
  0.3857143      0.385714262723923     
  0.4000000      0.399999976158142     
  0.4142857      0.414285689592361     
  0.4285714      0.428571403026581     
  0.4428571      0.442857116460800     
  0.4571429      0.457142829895020     
  0.4714286      0.471428543329239     
  0.4857143      0.485714256763458     
  0.5000000      0.499999970197678     
  0.5142857      0.514285683631897     
  0.5285714      0.528571367263794     
  0.5428572      0.542857110500336     
  0.5571429      0.557142853736877     
  0.5714286      0.571428537368774     
  0.5857143      0.585714221000671     
  0.6000000      0.599999964237213     
  0.6142857      0.614285707473755     
  0.6285715      0.628571391105652     
  0.6428571      0.642857074737549     
  0.6571429      0.657142817974091     
  0.6714286      0.671428561210632     
  0.6857143      0.685714244842529     
  0.7000000      0.699999928474426     
  0.7142857      0.714285671710968     
  0.7285714      0.728571414947510     
  0.7428572      0.742857098579407     
  0.7571428      0.757142782211304     
  0.7714286      0.771428525447845     
  0.7857143      0.785714268684387     
  0.8000000      0.799999952316284     
  0.8142857      0.814285635948181     
  0.8285714      0.828571379184723     
  0.8428571      0.842857122421265     
  0.8571429      0.857142806053162     
  0.8714285      0.871428489685059     
  0.8857143      0.885714232921600     
  0.9000000      0.899999976158142     
  0.9142857      0.914285659790039     
  0.9285714      0.928571343421936     
  0.9428571      0.942857086658478     
  0.9571428      0.957142829895020     
  0.9714286      0.971428513526917     
  0.9857143      0.985714256763458     
   1.000000       1.00000000000000     
