  1.3333334E-02  1.3333333E-02
  2.6666667E-02  2.6666665E-02
  3.9999999E-02  3.9999999E-02
  5.3333335E-02  5.3333331E-02
  6.6666670E-02  6.6666663E-02
  7.9999998E-02  7.9999998E-02
  9.3333334E-02  9.3333326E-02
  0.1066667      0.1066667    
  0.1200000      0.1200000    
  0.1333333      0.1333333    
  0.1466667      0.1466667    
  0.1600000      0.1600000    
  0.1733333      0.1733333    
  0.1866667      0.1866667    
  0.2000000      0.2000000    
  0.2133333      0.2133333    
  0.2266667      0.2266667    
  0.2400000      0.2400000    
  0.2533333      0.2533333    
  0.2666667      0.2666667    
  0.2800000      0.2800000    
  0.2933333      0.2933333    
  0.3066667      0.3066666    
  0.3200000      0.3200000    
  0.3333333      0.3333333    
  0.3466667      0.3466667    
  0.3600000      0.3600000    
  0.3733333      0.3733333    
  0.3866667      0.3866667    
  0.4000000      0.4000000    
  0.4133333      0.4133333    
  0.4266667      0.4266666    
  0.4400000      0.4400000    
  0.4533333      0.4533333    
  0.4666667      0.4666666    
  0.4800000      0.4800000    
  0.4933333      0.4933333    
  0.5066667      0.5066667    
  0.5200000      0.5200000    
  0.5333334      0.5333333    
  0.5466667      0.5466666    
  0.5600000      0.5600000    
  0.5733333      0.5733333    
  0.5866666      0.5866666    
  0.6000000      0.6000000    
  0.6133333      0.6133333    
  0.6266667      0.6266667    
  0.6400000      0.6400000    
  0.6533333      0.6533333    
  0.6666667      0.6666666    
  0.6800000      0.6799999    
  0.6933333      0.6933333    
  0.7066666      0.7066666    
  0.7200000      0.7200000    
  0.7333333      0.7333333    
  0.7466667      0.7466666    
  0.7600000      0.7600000    
  0.7733333      0.7733333    
  0.7866667      0.7866666    
  0.8000000      0.8000000    
  0.8133333      0.8133333    
  0.8266667      0.8266667    
  0.8400000      0.8400000    
  0.8533334      0.8533333    
  0.8666667      0.8666666    
  0.8800000      0.8799999    
  0.8933333      0.8933333    
  0.9066667      0.9066666    
  0.9200000      0.9200000    
  0.9333333      0.9333333    
  0.9466667      0.9466666    
  0.9600000      0.9600000    
  0.9733334      0.9733334    
  0.9866667      0.9866667    
   1.000000       1.000000    
