  1.5384615E-02  1.5384614E-02
  3.0769231E-02  3.0769229E-02
  4.6153847E-02  4.6153843E-02
  6.1538462E-02  6.1538458E-02
  7.6923080E-02  7.6923072E-02
  9.2307694E-02  9.2307687E-02
  0.1076923      0.1076923    
  0.1230769      0.1230769    
  0.1384615      0.1384615    
  0.1538462      0.1538461    
  0.1692308      0.1692308    
  0.1846154      0.1846154    
  0.2000000      0.2000000    
  0.2153846      0.2153846    
  0.2307692      0.2307692    
  0.2461538      0.2461538    
  0.2615385      0.2615384    
  0.2769231      0.2769231    
  0.2923077      0.2923077    
  0.3076923      0.3076923    
  0.3230769      0.3230769    
  0.3384615      0.3384615    
  0.3538462      0.3538461    
  0.3692308      0.3692307    
  0.3846154      0.3846154    
  0.4000000      0.4000000    
  0.4153846      0.4153846    
  0.4307692      0.4307692    
  0.4461538      0.4461538    
  0.4615385      0.4615384    
  0.4769231      0.4769230    
  0.4923077      0.4923077    
  0.5076923      0.5076923    
  0.5230770      0.5230769    
  0.5384616      0.5384615    
  0.5538462      0.5538461    
  0.5692308      0.5692307    
  0.5846154      0.5846153    
  0.6000000      0.6000000    
  0.6153846      0.6153846    
  0.6307693      0.6307692    
  0.6461539      0.6461538    
  0.6615385      0.6615384    
  0.6769231      0.6769230    
  0.6923077      0.6923077    
  0.7076923      0.7076923    
  0.7230769      0.7230769    
  0.7384616      0.7384615    
  0.7538462      0.7538461    
  0.7692308      0.7692307    
  0.7846154      0.7846153    
  0.8000000      0.8000000    
  0.8153846      0.8153846    
  0.8307692      0.8307692    
  0.8461539      0.8461538    
  0.8615385      0.8615384    
  0.8769231      0.8769230    
  0.8923077      0.8923076    
  0.9076923      0.9076923    
  0.9230769      0.9230769    
  0.9384615      0.9384615    
  0.9538462      0.9538461    
  0.9692308      0.9692307    
  0.9846154      0.9846153    
   1.000000       1.000000    
