  2.5000000E-02  0.000000000000000000000000000000000E+0000
  5.0000001E-02  5.000000000000000000000000000000013E-0002
  7.5000003E-02  7.500000000000000000000000000000019E-0002
  0.1000000      0.100000000000000000000000000000000      
  0.1250000      0.125000000000000000000000000000000      
  0.1500000      0.150000000000000000000000000000000      
  0.1750000      0.175000000000000000000000000000000      
  0.2000000      0.200000000000000000000000000000001      
  0.2250000      0.225000000000000000000000000000000      
  0.2500000      0.250000000000000000000000000000000      
  0.2750000      0.275000000000000000000000000000000      
  0.3000000      0.300000000000000000000000000000000      
  0.3250000      0.325000000000000000000000000000001      
  0.3500000      0.350000000000000000000000000000001      
  0.3750000      0.375000000000000000000000000000001      
  0.4000000      0.400000000000000000000000000000001      
  0.4250000      0.425000000000000000000000000000001      
  0.4500000      0.450000000000000000000000000000001      
  0.4750000      0.475000000000000000000000000000001      
  0.5000000      0.500000000000000000000000000000001      
  0.5250000      0.525000000000000000000000000000001      
  0.5500000      0.550000000000000000000000000000001      
  0.5750000      0.575000000000000000000000000000001      
  0.6000000      0.600000000000000000000000000000001      
  0.6250000      0.625000000000000000000000000000001      
  0.6500000      0.650000000000000000000000000000001      
  0.6750000      0.675000000000000000000000000000001      
  0.7000000      0.700000000000000000000000000000001      
  0.7250000      0.725000000000000000000000000000001      
  0.7500000      0.750000000000000000000000000000001      
  0.7750000      0.775000000000000000000000000000001      
  0.8000000      0.800000000000000000000000000000001      
  0.8250000      0.825000000000000000000000000000001      
  0.8500000      0.850000000000000000000000000000001      
  0.8750000      0.875000000000000000000000000000001      
  0.9000000      0.900000000000000000000000000000001      
  0.9250000      0.925000000000000000000000000000001      
  0.9500000      0.950000000000000000000000000000000      
  0.9750000      0.975000000000000000000000000000000      
   1.000000       1.00000000000000000000000000000000      
