  5.8823530E-02  5.8823526E-02
  0.1176471      0.1176471    
  0.1764706      0.1764706    
  0.2352941      0.2352941    
  0.2941177      0.2941176    
  0.3529412      0.3529412    
  0.4117647      0.4117647    
  0.4705882      0.4705882    
  0.5294118      0.5294117    
  0.5882353      0.5882353    
  0.6470588      0.6470588    
  0.7058824      0.7058823    
  0.7647059      0.7647058    
  0.8235294      0.8235294    
  0.8823529      0.8823529    
  0.9411765      0.9411764    
   1.000000       1.000000    
