  4.7619049E-02  0.0000000E+00
  9.5238097E-02  9.5238142E-02
  0.1428571      0.1428572    
  0.1904762      0.1904763    
  0.2380952      0.2380953    
  0.2857143      0.2857143    
  0.3333333      0.3333334    
  0.3809524      0.3809524    
  0.4285714      0.4285715    
  0.4761905      0.4761905    
  0.5238096      0.5238096    
  0.5714286      0.5714285    
  0.6190476      0.6190477    
  0.6666667      0.6666667    
  0.7142857      0.7142857    
  0.7619048      0.7619047    
  0.8095238      0.8095237    
  0.8571429      0.8571427    
  0.9047619      0.9047619    
  0.9523810      0.9523808    
   1.000000      0.9999999    
