  9.9999998E-03  9.999999776482582E-003
  2.0000000E-02  1.999999955296516E-002
  2.9999999E-02  2.999999932944775E-002
  3.9999999E-02  3.999999910593033E-002
  5.0000001E-02  4.999999701976776E-002
  5.9999999E-02  5.999999865889549E-002
  7.0000000E-02  7.000000029802322E-002
  7.9999998E-02  7.999999821186066E-002
  9.0000004E-02  8.999999612569809E-002
  0.1000000      9.999999403953552E-002
  0.1100000      0.109999999403954     
  0.1200000      0.119999997317791     
  0.1300000      0.129999995231628     
  0.1400000      0.140000000596046     
  0.1500000      0.149999991059303     
  0.1600000      0.159999996423721     
  0.1700000      0.170000001788139     
  0.1800000      0.179999992251396     
  0.1900000      0.189999997615814     
  0.2000000      0.199999988079071     
  0.2100000      0.209999993443489     
  0.2200000      0.219999998807907     
  0.2300000      0.229999989271164     
  0.2400000      0.239999994635582     
  0.2500000      0.250000000000000     
  0.2600000      0.259999990463257     
  0.2700000      0.269999980926514     
  0.2800000      0.280000001192093     
  0.2900000      0.289999991655350     
  0.3000000      0.299999982118607     
  0.3100000      0.310000002384186     
  0.3200000      0.319999992847443     
  0.3300000      0.329999983310699     
  0.3400000      0.340000003576279     
  0.3500000      0.349999994039536     
  0.3600000      0.359999984502792     
  0.3700000      0.370000004768372     
  0.3800000      0.379999995231628     
  0.3900000      0.389999985694885     
  0.4000000      0.399999976158142     
  0.4100000      0.409999996423721     
  0.4200000      0.419999986886978     
  0.4300000      0.429999977350235     
  0.4400000      0.439999997615814     
  0.4500000      0.449999988079071     
  0.4600000      0.459999978542328     
  0.4700000      0.469999998807907     
  0.4800000      0.479999989271164     
  0.4900000      0.489999979734421     
  0.5000000      0.500000000000000     
  0.5100000      0.509999990463257     
  0.5200000      0.519999980926514     
  0.5300000      0.529999971389771     
  0.5400000      0.539999961853027     
  0.5500000      0.550000011920929     
  0.5600000      0.560000002384186     
  0.5700000      0.569999992847443     
  0.5800000      0.579999983310699     
  0.5900000      0.589999973773956     
  0.6000000      0.599999964237213     
  0.6100000      0.610000014305115     
  0.6200000      0.620000004768372     
  0.6300000      0.629999995231628     
  0.6400000      0.639999985694885     
  0.6500000      0.649999976158142     
  0.6600000      0.659999966621399     
  0.6700000      0.669999957084656     
  0.6800000      0.680000007152557     
  0.6900000      0.689999997615814     
  0.7000000      0.699999988079071     
  0.7100000      0.709999978542328     
  0.7200000      0.719999969005585     
  0.7300000      0.729999959468842     
  0.7400000      0.740000009536743     
  0.7500000      0.750000000000000     
  0.7600000      0.759999990463257     
  0.7700000      0.769999980926514     
  0.7800000      0.779999971389771     
  0.7900000      0.789999961853027     
  0.8000000      0.799999952316284     
  0.8100000      0.810000002384186     
  0.8200000      0.819999992847443     
  0.8300000      0.829999983310699     
  0.8400000      0.839999973773956     
  0.8500000      0.849999964237213     
  0.8600000      0.859999954700470     
  0.8700000      0.870000004768372     
  0.8800000      0.879999995231628     
  0.8900000      0.889999985694885     
  0.9000000      0.899999976158142     
  0.9100000      0.909999966621399     
  0.9200000      0.919999957084656     
  0.9300000      0.930000007152557     
  0.9400000      0.939999997615814     
  0.9500000      0.949999988079071     
  0.9600000      0.959999978542328     
  0.9700000      0.969999969005585     
  0.9800000      0.979999959468842     
  0.9900000      0.989999949932098     
   1.000000       1.00000000000000     
