  1.2500000E-02  1.249999925494194E-002
  2.5000000E-02  2.499999850988388E-002
  3.7500001E-02  3.749999776482582E-002
  5.0000001E-02  4.999999701976776E-002
  6.2500000E-02  6.249999627470970E-002
  7.5000003E-02  7.499999552965164E-002
  8.7499999E-02  8.749999105930328E-002
  0.1000000      9.999999403953552E-002
  0.1125000      0.112499997019768     
  0.1250000      0.124999992549419     
  0.1375000      0.137499988079071     
  0.1500000      0.149999991059303     
  0.1625000      0.162499994039536     
  0.1750000      0.174999982118607     
  0.1875000      0.187499985098839     
  0.2000000      0.199999988079071     
  0.2125000      0.212499991059303     
  0.2250000      0.224999994039536     
  0.2375000      0.237499982118607     
  0.2500000      0.249999985098839     
  0.2625000      0.262499988079071     
  0.2750000      0.274999976158142     
  0.2875000      0.287499994039536     
  0.3000000      0.299999982118607     
  0.3125000      0.312499970197678     
  0.3250000      0.324999988079071     
  0.3375000      0.337499976158142     
  0.3500000      0.349999964237213     
  0.3625000      0.362499982118607     
  0.3750000      0.374999970197678     
  0.3875000      0.387499988079071     
  0.4000000      0.399999976158142     
  0.4125000      0.412499964237213     
  0.4250000      0.424999982118607     
  0.4375000      0.437499970197678     
  0.4500000      0.449999988079071     
  0.4625000      0.462499976158142     
  0.4750000      0.474999964237213     
  0.4875000      0.487499982118607     
  0.5000000      0.499999970197678     
  0.5125000      0.512499988079071     
  0.5250000      0.524999976158142     
  0.5375000      0.537499964237213     
  0.5500000      0.549999952316284     
  0.5625000      0.562499940395355     
  0.5750000      0.574999988079071     
  0.5875000      0.587499976158142     
  0.6000000      0.599999964237213     
  0.6125000      0.612499952316284     
  0.6250000      0.624999940395355     
  0.6375000      0.637499988079071     
  0.6500000      0.649999976158142     
  0.6625000      0.662499964237213     
  0.6750000      0.674999952316284     
  0.6875000      0.687499940395355     
  0.7000000      0.699999928474426     
  0.7125000      0.712499976158142     
  0.7250000      0.724999964237213     
  0.7375000      0.737499952316284     
  0.7500000      0.749999940395355     
  0.7625000      0.762499928474426     
  0.7750000      0.774999976158142     
  0.7875000      0.787499964237213     
  0.8000000      0.799999952316284     
  0.8125000      0.812499940395355     
  0.8250000      0.824999928474426     
  0.8375000      0.837499976158142     
  0.8500000      0.849999964237213     
  0.8625000      0.862499952316284     
  0.8750000      0.874999940395355     
  0.8875000      0.887499928474426     
  0.9000000      0.899999976158142     
  0.9125000      0.912499964237213     
  0.9250000      0.924999952316284     
  0.9375000      0.937499940395355     
  0.9500000      0.949999928474426     
  0.9625000      0.962499916553497     
  0.9750000      0.974999964237213     
  0.9875000      0.987499952316284     
   1.000000      0.999999940395355     
