  1.0309278E-02  0.000000000000000000000000000000000E+0000
  2.0618556E-02  2.061855670103092783505154639175255E-0002
  3.0927835E-02  3.092783505154639175257731958762883E-0002
  4.1237112E-02  4.123711340206185567010309278350511E-0002
  5.1546391E-02  5.154639175257731958762886597938138E-0002
  6.1855670E-02  6.185567010309278350515463917525763E-0002
  7.2164945E-02  7.216494845360824742268041237113387E-0002
  8.2474224E-02  8.247422680412371134020618556701013E-0002
  9.2783503E-02  9.278350515463917525773195876288648E-0002
  0.1030928      0.103092783505154639175257731958763      
  0.1134021      0.113402061855670103092783505154639      
  0.1237113      0.123711340206185567010309278350515      
  0.1340206      0.134020618556701030927835051546392      
  0.1443299      0.144329896907216494845360824742268      
  0.1546392      0.154639175257731958762886597938144      
  0.1649484      0.164948453608247422680412371134020      
  0.1752577      0.175257731958762886597938144329897      
  0.1855670      0.185567010309278350515463917525773      
  0.1958763      0.195876288659793814432989690721649      
  0.2061856      0.206185567010309278350515463917525      
  0.2164948      0.216494845360824742268041237113402      
  0.2268041      0.226804123711340206185567010309278      
  0.2371134      0.237113402061855670103092783505154      
  0.2474227      0.247422680412371134020618556701030      
  0.2577319      0.257731958762886597938144329896907      
  0.2680412      0.268041237113402061855670103092783      
  0.2783505      0.278350515463917525773195876288659      
  0.2886598      0.288659793814432989690721649484535      
  0.2989691      0.298969072164948453608247422680411      
  0.3092783      0.309278350515463917525773195876288      
  0.3195876      0.319587628865979381443298969072164      
  0.3298969      0.329896907216494845360824742268040      
  0.3402062      0.340206185567010309278350515463916      
  0.3505155      0.350515463917525773195876288659792      
  0.3608247      0.360824742268041237113402061855669      
  0.3711340      0.371134020618556701030927835051545      
  0.3814433      0.381443298969072164948453608247421      
  0.3917526      0.391752577319587628865979381443298      
  0.4020618      0.402061855670103092783505154639174      
  0.4123711      0.412371134020618556701030927835051      
  0.4226804      0.422680412371134020618556701030927      
  0.4329897      0.432989690721649484536082474226803      
  0.4432990      0.443298969072164948453608247422679      
  0.4536082      0.453608247422680412371134020618555      
  0.4639175      0.463917525773195876288659793814432      
  0.4742268      0.474226804123711340206185567010308      
  0.4845361      0.484536082474226804123711340206184      
  0.4948454      0.494845360824742268041237113402061      
  0.5051546      0.505154639175257731958762886597937      
  0.5154639      0.515463917525773195876288659793813      
  0.5257732      0.525773195876288659793814432989690      
  0.5360824      0.536082474226804123711340206185566      
  0.5463917      0.546391752577319587628865979381443      
  0.5567010      0.556701030927835051546391752577319      
  0.5670103      0.567010309278350515463917525773195      
  0.5773196      0.577319587628865979381443298969071      
  0.5876288      0.587628865979381443298969072164948      
  0.5979381      0.597938144329896907216494845360824      
  0.6082474      0.608247422680412371134020618556700      
  0.6185567      0.618556701030927835051546391752577      
  0.6288660      0.628865979381443298969072164948453      
  0.6391752      0.639175257731958762886597938144329      
  0.6494845      0.649484536082474226804123711340205      
  0.6597938      0.659793814432989690721649484536082      
  0.6701031      0.670103092783505154639175257731958      
  0.6804124      0.680412371134020618556701030927834      
  0.6907216      0.690721649484536082474226804123710      
  0.7010309      0.701030927835051546391752577319587      
  0.7113402      0.711340206185567010309278350515463      
  0.7216495      0.721649484536082474226804123711339      
  0.7319587      0.731958762886597938144329896907215      
  0.7422680      0.742268041237113402061855670103092      
  0.7525773      0.752577319587628865979381443298968      
  0.7628866      0.762886597938144329896907216494844      
  0.7731959      0.773195876288659793814432989690720      
  0.7835051      0.783505154639175257731958762886597      
  0.7938144      0.793814432989690721649484536082473      
  0.8041237      0.804123711340206185567010309278349      
  0.8144330      0.814432989690721649484536082474225      
  0.8247423      0.824742268041237113402061855670102      
  0.8350515      0.835051546391752577319587628865978      
  0.8453608      0.845360824742268041237113402061854      
  0.8556701      0.855670103092783505154639175257731      
  0.8659794      0.865979381443298969072164948453607      
  0.8762887      0.876288659793814432989690721649483      
  0.8865979      0.886597938144329896907216494845360      
  0.8969072      0.896907216494845360824742268041236      
  0.9072165      0.907216494845360824742268041237112      
  0.9175258      0.917525773195876288659793814432989      
  0.9278350      0.927835051546391752577319587628865      
  0.9381443      0.938144329896907216494845360824741      
  0.9484536      0.948453608247422680412371134020618      
  0.9587629      0.958762886597938144329896907216494      
  0.9690722      0.969072164948453608247422680412371      
  0.9793814      0.979381443298969072164948453608247      
  0.9896907      0.989690721649484536082474226804124      
   1.000000       1.00000000000000000000000000000000      
