  3.4482758E-02  3.448275849223136901855468750000000E-0002
  6.8965517E-02  6.896551698446273803710937500000000E-0002
  0.1034483      0.103448279201984405517578125000000      
  0.1379310      0.137931033968925476074218750000000      
  0.1724138      0.172413796186447143554687500000000      
  0.2068966      0.206896558403968811035156250000000      
  0.2413793      0.241379305720329284667968750000000      
  0.2758621      0.275862067937850952148437500000000      
  0.3103448      0.310344815254211425781250000000000      
  0.3448276      0.344827592372894287109375000000000      
  0.3793103      0.379310339689254760742187500000000      
  0.4137931      0.413793116807937622070312500000000      
  0.4482759      0.448275864124298095703125000000000      
  0.4827586      0.482758611440658569335937500000000      
  0.5172414      0.517241358757019042968750000000000      
  0.5517241      0.551724135875701904296875000000000      
  0.5862069      0.586206912994384765625000000000000      
  0.6206896      0.620689630508422851562500000000000      
  0.6551724      0.655172407627105712890625000000000      
  0.6896552      0.689655184745788574218750000000000      
  0.7241379      0.724137902259826660156250000000000      
  0.7586207      0.758620679378509521484375000000000      
  0.7931035      0.793103456497192382812500000000000      
  0.8275862      0.827586233615875244140625000000000      
  0.8620690      0.862068951129913330078125000000000      
  0.8965517      0.896551728248596191406250000000000      
  0.9310345      0.931034505367279052734375000000000      
  0.9655172      0.965517222881317138671875000000000      
   1.000000       1.00000000000000000000000000000000      
