  1.0101010E-02  0.000000000000000000000000000000000E+0000
  2.0202020E-02  2.020202020202020202020202020201993E-0002
  3.0303031E-02  3.030303030303030303030303030302992E-0002
  4.0404040E-02  4.040404040404040404040404040403987E-0002
  5.0505050E-02  5.050505050505050505050505050504982E-0002
  6.0606062E-02  6.060606060606060606060606060605984E-0002
  7.0707068E-02  7.070707070707070707070707070706984E-0002
  8.0808081E-02  8.080808080808080808080808080807973E-0002
  9.0909094E-02  9.090909090909090909090909090908973E-0002
  0.1010101      0.101010101010101010101010101010100      
  0.1111111      0.111111111111111111111111111111110      
  0.1212121      0.121212121212121212121212121212120      
  0.1313131      0.131313131313131313131313131313130      
  0.1414141      0.141414141414141414141414141414140      
  0.1515152      0.151515151515151515151515151515150      
  0.1616162      0.161616161616161616161616161616159      
  0.1717172      0.171717171717171717171717171717170      
  0.1818182      0.181818181818181818181818181818179      
  0.1919192      0.191919191919191919191919191919189      
  0.2020202      0.202020202020202020202020202020199      
  0.2121212      0.212121212121212121212121212121209      
  0.2222222      0.222222222222222222222222222222219      
  0.2323232      0.232323232323232323232323232323229      
  0.2424242      0.242424242424242424242424242424239      
  0.2525252      0.252525252525252525252525252525249      
  0.2626263      0.262626262626262626262626262626259      
  0.2727273      0.272727272727272727272727272727269      
  0.2828283      0.282828282828282828282828282828279      
  0.2929293      0.292929292929292929292929292929289      
  0.3030303      0.303030303030303030303030303030299      
  0.3131313      0.313131313131313131313131313131309      
  0.3232323      0.323232323232323232323232323232319      
  0.3333333      0.333333333333333333333333333333329      
  0.3434343      0.343434343434343434343434343434338      
  0.3535354      0.353535353535353535353535353535349      
  0.3636364      0.363636363636363636363636363636359      
  0.3737374      0.373737373737373737373737373737369      
  0.3838384      0.383838383838383838383838383838379      
  0.3939394      0.393939393939393939393939393939389      
  0.4040404      0.404040404040404040404040404040399      
  0.4141414      0.414141414141414141414141414141409      
  0.4242424      0.424242424242424242424242424242419      
  0.4343434      0.434343434343434343434343434343429      
  0.4444444      0.444444444444444444444444444444439      
  0.4545455      0.454545454545454545454545454545449      
  0.4646465      0.464646464646464646464646464646459      
  0.4747475      0.474747474747474747474747474747469      
  0.4848485      0.484848484848484848484848484848479      
  0.4949495      0.494949494949494949494949494949489      
  0.5050505      0.505050505050505050505050505050499      
  0.5151515      0.515151515151515151515151515151509      
  0.5252525      0.525252525252525252525252525252519      
  0.5353535      0.535353535353535353535353535353529      
  0.5454546      0.545454545454545454545454545454539      
  0.5555556      0.555555555555555555555555555555549      
  0.5656565      0.565656565656565656565656565656559      
  0.5757576      0.575757575757575757575757575757570      
  0.5858586      0.585858585858585858585858585858580      
  0.5959596      0.595959595959595959595959595959590      
  0.6060606      0.606060606060606060606060606060600      
  0.6161616      0.616161616161616161616161616161611      
  0.6262626      0.626262626262626262626262626262621      
  0.6363636      0.636363636363636363636363636363632      
  0.6464646      0.646464646464646464646464646464642      
  0.6565657      0.656565656565656565656565656565652      
  0.6666667      0.666666666666666666666666666666662      
  0.6767676      0.676767676767676767676767676767672      
  0.6868687      0.686868686868686868686868686868683      
  0.6969697      0.696969696969696969696969696969693      
  0.7070707      0.707070707070707070707070707070703      
  0.7171717      0.717171717171717171717171717171714      
  0.7272727      0.727272727272727272727272727272724      
  0.7373737      0.737373737373737373737373737373734      
  0.7474747      0.747474747474747474747474747474744      
  0.7575758      0.757575757575757575757575757575754      
  0.7676768      0.767676767676767676767676767676765      
  0.7777778      0.777777777777777777777777777777775      
  0.7878788      0.787878787878787878787878787878785      
  0.7979798      0.797979797979797979797979797979795      
  0.8080808      0.808080808080808080808080808080806      
  0.8181818      0.818181818181818181818181818181816      
  0.8282828      0.828282828282828282828282828282826      
  0.8383839      0.838383838383838383838383838383836      
  0.8484849      0.848484848484848484848484848484846      
  0.8585858      0.858585858585858585858585858585857      
  0.8686869      0.868686868686868686868686868686867      
  0.8787879      0.878787878787878787878787878787877      
  0.8888889      0.888888888888888888888888888888887      
  0.8989899      0.898989898989898989898989898989898      
  0.9090909      0.909090909090909090909090909090908      
  0.9191919      0.919191919191919191919191919191918      
  0.9292929      0.929292929292929292929292929292928      
  0.9393939      0.939393939393939393939393939393939      
  0.9494950      0.949494949494949494949494949494949      
  0.9595960      0.959595959595959595959595959595959      
  0.9696970      0.969696969696969696969696969696969      
  0.9797980      0.979797979797979797979797979797980      
  0.9898990      0.989898989898989898989898989898990      
   1.000000       1.00000000000000000000000000000000      
