  3.7037037E-02  0.000000000000000000000000000000000E+0000
  7.4074075E-02  7.407407407407407407407407407407403E-0002
  0.1111111      0.111111111111111111111111111111111      
  0.1481481      0.148148148148148148148148148148148      
  0.1851852      0.185185185185185185185185185185185      
  0.2222222      0.222222222222222222222222222222222      
  0.2592593      0.259259259259259259259259259259259      
  0.2962963      0.296296296296296296296296296296296      
  0.3333333      0.333333333333333333333333333333333      
  0.3703704      0.370370370370370370370370370370370      
  0.4074074      0.407407407407407407407407407407407      
  0.4444444      0.444444444444444444444444444444444      
  0.4814815      0.481481481481481481481481481481481      
  0.5185185      0.518518518518518518518518518518518      
  0.5555556      0.555555555555555555555555555555556      
  0.5925926      0.592592592592592592592592592592592      
  0.6296296      0.629629629629629629629629629629630      
  0.6666667      0.666666666666666666666666666666667      
  0.7037037      0.703703703703703703703703703703704      
  0.7407407      0.740740740740740740740740740740741      
  0.7777778      0.777777777777777777777777777777778      
  0.8148148      0.814814814814814814814814814814815      
  0.8518519      0.851851851851851851851851851851852      
  0.8888889      0.888888888888888888888888888888889      
  0.9259259      0.925925925925925925925925925925926      
  0.9629630      0.962962962962962962962962962962963      
   1.000000       1.00000000000000000000000000000000      
