  3.4482758E-02  0.000000000000000E+000
  6.8965517E-02  6.896551724137925E-002
  0.1034483      0.103448275862069     
  0.1379310      0.137931034482759     
  0.1724138      0.172413793103448     
  0.2068966      0.206896551724138     
  0.2413793      0.241379310344827     
  0.2758621      0.275862068965517     
  0.3103448      0.310344827586207     
  0.3448276      0.344827586206896     
  0.3793103      0.379310344827586     
  0.4137931      0.413793103448276     
  0.4482759      0.448275862068965     
  0.4827586      0.482758620689655     
  0.5172414      0.517241379310345     
  0.5517241      0.551724137931034     
  0.5862069      0.586206896551724     
  0.6206896      0.620689655172414     
  0.6551724      0.655172413793103     
  0.6896552      0.689655172413793     
  0.7241379      0.724137931034483     
  0.7586207      0.758620689655172     
  0.7931035      0.793103448275862     
  0.8275862      0.827586206896552     
  0.8620690      0.862068965517241     
  0.8965517      0.896551724137931     
  0.9310345      0.931034482758621     
  0.9655172      0.965517241379310     
   1.000000       1.00000000000000     
