  1.4925373E-02  1.492537185549736E-002
  2.9850746E-02  2.985074371099472E-002
  4.4776119E-02  4.477611556649208E-002
  5.9701491E-02  5.970148742198944E-002
  7.4626863E-02  7.462686300277710E-002
  8.9552239E-02  8.955223113298416E-002
  0.1044776      0.104477599263191     
  0.1194030      0.119402974843979     
  0.1343284      0.134328350424767     
  0.1492537      0.149253726005554     
  0.1641791      0.164179086685181     
  0.1791045      0.179104462265968     
  0.1940299      0.194029837846756     
  0.2089552      0.208955198526382     
  0.2238806      0.223880574107170     
  0.2388060      0.238805949687958     
  0.2537313      0.253731310367584     
  0.2686567      0.268656700849533     
  0.2835821      0.283582061529160     
  0.2985075      0.298507452011108     
  0.3134328      0.313432812690735     
  0.3283582      0.328358173370361     
  0.3432836      0.343283563852310     
  0.3582090      0.358208924531937     
  0.3731343      0.373134285211563     
  0.3880597      0.388059675693512     
  0.4029851      0.402985036373138     
  0.4179105      0.417910397052765     
  0.4328358      0.432835787534714     
  0.4477612      0.447761148214340     
  0.4626866      0.462686538696289     
  0.4776119      0.477611899375916     
  0.4925373      0.492537260055542     
  0.5074627      0.507462620735168     
  0.5223880      0.522388041019440     
  0.5373135      0.537313401699066     
  0.5522388      0.552238762378693     
  0.5671642      0.567164123058319     
  0.5820895      0.582089483737946     
  0.5970149      0.597014904022217     
  0.6119403      0.611940264701843     
  0.6268657      0.626865625381470     
  0.6417910      0.641790986061096     
  0.6567164      0.656716346740723     
  0.6716418      0.671641707420349     
  0.6865672      0.686567127704620     
  0.7014925      0.701492488384247     
  0.7164179      0.716417849063873     
  0.7313433      0.731343209743500     
  0.7462686      0.746268570423126     
  0.7611941      0.761193990707397     
  0.7761194      0.776119351387024     
  0.7910448      0.791044712066650     
  0.8059701      0.805970072746277     
  0.8208955      0.820895433425903     
  0.8358209      0.835820794105530     
  0.8507463      0.850746214389801     
  0.8656716      0.865671575069427     
  0.8805970      0.880596935749054     
  0.8955224      0.895522296428680     
  0.9104478      0.910447657108307     
  0.9253731      0.925373077392578     
  0.9402985      0.940298438072205     
  0.9552239      0.955223798751831     
  0.9701493      0.970149278640747     
  0.9850746      0.985074639320374     
   1.000000       1.00000000000000     
