  1.8518519E-02  0.000000000000000000000000000000000E+0000
  3.7037037E-02  3.703703703703703703703703703703710E-0002
  5.5555556E-02  5.555555555555555555555555555555564E-0002
  7.4074075E-02  7.407407407407407407407407407407421E-0002
  9.2592590E-02  9.259259259259259259259259259259269E-0002
  0.1111111      0.111111111111111111111111111111111      
  0.1296296      0.129629629629629629629629629629630      
  0.1481481      0.148148148148148148148148148148148      
  0.1666667      0.166666666666666666666666666666667      
  0.1851852      0.185185185185185185185185185185185      
  0.2037037      0.203703703703703703703703703703704      
  0.2222222      0.222222222222222222222222222222223      
  0.2407407      0.240740740740740740740740740740741      
  0.2592593      0.259259259259259259259259259259260      
  0.2777778      0.277777777777777777777777777777778      
  0.2962963      0.296296296296296296296296296296297      
  0.3148148      0.314814814814814814814814814814816      
  0.3333333      0.333333333333333333333333333333334      
  0.3518519      0.351851851851851851851851851851853      
  0.3703704      0.370370370370370370370370370370371      
  0.3888889      0.388888888888888888888888888888890      
  0.4074074      0.407407407407407407407407407407408      
  0.4259259      0.425925925925925925925925925925927      
  0.4444444      0.444444444444444444444444444444445      
  0.4629630      0.462962962962962962962962962962964      
  0.4814815      0.481481481481481481481481481481483      
  0.5000000      0.500000000000000000000000000000001      
  0.5185185      0.518518518518518518518518518518520      
  0.5370370      0.537037037037037037037037037037038      
  0.5555556      0.555555555555555555555555555555557      
  0.5740741      0.574074074074074074074074074074075      
  0.5925926      0.592592592592592592592592592592594      
  0.6111111      0.611111111111111111111111111111112      
  0.6296296      0.629629629629629629629629629629631      
  0.6481481      0.648148148148148148148148148148149      
  0.6666667      0.666666666666666666666666666666668      
  0.6851852      0.685185185185185185185185185185186      
  0.7037037      0.703703703703703703703703703703705      
  0.7222222      0.722222222222222222222222222222223      
  0.7407407      0.740740740740740740740740740740741      
  0.7592593      0.759259259259259259259259259259260      
  0.7777778      0.777777777777777777777777777777778      
  0.7962963      0.796296296296296296296296296296297      
  0.8148148      0.814814814814814814814814814814815      
  0.8333333      0.833333333333333333333333333333334      
  0.8518519      0.851851851851851851851851851851852      
  0.8703704      0.870370370370370370370370370370371      
  0.8888889      0.888888888888888888888888888888889      
  0.9074074      0.907407407407407407407407407407408      
  0.9259259      0.925925925925925925925925925925926      
  0.9444444      0.944444444444444444444444444444445      
  0.9629630      0.962962962962962962962962962962963      
  0.9814815      0.981481481481481481481481481481481      
   1.000000       1.00000000000000000000000000000000      
