  1.0638298E-02  0.0000000E+00
  2.1276595E-02  2.1277566E-02
  3.1914894E-02  3.1916346E-02
  4.2553190E-02  4.2555116E-02
  5.3191490E-02  5.3193904E-02
  6.3829787E-02  6.3832678E-02
  7.4468084E-02  7.4471451E-02
  8.5106380E-02  8.5110188E-02
  9.5744684E-02  9.5748991E-02
  0.1063830      0.1063877    
  0.1170213      0.1170266    
  0.1276596      0.1276653    
  0.1382979      0.1383041    
  0.1489362      0.1489428    
  0.1595745      0.1595816    
  0.1702128      0.1702203    
  0.1808511      0.1808590    
  0.1914894      0.1914978    
  0.2021277      0.2021365    
  0.2127660      0.2127752    
  0.2234043      0.2234139    
  0.2340426      0.2340527    
  0.2446809      0.2446915    
  0.2553191      0.2553302    
  0.2659574      0.2659689    
  0.2765957      0.2766075    
  0.2872340      0.2872462    
  0.2978723      0.2978848    
  0.3085106      0.3085236    
  0.3191489      0.3191622    
  0.3297872      0.3298007    
  0.3404255      0.3404393    
  0.3510638      0.3510780    
  0.3617021      0.3617166    
  0.3723404      0.3723552    
  0.3829787      0.3829938    
  0.3936170      0.3936325    
  0.4042553      0.4042711    
  0.4148936      0.4149097    
  0.4255319      0.4255481    
  0.4361702      0.4361869    
  0.4468085      0.4468252    
  0.4574468      0.4574640    
  0.4680851      0.4681026    
  0.4787234      0.4787410    
  0.4893617      0.4893796    
  0.5000000      0.5000182    
  0.5106383      0.5106565    
  0.5212766      0.5212950    
  0.5319149      0.5319333    
  0.5425532      0.5425718    
  0.5531915      0.5532100    
  0.5638298      0.5638486    
  0.5744681      0.5744868    
  0.5851064      0.5851250    
  0.5957447      0.5957633    
  0.6063830      0.6064018    
  0.6170213      0.6170400    
  0.6276596      0.6276783    
  0.6382979      0.6383166    
  0.6489362      0.6489548    
  0.6595744      0.6595930    
  0.6702127      0.6702313    
  0.6808510      0.6808692    
  0.6914893      0.6915075    
  0.7021276      0.7021456    
  0.7127659      0.7127836    
  0.7234042      0.7234219    
  0.7340425      0.7340599    
  0.7446808      0.7446979    
  0.7553192      0.7553357    
  0.7659575      0.7659734    
  0.7765958      0.7766117    
  0.7872341      0.7872493    
  0.7978724      0.7978873    
  0.8085107      0.8085251    
  0.8191490      0.8191627    
  0.8297873      0.8298004    
  0.8404256      0.8404379    
  0.8510638      0.8510758    
  0.8617021      0.8617134    
  0.8723404      0.8723509    
  0.8829787      0.8829886    
  0.8936170      0.8936262    
  0.9042553      0.9042639    
  0.9148936      0.9149015    
  0.9255319      0.9255390    
  0.9361702      0.9361766    
  0.9468085      0.9468141    
  0.9574468      0.9574516    
  0.9680851      0.9680890    
  0.9787234      0.9787263    
  0.9893617      0.9893636    
   1.000000       1.000001    
