  1.0309278E-02  0.000000000000000E+000
  2.0618556E-02  2.061855670103141E-002
  3.0927835E-02  3.092783505154708E-002
  4.1237112E-02  4.123711340206282E-002
  5.1546391E-02  5.154639175257848E-002
  6.1855670E-02  6.185567010309413E-002
  7.2164945E-02  7.216494845360982E-002
  8.2474224E-02  8.247422680412560E-002
  9.2783503E-02  9.278350515464125E-002
  0.1030928      0.103092783505157     
  0.1134021      0.113402061855673     
  0.1237113      0.123711340206188     
  0.1340206      0.134020618556704     
  0.1443299      0.144329896907220     
  0.1546392      0.154639175257735     
  0.1649484      0.164948453608251     
  0.1752577      0.175257731958767     
  0.1855670      0.185567010309282     
  0.1958763      0.195876288659798     
  0.2061856      0.206185567010314     
  0.2164948      0.216494845360829     
  0.2268041      0.226804123711345     
  0.2371134      0.237113402061861     
  0.2474227      0.247422680412376     
  0.2577319      0.257731958762892     
  0.2680412      0.268041237113408     
  0.2783505      0.278350515463923     
  0.2886598      0.288659793814439     
  0.2989691      0.298969072164955     
  0.3092783      0.309278350515470     
  0.3195876      0.319587628865986     
  0.3298969      0.329896907216502     
  0.3402062      0.340206185567017     
  0.3505155      0.350515463917533     
  0.3608247      0.360824742268049     
  0.3711340      0.371134020618565     
  0.3814433      0.381443298969080     
  0.3917526      0.391752577319596     
  0.4020618      0.402061855670112     
  0.4123711      0.412371134020627     
  0.4226804      0.422680412371143     
  0.4329897      0.432989690721659     
  0.4432990      0.443298969072174     
  0.4536082      0.453608247422690     
  0.4639175      0.463917525773206     
  0.4742268      0.474226804123722     
  0.4845361      0.484536082474237     
  0.4948454      0.494845360824753     
  0.5051546      0.505154639175268     
  0.5154639      0.515463917525784     
  0.5257732      0.525773195876299     
  0.5360824      0.536082474226815     
  0.5463917      0.546391752577330     
  0.5567010      0.556701030927846     
  0.5670103      0.567010309278361     
  0.5773196      0.577319587628876     
  0.5876288      0.587628865979392     
  0.5979381      0.597938144329907     
  0.6082474      0.608247422680423     
  0.6185567      0.618556701030938     
  0.6288660      0.628865979381453     
  0.6391752      0.639175257731969     
  0.6494845      0.649484536082484     
  0.6597938      0.659793814433000     
  0.6701031      0.670103092783515     
  0.6804124      0.680412371134030     
  0.6907216      0.690721649484546     
  0.7010309      0.701030927835061     
  0.7113402      0.711340206185576     
  0.7216495      0.721649484536092     
  0.7319587      0.731958762886607     
  0.7422680      0.742268041237122     
  0.7525773      0.752577319587638     
  0.7628866      0.762886597938153     
  0.7731959      0.773195876288668     
  0.7835051      0.783505154639183     
  0.7938144      0.793814432989699     
  0.8041237      0.804123711340214     
  0.8144330      0.814432989690729     
  0.8247423      0.824742268041244     
  0.8350515      0.835051546391759     
  0.8453608      0.845360824742273     
  0.8556701      0.855670103092789     
  0.8659794      0.865979381443304     
  0.8762887      0.876288659793819     
  0.8865979      0.886597938144334     
  0.8969072      0.896907216494849     
  0.9072165      0.907216494845364     
  0.9175258      0.917525773195879     
  0.9278350      0.927835051546394     
  0.9381443      0.938144329896909     
  0.9484536      0.948453608247425     
  0.9587629      0.958762886597940     
  0.9690722      0.969072164948455     
  0.9793814      0.979381443298970     
  0.9896907      0.989690721649485     
   1.000000       1.00000000000000     
