  4.1666668E-02  4.1666664E-02
  8.3333336E-02  8.3333328E-02
  0.1250000      0.1250000    
  0.1666667      0.1666667    
  0.2083333      0.2083333    
  0.2500000      0.2500000    
  0.2916667      0.2916667    
  0.3333333      0.3333333    
  0.3750000      0.3750000    
  0.4166667      0.4166666    
  0.4583333      0.4583333    
  0.5000000      0.5000000    
  0.5416667      0.5416666    
  0.5833333      0.5833333    
  0.6250000      0.6249999    
  0.6666667      0.6666666    
  0.7083333      0.7083333    
  0.7500000      0.7499999    
  0.7916667      0.7916666    
  0.8333333      0.8333333    
  0.8750000      0.8749999    
  0.9166667      0.9166666    
  0.9583333      0.9583333    
   1.000000      0.9999999    
