  2.2727273E-02  2.2727272E-02
  4.5454547E-02  4.5454543E-02
  6.8181820E-02  6.8181813E-02
  9.0909094E-02  9.0909086E-02
  0.1136364      0.1136364    
  0.1363636      0.1363636    
  0.1590909      0.1590909    
  0.1818182      0.1818182    
  0.2045455      0.2045454    
  0.2272727      0.2272727    
  0.2500000      0.2500000    
  0.2727273      0.2727273    
  0.2954545      0.2954545    
  0.3181818      0.3181818    
  0.3409091      0.3409091    
  0.3636364      0.3636363    
  0.3863636      0.3863636    
  0.4090909      0.4090909    
  0.4318182      0.4318182    
  0.4545455      0.4545454    
  0.4772727      0.4772727    
  0.5000000      0.5000000    
  0.5227273      0.5227273    
  0.5454546      0.5454545    
  0.5681818      0.5681818    
  0.5909091      0.5909091    
  0.6136364      0.6136363    
  0.6363636      0.6363636    
  0.6590909      0.6590909    
  0.6818182      0.6818181    
  0.7045454      0.7045454    
  0.7272727      0.7272727    
  0.7500000      0.7499999    
  0.7727273      0.7727273    
  0.7954546      0.7954545    
  0.8181818      0.8181818    
  0.8409091      0.8409091    
  0.8636364      0.8636363    
  0.8863636      0.8863636    
  0.9090909      0.9090909    
  0.9318182      0.9318181    
  0.9545454      0.9545454    
  0.9772727      0.9772727    
   1.000000      0.9999999    
