  1.1363637E-02  0.0000000E+00
  2.2727273E-02  2.2727666E-02
  3.4090910E-02  3.4091510E-02
  4.5454547E-02  4.5455333E-02
  5.6818184E-02  5.6819171E-02
  6.8181820E-02  6.8183027E-02
  7.9545453E-02  7.9546832E-02
  9.0909094E-02  9.0910651E-02
  0.1022727      0.1022744    
  0.1136364      0.1136383    
  0.1250000      0.1250021    
  0.1363636      0.1363660    
  0.1477273      0.1477298    
  0.1590909      0.1590936    
  0.1704545      0.1704574    
  0.1818182      0.1818212    
  0.1931818      0.1931850    
  0.2045455      0.2045487    
  0.2159091      0.2159126    
  0.2272727      0.2272764    
  0.2386364      0.2386403    
  0.2500000      0.2500041    
  0.2613636      0.2613678    
  0.2727273      0.2727316    
  0.2840909      0.2840955    
  0.2954545      0.2954592    
  0.3068182      0.3068231    
  0.3181818      0.3181868    
  0.3295455      0.3295505    
  0.3409091      0.3409143    
  0.3522727      0.3522781    
  0.3636364      0.3636417    
  0.3750000      0.3750054    
  0.3863636      0.3863690    
  0.3977273      0.3977328    
  0.4090909      0.4090967    
  0.4204545      0.4204603    
  0.4318182      0.4318241    
  0.4431818      0.4431878    
  0.4545455      0.4545515    
  0.4659091      0.4659153    
  0.4772727      0.4772790    
  0.4886364      0.4886425    
  0.5000000      0.5000063    
  0.5113636      0.5113699    
  0.5227273      0.5227333    
  0.5340909      0.5340970    
  0.5454546      0.5454606    
  0.5568182      0.5568241    
  0.5681818      0.5681877    
  0.5795454      0.5795514    
  0.5909091      0.5909150    
  0.6022727      0.6022783    
  0.6136364      0.6136421    
  0.6250000      0.6250055    
  0.6363636      0.6363690    
  0.6477273      0.6477324    
  0.6590909      0.6590958    
  0.6704546      0.6704592    
  0.6818182      0.6818227    
  0.6931818      0.6931860    
  0.7045454      0.7045496    
  0.7159091      0.7159129    
  0.7272727      0.7272763    
  0.7386364      0.7386399    
  0.7500000      0.7500033    
  0.7613636      0.7613669    
  0.7727273      0.7727301    
  0.7840909      0.7840937    
  0.7954546      0.7954572    
  0.8068182      0.8068204    
  0.8181818      0.8181841    
  0.8295454      0.8295476    
  0.8409091      0.8409111    
  0.8522727      0.8522745    
  0.8636364      0.8636382    
  0.8750000      0.8750018    
  0.8863636      0.8863653    
  0.8977273      0.8977288    
  0.9090909      0.9090923    
  0.9204546      0.9204558    
  0.9318182      0.9318193    
  0.9431818      0.9431829    
  0.9545454      0.9545463    
  0.9659091      0.9659097    
  0.9772727      0.9772732    
  0.9886364      0.9886367    
   1.000000       1.000000    
