  1.1764706E-02  1.176470518112183E-002
  2.3529412E-02  2.352941036224365E-002
  3.5294119E-02  3.529411554336548E-002
  4.7058824E-02  4.705882072448730E-002
  5.8823530E-02  5.882352590560913E-002
  7.0588239E-02  7.058823108673096E-002
  8.2352944E-02  8.235293626785278E-002
  9.4117649E-02  9.411764144897461E-002
  0.1058824      0.105882346630096     
  0.1176471      0.117647051811218     
  0.1294118      0.129411756992340     
  0.1411765      0.141176462173462     
  0.1529412      0.152941167354584     
  0.1647059      0.164705872535706     
  0.1764706      0.176470577716827     
  0.1882353      0.188235282897949     
  0.2000000      0.199999988079071     
  0.2117647      0.211764693260193     
  0.2235294      0.223529398441315     
  0.2352941      0.235294103622437     
  0.2470588      0.247058808803558     
  0.2588235      0.258823513984680     
  0.2705882      0.270588219165802     
  0.2823530      0.282352924346924     
  0.2941177      0.294117629528046     
  0.3058824      0.305882334709167     
  0.3176471      0.317647039890289     
  0.3294118      0.329411745071411     
  0.3411765      0.341176450252533     
  0.3529412      0.352941155433655     
  0.3647059      0.364705860614777     
  0.3764706      0.376470565795898     
  0.3882353      0.388235270977020     
  0.4000000      0.399999976158142     
  0.4117647      0.411764681339264     
  0.4235294      0.423529386520386     
  0.4352941      0.435294091701508     
  0.4470588      0.447058796882629     
  0.4588235      0.458823502063751     
  0.4705882      0.470588207244873     
  0.4823529      0.482352912425995     
  0.4941176      0.494117617607117     
  0.5058824      0.505882322788239     
  0.5176471      0.517647027969360     
  0.5294118      0.529411733150482     
  0.5411765      0.541176438331604     
  0.5529412      0.552941143512726     
  0.5647059      0.564705848693848     
  0.5764706      0.576470553874969     
  0.5882353      0.588235259056091     
  0.6000000      0.599999964237213     
  0.6117647      0.611764669418335     
  0.6235294      0.623529374599457     
  0.6352941      0.635294079780579     
  0.6470588      0.647058784961700     
  0.6588235      0.658823490142822     
  0.6705883      0.670588195323944     
  0.6823530      0.682352900505066     
  0.6941177      0.694117605686188     
  0.7058824      0.705882310867310     
  0.7176471      0.717647016048431     
  0.7294118      0.729411721229553     
  0.7411765      0.741176426410675     
  0.7529412      0.752941131591797     
  0.7647059      0.764705836772919     
  0.7764706      0.776470541954041     
  0.7882353      0.788235247135162     
  0.8000000      0.799999952316284     
  0.8117647      0.811764657497406     
  0.8235294      0.823529362678528     
  0.8352941      0.835294067859650     
  0.8470588      0.847058773040771     
  0.8588235      0.858823478221893     
  0.8705882      0.870588183403015     
  0.8823529      0.882352888584137     
  0.8941177      0.894117593765259     
  0.9058824      0.905882298946381     
  0.9176471      0.917647004127502     
  0.9294118      0.929411709308624     
  0.9411765      0.941176414489746     
  0.9529412      0.952941119670868     
  0.9647059      0.964705824851990     
  0.9764706      0.976470530033112     
  0.9882353      0.988235235214233     
   1.000000       1.00000000000000     
