  1.1627907E-02  1.162790600210428E-002
  2.3255814E-02  2.325581200420856E-002
  3.4883723E-02  3.488371893763542E-002
  4.6511628E-02  4.651162400841713E-002
  5.8139537E-02  5.813952907919884E-002
  6.9767445E-02  6.976743787527084E-002
  8.1395350E-02  8.139534294605255E-002
  9.3023255E-02  9.302324801683426E-002
  0.1046512      0.104651153087616     
  0.1162791      0.116279058158398     
  0.1279070      0.127906963229179     
  0.1395349      0.139534875750542     
  0.1511628      0.151162773370743     
  0.1627907      0.162790685892105     
  0.1744186      0.174418583512306     
  0.1860465      0.186046496033669     
  0.1976744      0.197674408555031     
  0.2093023      0.209302306175232     
  0.2209302      0.220930218696594     
  0.2325581      0.232558116316795     
  0.2441860      0.244186028838158     
  0.2558140      0.255813926458359     
  0.2674419      0.267441838979721     
  0.2790698      0.279069751501083     
  0.2906977      0.290697664022446     
  0.3023256      0.302325546741486     
  0.3139535      0.313953459262848     
  0.3255814      0.325581371784210     
  0.3372093      0.337209284305573     
  0.3488372      0.348837167024612     
  0.3604651      0.360465079545975     
  0.3720930      0.372092992067337     
  0.3837209      0.383720904588699     
  0.3953488      0.395348817110062     
  0.4069767      0.406976699829102     
  0.4186046      0.418604612350464     
  0.4302326      0.430232524871826     
  0.4418605      0.441860437393188     
  0.4534884      0.453488320112228     
  0.4651163      0.465116232633591     
  0.4767442      0.476744145154953     
  0.4883721      0.488372057676315     
  0.5000000      0.499999970197678     
  0.5116279      0.511627852916718     
  0.5232558      0.523255765438080     
  0.5348837      0.534883677959442     
  0.5465117      0.546511590480804     
  0.5581396      0.558139503002167     
  0.5697674      0.569767415523529     
  0.5813953      0.581395328044891     
  0.5930232      0.593023180961609     
  0.6046512      0.604651093482971     
  0.6162791      0.616279006004333     
  0.6279070      0.627906918525696     
  0.6395349      0.639534831047058     
  0.6511628      0.651162743568420     
  0.6627907      0.662790656089783     
  0.6744186      0.674418568611145     
  0.6860465      0.686046481132507     
  0.6976744      0.697674334049225     
  0.7093023      0.709302246570587     
  0.7209302      0.720930159091949     
  0.7325581      0.732558071613312     
  0.7441860      0.744185984134674     
  0.7558140      0.755813896656036     
  0.7674419      0.767441809177399     
  0.7790698      0.779069721698761     
  0.7906977      0.790697634220123     
  0.8023256      0.802325487136841     
  0.8139535      0.813953399658203     
  0.8255814      0.825581312179565     
  0.8372093      0.837209224700928     
  0.8488372      0.848837137222290     
  0.8604651      0.860465049743652     
  0.8720930      0.872092962265015     
  0.8837209      0.883720874786377     
  0.8953488      0.895348787307739     
  0.9069768      0.906976640224457     
  0.9186047      0.918604552745819     
  0.9302326      0.930232465267181     
  0.9418604      0.941860377788544     
  0.9534883      0.953488290309906     
  0.9651163      0.965116202831268     
  0.9767442      0.976744115352631     
  0.9883721      0.988372087478638     
   1.000000       1.00000000000000     
