  1.0000000E-03  1.000000047497451E-003
  2.0000001E-03  2.000000094994903E-003
  3.0000000E-03  3.000000026077032E-003
  4.0000002E-03  4.000000189989805E-003
  4.9999999E-03  5.000000353902578E-003
  6.0000001E-03  6.000000052154064E-003
  7.0000002E-03  7.000000216066837E-003
  8.0000004E-03  8.000000379979610E-003
  8.9999996E-03  9.000000543892384E-003
  9.9999998E-03  1.000000070780516E-002
  1.1000000E-02  1.100000087171793E-002
  1.2000000E-02  1.200000010430813E-002
  1.3000000E-02  1.300000026822090E-002
  1.4000000E-02  1.400000043213367E-002
  1.5000000E-02  1.500000059604645E-002
  1.6000001E-02  1.600000075995922E-002
  1.7000001E-02  1.700000092387199E-002
  1.7999999E-02  1.800000108778477E-002
  1.8999999E-02  1.900000125169754E-002
  2.0000000E-02  2.000000141561031E-002
  2.1000000E-02  2.100000157952309E-002
  2.2000000E-02  2.200000174343586E-002
  2.3000000E-02  2.300000190734863E-002
  2.4000000E-02  2.400000020861626E-002
  2.5000000E-02  2.500000037252903E-002
  2.6000001E-02  2.600000053644180E-002
  2.7000001E-02  2.700000070035458E-002
  2.8000001E-02  2.800000086426735E-002
  2.8999999E-02  2.900000102818012E-002
  2.9999999E-02  3.000000119209290E-002
  3.0999999E-02  3.100000135600567E-002
  3.2000002E-02  3.200000151991844E-002
  3.3000000E-02  3.299999982118607E-002
  3.4000002E-02  3.400000184774399E-002
  3.5000000E-02  3.500000014901161E-002
  3.5999998E-02  3.600000217556953E-002
  3.7000000E-02  3.700000047683716E-002
  3.7999999E-02  3.800000250339508E-002
  3.9000001E-02  3.900000080466270E-002
  3.9999999E-02  4.000000283122063E-002
  4.1000001E-02  4.100000113248825E-002
  4.1999999E-02  4.200000315904617E-002
  4.3000001E-02  4.300000146031380E-002
  4.4000000E-02  4.400000348687172E-002
  4.5000002E-02  4.500000178813934E-002
  4.6000000E-02  4.600000381469727E-002
  4.6999998E-02  4.700000211596489E-002
  4.8000000E-02  4.800000041723251E-002
  4.8999999E-02  4.900000244379044E-002
  5.0000001E-02  5.000000074505806E-002
  5.0999999E-02  5.100000277161598E-002
  5.2000001E-02  5.200000107288361E-002
  5.2999999E-02  5.300000309944153E-002
  5.4000001E-02  5.400000140070915E-002
  5.5000000E-02  5.500000342726707E-002
  5.6000002E-02  5.600000172853470E-002
  5.7000000E-02  5.700000375509262E-002
  5.7999998E-02  5.800000205636024E-002
  5.9000000E-02  5.900000408291817E-002
  5.9999999E-02  6.000000238418579E-002
  6.1000001E-02  6.100000441074371E-002
  6.1999999E-02  6.200000271201134E-002
  6.3000001E-02  6.300000101327896E-002
  6.4000003E-02  6.400000303983688E-002
  6.4999998E-02  6.500000506639481E-002
  6.6000000E-02  6.599999964237213E-002
  6.7000002E-02  6.700000166893005E-002
  6.8000004E-02  6.800000369548798E-002
  6.8999998E-02  6.900000572204590E-002
  7.0000000E-02  7.000000029802322E-002
  7.1000002E-02  7.100000232458115E-002
  7.1999997E-02  7.200000435113907E-002
  7.2999999E-02  7.300000637769699E-002
  7.4000001E-02  7.400000095367432E-002
  7.5000003E-02  7.500000298023224E-002
  7.5999998E-02  7.600000500679016E-002
  7.7000000E-02  7.700000703334808E-002
  7.8000002E-02  7.800000160932541E-002
  7.9000004E-02  7.900000363588333E-002
  7.9999998E-02  8.000000566244125E-002
  8.1000000E-02  8.100000023841858E-002
  8.2000002E-02  8.200000226497650E-002
  8.2999997E-02  8.300000429153442E-002
  8.3999999E-02  8.400000631809235E-002
  8.5000001E-02  8.500000089406967E-002
  8.6000003E-02  8.600000292062759E-002
  8.6999997E-02  8.700000494718552E-002
  8.8000000E-02  8.800000697374344E-002
  8.9000002E-02  8.900000154972076E-002
  9.0000004E-02  9.000000357627869E-002
  9.0999998E-02  9.100000560283661E-002
  9.2000000E-02  9.200000762939453E-002
  9.3000002E-02  9.300000220537186E-002
  9.3999997E-02  9.400000423192978E-002
  9.4999999E-02  9.500000625848770E-002
  9.6000001E-02  9.600000083446503E-002
  9.7000003E-02  9.700000286102295E-002
  9.7999997E-02  9.800000488758087E-002
  9.8999999E-02  9.900000691413879E-002
  0.1000000      0.100000001490116     
  0.1010000      0.101000003516674     
  0.1020000      0.102000005543232     
  0.1030000      0.103000007569790     
  0.1040000      0.104000002145767     
  0.1050000      0.105000004172325     
  0.1060000      0.106000006198883     
  0.1070000      0.107000008225441     
  0.1080000      0.108000002801418     
  0.1090000      0.109000004827976     
  0.1100000      0.110000006854534     
  0.1110000      0.111000008881092     
  0.1120000      0.112000003457069     
  0.1130000      0.113000005483627     
  0.1140000      0.114000007510185     
  0.1150000      0.115000002086163     
  0.1160000      0.116000004112720     
  0.1170000      0.117000006139278     
  0.1180000      0.118000008165836     
  0.1190000      0.119000002741814     
  0.1200000      0.120000004768372     
  0.1210000      0.121000006794930     
  0.1220000      0.122000008821487     
  0.1230000      0.123000003397465     
  0.1240000      0.124000005424023     
  0.1250000      0.125000000000000     
  0.1260000      0.126000002026558     
  0.1270000      0.127000004053116     
  0.1280000      0.128000006079674     
  0.1290000      0.129000008106232     
  0.1300000      0.130000010132790     
  0.1310000      0.131000012159348     
  0.1320000      0.131999999284744     
  0.1330000      0.133000001311302     
  0.1340000      0.134000003337860     
  0.1350000      0.135000005364418     
  0.1360000      0.136000007390976     
  0.1370000      0.137000009417534     
  0.1380000      0.138000011444092     
  0.1390000      0.139000013470650     
  0.1400000      0.140000000596046     
  0.1410000      0.141000002622604     
  0.1420000      0.142000004649162     
  0.1430000      0.143000006675720     
  0.1440000      0.144000008702278     
  0.1450000      0.145000010728836     
  0.1460000      0.146000012755394     
  0.1470000      0.146999999880791     
  0.1480000      0.148000001907349     
  0.1490000      0.149000003933907     
  0.1500000      0.150000005960464     
  0.1510000      0.151000007987022     
  0.1520000      0.152000010013580     
  0.1530000      0.153000012040138     
  0.1540000      0.154000014066696     
  0.1550000      0.155000001192093     
  0.1560000      0.156000003218651     
  0.1570000      0.157000005245209     
  0.1580000      0.158000007271767     
  0.1590000      0.159000009298325     
  0.1600000      0.160000011324883     
  0.1610000      0.161000013351440     
  0.1620000      0.162000000476837     
  0.1630000      0.163000002503395     
  0.1640000      0.164000004529953     
  0.1650000      0.165000006556511     
  0.1660000      0.166000008583069     
  0.1670000      0.167000010609627     
  0.1680000      0.168000012636185     
  0.1690000      0.169000014662743     
  0.1700000      0.170000001788139     
  0.1710000      0.171000003814697     
  0.1720000      0.172000005841255     
  0.1730000      0.173000007867813     
  0.1740000      0.174000009894371     
  0.1750000      0.175000011920929     
  0.1760000      0.176000013947487     
  0.1770000      0.177000001072884     
  0.1780000      0.178000003099442     
  0.1790000      0.179000005125999     
  0.1800000      0.180000007152557     
  0.1810000      0.181000009179115     
  0.1820000      0.182000011205673     
  0.1830000      0.183000013232231     
  0.1840000      0.184000015258789     
  0.1850000      0.185000002384186     
  0.1860000      0.186000004410744     
  0.1870000      0.187000006437302     
  0.1880000      0.188000008463860     
  0.1890000      0.189000010490417     
  0.1900000      0.190000012516975     
  0.1910000      0.191000014543533     
  0.1920000      0.192000001668930     
  0.1930000      0.193000003695488     
  0.1940000      0.194000005722046     
  0.1950000      0.195000007748604     
  0.1960000      0.196000009775162     
  0.1970000      0.197000011801720     
  0.1980000      0.198000013828278     
  0.1990000      0.199000015854836     
  0.2000000      0.200000002980232     
  0.2010000      0.201000005006790     
  0.2020000      0.202000007033348     
  0.2030000      0.203000009059906     
  0.2040000      0.204000011086464     
  0.2050000      0.205000013113022     
  0.2060000      0.206000015139580     
  0.2070000      0.207000017166138     
  0.2080000      0.208000004291534     
  0.2090000      0.209000006318092     
  0.2100000      0.210000008344650     
  0.2110000      0.211000010371208     
  0.2120000      0.212000012397766     
  0.2130000      0.213000014424324     
  0.2140000      0.214000016450882     
  0.2150000      0.215000003576279     
  0.2160000      0.216000005602837     
  0.2170000      0.217000007629395     
  0.2180000      0.218000009655952     
  0.2190000      0.219000011682510     
  0.2200000      0.220000013709068     
  0.2210000      0.221000015735626     
  0.2220000      0.222000017762184     
  0.2230000      0.223000004887581     
  0.2240000      0.224000006914139     
  0.2250000      0.225000008940697     
  0.2260000      0.226000010967255     
  0.2270000      0.227000012993813     
  0.2280000      0.228000015020370     
  0.2290000      0.229000017046928     
  0.2300000      0.230000004172325     
  0.2310000      0.231000006198883     
  0.2320000      0.232000008225441     
  0.2330000      0.233000010251999     
  0.2340000      0.234000012278557     
  0.2350000      0.235000014305115     
  0.2360000      0.236000016331673     
  0.2370000      0.237000018358231     
  0.2380000      0.238000005483627     
  0.2390000      0.239000007510185     
  0.2400000      0.240000009536743     
  0.2410000      0.241000011563301     
  0.2420000      0.242000013589859     
  0.2430000      0.243000015616417     
  0.2440000      0.244000017642975     
  0.2450000      0.245000004768372     
  0.2460000      0.246000006794930     
  0.2470000      0.247000008821487     
  0.2480000      0.248000010848045     
  0.2490000      0.249000012874603     
  0.2500000      0.250000000000000     
  0.2510000      0.251000016927719     
  0.2520000      0.252000004053116     
  0.2530000      0.253000020980835     
  0.2540000      0.254000008106232     
  0.2550000      0.255000025033951     
  0.2560000      0.256000012159348     
  0.2570000      0.256999999284744     
  0.2580000      0.258000016212463     
  0.2590000      0.259000003337860     
  0.2600000      0.260000020265579     
  0.2610000      0.261000007390976     
  0.2620000      0.262000024318695     
  0.2630000      0.263000011444092     
  0.2640000      0.263999998569489     
  0.2650000      0.265000015497208     
  0.2660000      0.266000002622604     
  0.2670000      0.267000019550323     
  0.2680000      0.268000006675720     
  0.2690000      0.269000023603439     
  0.2700000      0.270000010728836     
  0.2710000      0.271000027656555     
  0.2720000      0.272000014781952     
  0.2730000      0.273000001907349     
  0.2740000      0.274000018835068     
  0.2750000      0.275000005960464     
  0.2760000      0.276000022888184     
  0.2770000      0.277000010013580     
  0.2780000      0.278000026941299     
  0.2790000      0.279000014066696     
  0.2800000      0.280000001192093     
  0.2810000      0.281000018119812     
  0.2820000      0.282000005245209     
  0.2830000      0.283000022172928     
  0.2840000      0.284000009298325     
  0.2850000      0.285000026226044     
  0.2860000      0.286000013351440     
  0.2870000      0.287000000476837     
  0.2880000      0.288000017404556     
  0.2890000      0.289000004529953     
  0.2900000      0.290000021457672     
  0.2910000      0.291000008583069     
  0.2920000      0.292000025510788     
  0.2930000      0.293000012636185     
  0.2940000      0.293999999761581     
  0.2950000      0.295000016689301     
  0.2960000      0.296000003814697     
  0.2970000      0.297000020742416     
  0.2980000      0.298000007867813     
  0.2990000      0.299000024795532     
  0.3000000      0.300000011920929     
  0.3010000      0.301000028848648     
  0.3020000      0.302000015974045     
  0.3030000      0.303000003099442     
  0.3040000      0.304000020027161     
  0.3050000      0.305000007152557     
  0.3060000      0.306000024080276     
  0.3070000      0.307000011205673     
  0.3080000      0.308000028133392     
  0.3090000      0.309000015258789     
  0.3100000      0.310000002384186     
  0.3110000      0.311000019311905     
  0.3120000      0.312000006437302     
  0.3130000      0.313000023365021     
  0.3140000      0.314000010490417     
  0.3150000      0.315000027418137     
  0.3160000      0.316000014543533     
  0.3170000      0.317000001668930     
  0.3180000      0.318000018596649     
  0.3190000      0.319000005722046     
  0.3200000      0.320000022649765     
  0.3210000      0.321000009775162     
  0.3220000      0.322000026702881     
  0.3230000      0.323000013828278     
  0.3240000      0.324000000953674     
  0.3250000      0.325000017881393     
  0.3260000      0.326000005006790     
  0.3270000      0.327000021934509     
  0.3280000      0.328000009059906     
  0.3290000      0.329000025987625     
  0.3300000      0.330000013113022     
  0.3310000      0.331000030040741     
  0.3320000      0.332000017166138     
  0.3330000      0.333000004291534     
  0.3340000      0.334000021219254     
  0.3350000      0.335000008344650     
  0.3360000      0.336000025272369     
  0.3370000      0.337000012397766     
  0.3380000      0.338000029325485     
  0.3390000      0.339000016450882     
  0.3400000      0.340000003576279     
  0.3410000      0.341000020503998     
  0.3420000      0.342000007629395     
  0.3430000      0.343000024557114     
  0.3440000      0.344000011682510     
  0.3450000      0.345000028610229     
  0.3460000      0.346000015735626     
  0.3470000      0.347000002861023     
  0.3480000      0.348000019788742     
  0.3490000      0.349000006914139     
  0.3500000      0.350000023841858     
  0.3510000      0.351000010967255     
  0.3520000      0.352000027894974     
  0.3530000      0.353000015020370     
  0.3540000      0.354000002145767     
  0.3550000      0.355000019073486     
  0.3560000      0.356000006198883     
  0.3570000      0.357000023126602     
  0.3580000      0.358000010251999     
  0.3590000      0.359000027179718     
  0.3600000      0.360000014305115     
  0.3610000      0.361000031232834     
  0.3620000      0.362000018358231     
  0.3630000      0.363000005483627     
  0.3640000      0.364000022411346     
  0.3650000      0.365000009536743     
  0.3660000      0.366000026464462     
  0.3670000      0.367000013589859     
  0.3680000      0.368000030517578     
  0.3690000      0.369000017642975     
  0.3700000      0.370000004768372     
  0.3710000      0.371000021696091     
  0.3720000      0.372000008821487     
  0.3730000      0.373000025749207     
  0.3740000      0.374000012874603     
  0.3750000      0.375000029802322     
  0.3760000      0.376000016927719     
  0.3770000      0.377000004053116     
  0.3780000      0.378000020980835     
  0.3790000      0.379000008106232     
  0.3800000      0.380000025033951     
  0.3810000      0.381000012159348     
  0.3820000      0.382000029087067     
  0.3830000      0.383000016212463     
  0.3840000      0.384000003337860     
  0.3850000      0.385000020265579     
  0.3860000      0.386000007390976     
  0.3870000      0.387000024318695     
  0.3880000      0.388000011444092     
  0.3890000      0.389000028371811     
  0.3900000      0.390000015497208     
  0.3910000      0.391000032424927     
  0.3920000      0.392000019550323     
  0.3930000      0.393000006675720     
  0.3940000      0.394000023603439     
  0.3950000      0.395000010728836     
  0.3960000      0.396000027656555     
  0.3970000      0.397000014781952     
  0.3980000      0.398000031709671     
  0.3990000      0.399000018835068     
  0.4000000      0.400000005960464     
  0.4010000      0.401000022888184     
  0.4020000      0.402000010013580     
  0.4030000      0.403000026941299     
  0.4040000      0.404000014066696     
  0.4050000      0.405000030994415     
  0.4060000      0.406000018119812     
  0.4070000      0.407000005245209     
  0.4080000      0.408000022172928     
  0.4090000      0.409000009298325     
  0.4100000      0.410000026226044     
  0.4110000      0.411000013351440     
  0.4120000      0.412000030279160     
  0.4130000      0.413000017404556     
  0.4140000      0.414000034332275     
  0.4150000      0.415000021457672     
  0.4160000      0.416000008583069     
  0.4170000      0.417000025510788     
  0.4180000      0.418000012636185     
  0.4190000      0.419000029563904     
  0.4200000      0.420000016689301     
  0.4210000      0.421000033617020     
  0.4220000      0.422000020742416     
  0.4230000      0.423000007867813     
  0.4240000      0.424000024795532     
  0.4250000      0.425000011920929     
  0.4260000      0.426000028848648     
  0.4270000      0.427000015974045     
  0.4280000      0.428000032901764     
  0.4290000      0.429000020027161     
  0.4300000      0.430000007152557     
  0.4310000      0.431000024080276     
  0.4320000      0.432000011205673     
  0.4330000      0.433000028133392     
  0.4340000      0.434000015258789     
  0.4350000      0.435000032186508     
  0.4360000      0.436000019311905     
  0.4370000      0.437000006437302     
  0.4380000      0.438000023365021     
  0.4390000      0.439000010490417     
  0.4400000      0.440000027418137     
  0.4410000      0.441000014543533     
  0.4420000      0.442000031471252     
  0.4430000      0.443000018596649     
  0.4440000      0.444000035524368     
  0.4450000      0.445000022649765     
  0.4460000      0.446000009775162     
  0.4470000      0.447000026702881     
  0.4480000      0.448000013828278     
  0.4490000      0.449000030755997     
  0.4500000      0.450000017881393     
  0.4510000      0.451000034809113     
  0.4520000      0.452000021934509     
  0.4530000      0.453000009059906     
  0.4540000      0.454000025987625     
  0.4550000      0.455000013113022     
  0.4560000      0.456000030040741     
  0.4570000      0.457000017166138     
  0.4580000      0.458000034093857     
  0.4590000      0.459000021219254     
  0.4600000      0.460000008344650     
  0.4610000      0.461000025272369     
  0.4620000      0.462000012397766     
  0.4630000      0.463000029325485     
  0.4640000      0.464000016450882     
  0.4650000      0.465000033378601     
  0.4660000      0.466000020503998     
  0.4670000      0.467000007629395     
  0.4680000      0.468000024557114     
  0.4690000      0.469000011682510     
  0.4700000      0.470000028610229     
  0.4710000      0.471000015735626     
  0.4720000      0.472000032663345     
  0.4730000      0.473000019788742     
  0.4740000      0.474000036716461     
  0.4750000      0.475000023841858     
  0.4760000      0.476000010967255     
  0.4770000      0.477000027894974     
  0.4780000      0.478000015020370     
  0.4790000      0.479000031948090     
  0.4800000      0.480000019073486     
  0.4810000      0.481000036001205     
  0.4820000      0.482000023126602     
  0.4830000      0.483000010251999     
  0.4840000      0.484000027179718     
  0.4850000      0.485000014305115     
  0.4860000      0.486000031232834     
  0.4870000      0.487000018358231     
  0.4880000      0.488000035285950     
  0.4890000      0.489000022411346     
  0.4900000      0.490000009536743     
  0.4910000      0.491000026464462     
  0.4920000      0.492000013589859     
  0.4930000      0.493000030517578     
  0.4940000      0.494000017642975     
  0.4950000      0.495000034570694     
  0.4960000      0.496000021696091     
  0.4970000      0.497000008821487     
  0.4980000      0.498000025749207     
  0.4990000      0.499000012874603     
  0.5000000      0.500000000000000     
  0.5010000      0.501000046730042     
  0.5020000      0.502000033855438     
  0.5030000      0.503000020980835     
  0.5040000      0.504000008106232     
  0.5050000      0.504999995231628     
  0.5060000      0.506000041961670     
  0.5070000      0.507000029087067     
  0.5080000      0.508000016212463     
  0.5090000      0.509000003337860     
  0.5100000      0.510000050067902     
  0.5110000      0.511000037193298     
  0.5120000      0.512000024318695     
  0.5130000      0.513000011444092     
  0.5140000      0.513999998569489     
  0.5150000      0.515000045299530     
  0.5160000      0.516000032424927     
  0.5170000      0.517000019550323     
  0.5180000      0.518000006675720     
  0.5190000      0.519000053405762     
  0.5200000      0.520000040531158     
  0.5210000      0.521000027656555     
  0.5220000      0.522000014781952     
  0.5230000      0.523000001907349     
  0.5240000      0.524000048637390     
  0.5250000      0.525000035762787     
  0.5260000      0.526000022888184     
  0.5270000      0.527000010013580     
  0.5280000      0.527999997138977     
  0.5290000      0.529000043869019     
  0.5300000      0.530000030994415     
  0.5310000      0.531000018119812     
  0.5320000      0.532000005245209     
  0.5330000      0.533000051975250     
  0.5340000      0.534000039100647     
  0.5350000      0.535000026226044     
  0.5360000      0.536000013351440     
  0.5370000      0.537000000476837     
  0.5380000      0.538000047206879     
  0.5390000      0.539000034332275     
  0.5400000      0.540000021457672     
  0.5410000      0.541000008583069     
  0.5420000      0.542000055313110     
  0.5430000      0.543000042438507     
  0.5440000      0.544000029563904     
  0.5450000      0.545000016689301     
  0.5460000      0.546000003814697     
  0.5470000      0.547000050544739     
  0.5480000      0.548000037670135     
  0.5490000      0.549000024795532     
  0.5500000      0.550000011920929     
  0.5510000      0.550999999046326     
  0.5520000      0.552000045776367     
  0.5530000      0.553000032901764     
  0.5540000      0.554000020027161     
  0.5550000      0.555000007152557     
  0.5560000      0.556000053882599     
  0.5570000      0.557000041007996     
  0.5580000      0.558000028133392     
  0.5590000      0.559000015258789     
  0.5600000      0.560000002384186     
  0.5610000      0.561000049114227     
  0.5620000      0.562000036239624     
  0.5630000      0.563000023365021     
  0.5640000      0.564000010490417     
  0.5650000      0.564999997615814     
  0.5660000      0.566000044345856     
  0.5670000      0.567000031471252     
  0.5680000      0.568000018596649     
  0.5690000      0.569000005722046     
  0.5700000      0.570000052452087     
  0.5710000      0.571000039577484     
  0.5720000      0.572000026702881     
  0.5730000      0.573000013828278     
  0.5740000      0.574000000953674     
  0.5750000      0.575000047683716     
  0.5760000      0.576000034809113     
  0.5770000      0.577000021934509     
  0.5780000      0.578000009059906     
  0.5790000      0.579000055789948     
  0.5800000      0.580000042915344     
  0.5810000      0.581000030040741     
  0.5820000      0.582000017166138     
  0.5830000      0.583000004291534     
  0.5840000      0.584000051021576     
  0.5850000      0.585000038146973     
  0.5860000      0.586000025272369     
  0.5870000      0.587000012397766     
  0.5880000      0.587999999523163     
  0.5890000      0.589000046253204     
  0.5900000      0.590000033378601     
  0.5910000      0.591000020503998     
  0.5920000      0.592000007629395     
  0.5930000      0.593000054359436     
  0.5940000      0.594000041484833     
  0.5950000      0.595000028610229     
  0.5960000      0.596000015735626     
  0.5970000      0.597000002861023     
  0.5980000      0.598000049591064     
  0.5990000      0.599000036716461     
  0.6000000      0.600000023841858     
  0.6010000      0.601000010967255     
  0.6020000      0.602000057697296     
  0.6030000      0.603000044822693     
  0.6040000      0.604000031948090     
  0.6050000      0.605000019073486     
  0.6060000      0.606000006198883     
  0.6070000      0.607000052928925     
  0.6080000      0.608000040054321     
  0.6090000      0.609000027179718     
  0.6100000      0.610000014305115     
  0.6110000      0.611000001430511     
  0.6120000      0.612000048160553     
  0.6130000      0.613000035285950     
  0.6140000      0.614000022411346     
  0.6150000      0.615000009536743     
  0.6160000      0.616000056266785     
  0.6170000      0.617000043392181     
  0.6180000      0.618000030517578     
  0.6190000      0.619000017642975     
  0.6200000      0.620000004768372     
  0.6210000      0.621000051498413     
  0.6220000      0.622000038623810     
  0.6230000      0.623000025749207     
  0.6240000      0.624000012874603     
  0.6250000      0.625000000000000     
  0.6260000      0.626000046730042     
  0.6270000      0.627000033855438     
  0.6280000      0.628000020980835     
  0.6290000      0.629000008106232     
  0.6300000      0.630000054836273     
  0.6310000      0.631000041961670     
  0.6320000      0.632000029087067     
  0.6330000      0.633000016212463     
  0.6340000      0.634000003337860     
  0.6350000      0.635000050067902     
  0.6360000      0.636000037193298     
  0.6370000      0.637000024318695     
  0.6380000      0.638000011444092     
  0.6390000      0.639000058174133     
  0.6400000      0.640000045299530     
  0.6410000      0.641000032424927     
  0.6420000      0.642000019550323     
  0.6430000      0.643000006675720     
  0.6440000      0.644000053405762     
  0.6450000      0.645000040531158     
  0.6460000      0.646000027656555     
  0.6470000      0.647000014781952     
  0.6480000      0.648000001907349     
  0.6490000      0.649000048637390     
  0.6500000      0.650000035762787     
  0.6510000      0.651000022888184     
  0.6520000      0.652000010013580     
  0.6530000      0.653000056743622     
  0.6540000      0.654000043869019     
  0.6550000      0.655000030994415     
  0.6560000      0.656000018119812     
  0.6570000      0.657000005245209     
  0.6580000      0.658000051975250     
  0.6590000      0.659000039100647     
  0.6600000      0.660000026226044     
  0.6610000      0.661000013351440     
  0.6620000      0.662000060081482     
  0.6630000      0.663000047206879     
  0.6640000      0.664000034332275     
  0.6650000      0.665000021457672     
  0.6660000      0.666000008583069     
  0.6670000      0.667000055313110     
  0.6680000      0.668000042438507     
  0.6690000      0.669000029563904     
  0.6700000      0.670000016689301     
  0.6710000      0.671000003814697     
  0.6720000      0.672000050544739     
  0.6730000      0.673000037670135     
  0.6740000      0.674000024795532     
  0.6750000      0.675000011920929     
  0.6760000      0.676000058650970     
  0.6770000      0.677000045776367     
  0.6780000      0.678000032901764     
  0.6790000      0.679000020027161     
  0.6800000      0.680000007152557     
  0.6810000      0.681000053882599     
  0.6820000      0.682000041007996     
  0.6830000      0.683000028133392     
  0.6840000      0.684000015258789     
  0.6850000      0.685000061988831     
  0.6860000      0.686000049114227     
  0.6870000      0.687000036239624     
  0.6880000      0.688000023365021     
  0.6890000      0.689000010490417     
  0.6900000      0.690000057220459     
  0.6910000      0.691000044345856     
  0.6920000      0.692000031471252     
  0.6930000      0.693000018596649     
  0.6940000      0.694000005722046     
  0.6950000      0.695000052452087     
  0.6960000      0.696000039577484     
  0.6970000      0.697000026702881     
  0.6980000      0.698000013828278     
  0.6990000      0.699000060558319     
  0.7000000      0.700000047683716     
  0.7010000      0.701000034809113     
  0.7020000      0.702000021934509     
  0.7030000      0.703000009059906     
  0.7040000      0.704000055789948     
  0.7050000      0.705000042915344     
  0.7060000      0.706000030040741     
  0.7070000      0.707000017166138     
  0.7080000      0.708000004291534     
  0.7090000      0.709000051021576     
  0.7100000      0.710000038146973     
  0.7110000      0.711000025272369     
  0.7120000      0.712000012397766     
  0.7130000      0.713000059127808     
  0.7140000      0.714000046253204     
  0.7150000      0.715000033378601     
  0.7160000      0.716000020503998     
  0.7170000      0.717000007629395     
  0.7180000      0.718000054359436     
  0.7190000      0.719000041484833     
  0.7200000      0.720000028610229     
  0.7210000      0.721000015735626     
  0.7220000      0.722000062465668     
  0.7230000      0.723000049591064     
  0.7240000      0.724000036716461     
  0.7250000      0.725000023841858     
  0.7260000      0.726000010967255     
  0.7270000      0.727000057697296     
  0.7280000      0.728000044822693     
  0.7290000      0.729000031948090     
  0.7300000      0.730000019073486     
  0.7310000      0.731000006198883     
  0.7320000      0.732000052928925     
  0.7330000      0.733000040054321     
  0.7340000      0.734000027179718     
  0.7350000      0.735000014305115     
  0.7360000      0.736000061035156     
  0.7370000      0.737000048160553     
  0.7380000      0.738000035285950     
  0.7390000      0.739000022411346     
  0.7400000      0.740000009536743     
  0.7410000      0.741000056266785     
  0.7420000      0.742000043392181     
  0.7430000      0.743000030517578     
  0.7440000      0.744000017642975     
  0.7450000      0.745000064373016     
  0.7460000      0.746000051498413     
  0.7470000      0.747000038623810     
  0.7480000      0.748000025749207     
  0.7490000      0.749000012874603     
  0.7500000      0.750000059604645     
  0.7510000      0.751000046730042     
  0.7520000      0.752000033855438     
  0.7530000      0.753000020980835     
  0.7540000      0.754000008106232     
  0.7550000      0.755000054836273     
  0.7560000      0.756000041961670     
  0.7570000      0.757000029087067     
  0.7580000      0.758000016212463     
  0.7590000      0.759000062942505     
  0.7600000      0.760000050067902     
  0.7610000      0.761000037193298     
  0.7620000      0.762000024318695     
  0.7630000      0.763000011444092     
  0.7640000      0.764000058174133     
  0.7650000      0.765000045299530     
  0.7660000      0.766000032424927     
  0.7670000      0.767000019550323     
  0.7680000      0.768000006675720     
  0.7690000      0.769000053405762     
  0.7700000      0.770000040531158     
  0.7710000      0.771000027656555     
  0.7720000      0.772000014781952     
  0.7730000      0.773000061511993     
  0.7740000      0.774000048637390     
  0.7750000      0.775000035762787     
  0.7760000      0.776000022888184     
  0.7770000      0.777000010013580     
  0.7780000      0.778000056743622     
  0.7790000      0.779000043869019     
  0.7800000      0.780000030994415     
  0.7810000      0.781000018119812     
  0.7820000      0.782000064849854     
  0.7830000      0.783000051975250     
  0.7840000      0.784000039100647     
  0.7850000      0.785000026226044     
  0.7860000      0.786000013351440     
  0.7870000      0.787000060081482     
  0.7880000      0.788000047206879     
  0.7890000      0.789000034332275     
  0.7900000      0.790000021457672     
  0.7910000      0.791000008583069     
  0.7920000      0.792000055313110     
  0.7930000      0.793000042438507     
  0.7940000      0.794000029563904     
  0.7950000      0.795000016689301     
  0.7960000      0.796000063419342     
  0.7970000      0.797000050544739     
  0.7980000      0.798000037670135     
  0.7990000      0.799000024795532     
  0.8000000      0.800000011920929     
  0.8010000      0.801000058650970     
  0.8020000      0.802000045776367     
  0.8030000      0.803000032901764     
  0.8040000      0.804000020027161     
  0.8050000      0.805000066757202     
  0.8060000      0.806000053882599     
  0.8070000      0.807000041007996     
  0.8080000      0.808000028133392     
  0.8090000      0.809000015258789     
  0.8100000      0.810000061988831     
  0.8110000      0.811000049114227     
  0.8120000      0.812000036239624     
  0.8130000      0.813000023365021     
  0.8140000      0.814000010490417     
  0.8150000      0.815000057220459     
  0.8160000      0.816000044345856     
  0.8170000      0.817000031471252     
  0.8180000      0.818000018596649     
  0.8190000      0.819000065326691     
  0.8200000      0.820000052452087     
  0.8210000      0.821000039577484     
  0.8220000      0.822000026702881     
  0.8230000      0.823000013828278     
  0.8240000      0.824000060558319     
  0.8250000      0.825000047683716     
  0.8260000      0.826000034809113     
  0.8270000      0.827000021934509     
  0.8280000      0.828000068664551     
  0.8290000      0.829000055789948     
  0.8300000      0.830000042915344     
  0.8310000      0.831000030040741     
  0.8320000      0.832000017166138     
  0.8330000      0.833000063896179     
  0.8340000      0.834000051021576     
  0.8350000      0.835000038146973     
  0.8360000      0.836000025272369     
  0.8370000      0.837000012397766     
  0.8380000      0.838000059127808     
  0.8390000      0.839000046253204     
  0.8400000      0.840000033378601     
  0.8410000      0.841000020503998     
  0.8420000      0.842000067234039     
  0.8430000      0.843000054359436     
  0.8440000      0.844000041484833     
  0.8450000      0.845000028610229     
  0.8460000      0.846000015735626     
  0.8470000      0.847000062465668     
  0.8480000      0.848000049591064     
  0.8490000      0.849000036716461     
  0.8500000      0.850000023841858     
  0.8510000      0.851000010967255     
  0.8520000      0.852000057697296     
  0.8530000      0.853000044822693     
  0.8540000      0.854000031948090     
  0.8550000      0.855000019073486     
  0.8560000      0.856000065803528     
  0.8570000      0.857000052928925     
  0.8580000      0.858000040054321     
  0.8590000      0.859000027179718     
  0.8600000      0.860000014305115     
  0.8610000      0.861000061035156     
  0.8620000      0.862000048160553     
  0.8630000      0.863000035285950     
  0.8640000      0.864000022411346     
  0.8650000      0.865000069141388     
  0.8660000      0.866000056266785     
  0.8670000      0.867000043392181     
  0.8680000      0.868000030517578     
  0.8690000      0.869000017642975     
  0.8700000      0.870000064373016     
  0.8710000      0.871000051498413     
  0.8720000      0.872000038623810     
  0.8730000      0.873000025749207     
  0.8740000      0.874000012874603     
  0.8750000      0.875000059604645     
  0.8760000      0.876000046730042     
  0.8770000      0.877000033855438     
  0.8780000      0.878000020980835     
  0.8790000      0.879000067710876     
  0.8800000      0.880000054836273     
  0.8810000      0.881000041961670     
  0.8820000      0.882000029087067     
  0.8830000      0.883000016212463     
  0.8840000      0.884000062942505     
  0.8850000      0.885000050067902     
  0.8860000      0.886000037193298     
  0.8870000      0.887000024318695     
  0.8880000      0.888000071048737     
  0.8890000      0.889000058174133     
  0.8900000      0.890000045299530     
  0.8910000      0.891000032424927     
  0.8920000      0.892000019550323     
  0.8930000      0.893000066280365     
  0.8940000      0.894000053405762     
  0.8950000      0.895000040531158     
  0.8960000      0.896000027656555     
  0.8970000      0.897000014781952     
  0.8980000      0.898000061511993     
  0.8990000      0.899000048637390     
  0.9000000      0.900000035762787     
  0.9010000      0.901000022888184     
  0.9020000      0.902000069618225     
  0.9030000      0.903000056743622     
  0.9040000      0.904000043869019     
  0.9050000      0.905000030994415     
  0.9060000      0.906000018119812     
  0.9070000      0.907000064849854     
  0.9080000      0.908000051975250     
  0.9090000      0.909000039100647     
  0.9100000      0.910000026226044     
  0.9110000      0.911000072956085     
  0.9120000      0.912000060081482     
  0.9130000      0.913000047206879     
  0.9140000      0.914000034332275     
  0.9150000      0.915000021457672     
  0.9160000      0.916000068187714     
  0.9170000      0.917000055313110     
  0.9180000      0.918000042438507     
  0.9190000      0.919000029563904     
  0.9200000      0.920000016689301     
  0.9210000      0.921000063419342     
  0.9220000      0.922000050544739     
  0.9230000      0.923000037670135     
  0.9240000      0.924000024795532     
  0.9250000      0.925000071525574     
  0.9260000      0.926000058650970     
  0.9270000      0.927000045776367     
  0.9280000      0.928000032901764     
  0.9290000      0.929000020027161     
  0.9300000      0.930000066757202     
  0.9310000      0.931000053882599     
  0.9320000      0.932000041007996     
  0.9330000      0.933000028133392     
  0.9340000      0.934000015258789     
  0.9350000      0.935000061988831     
  0.9360000      0.936000049114227     
  0.9370000      0.937000036239624     
  0.9380000      0.938000023365021     
  0.9390000      0.939000070095062     
  0.9400000      0.940000057220459     
  0.9410000      0.941000044345856     
  0.9420000      0.942000031471252     
  0.9430000      0.943000018596649     
  0.9440000      0.944000065326691     
  0.9450000      0.945000052452087     
  0.9460000      0.946000039577484     
  0.9470000      0.947000026702881     
  0.9480000      0.948000073432922     
  0.9490000      0.949000060558319     
  0.9500000      0.950000047683716     
  0.9510000      0.951000034809113     
  0.9520000      0.952000021934509     
  0.9530000      0.953000068664551     
  0.9540000      0.954000055789948     
  0.9550000      0.955000042915344     
  0.9560000      0.956000030040741     
  0.9570000      0.957000017166138     
  0.9580000      0.958000063896179     
  0.9590000      0.959000051021576     
  0.9600000      0.960000038146973     
  0.9610000      0.961000025272369     
  0.9620000      0.962000072002411     
  0.9630000      0.963000059127808     
  0.9640000      0.964000046253204     
  0.9650000      0.965000033378601     
  0.9660000      0.966000020503998     
  0.9670000      0.967000067234039     
  0.9680000      0.968000054359436     
  0.9690000      0.969000041484833     
  0.9700000      0.970000028610229     
  0.9710000      0.971000075340271     
  0.9720000      0.972000062465668     
  0.9730000      0.973000049591064     
  0.9740000      0.974000036716461     
  0.9750000      0.975000023841858     
  0.9760000      0.976000070571899     
  0.9770000      0.977000057697296     
  0.9780000      0.978000044822693     
  0.9790000      0.979000031948090     
  0.9800000      0.980000019073486     
  0.9810000      0.981000065803528     
  0.9820000      0.982000052928925     
  0.9830000      0.983000040054321     
  0.9840000      0.984000027179718     
  0.9850000      0.985000073909760     
  0.9860000      0.986000061035156     
  0.9870000      0.987000048160553     
  0.9880000      0.988000035285950     
  0.9890000      0.989000022411346     
  0.9900000      0.990000069141388     
  0.9910000      0.991000056266785     
  0.9920000      0.992000043392181     
  0.9930000      0.993000030517578     
  0.9940000      0.994000017642975     
  0.9950000      0.995000064373016     
  0.9960000      0.996000051498413     
  0.9970000      0.997000038623810     
  0.9980000      0.998000025749207     
  0.9990000      0.999000072479248     
   1.000000       1.00000000000000     
