  1.0752688E-02  1.0752688E-02
  2.1505376E-02  2.1505376E-02
  3.2258064E-02  3.2258064E-02
  4.3010753E-02  4.3010753E-02
  5.3763442E-02  5.3763442E-02
  6.4516127E-02  6.4516127E-02
  7.5268820E-02  7.5268820E-02
  8.6021505E-02  8.6021505E-02
  9.6774191E-02  9.6774191E-02
  0.1075269      0.1075269    
  0.1182796      0.1182796    
  0.1290323      0.1290323    
  0.1397849      0.1397849    
  0.1505376      0.1505376    
  0.1612903      0.1612903    
  0.1720430      0.1720430    
  0.1827957      0.1827957    
  0.1935484      0.1935484    
  0.2043011      0.2043011    
  0.2150538      0.2150538    
  0.2258064      0.2258064    
  0.2365591      0.2365591    
  0.2473118      0.2473118    
  0.2580645      0.2580645    
  0.2688172      0.2688172    
  0.2795699      0.2795699    
  0.2903226      0.2903226    
  0.3010753      0.3010753    
  0.3118280      0.3118280    
  0.3225806      0.3225806    
  0.3333333      0.3333333    
  0.3440860      0.3440860    
  0.3548387      0.3548387    
  0.3655914      0.3655914    
  0.3763441      0.3763441    
  0.3870968      0.3870968    
  0.3978495      0.3978495    
  0.4086021      0.4086021    
  0.4193548      0.4193548    
  0.4301075      0.4301075    
  0.4408602      0.4408602    
  0.4516129      0.4516129    
  0.4623656      0.4623656    
  0.4731183      0.4731183    
  0.4838710      0.4838710    
  0.4946237      0.4946237    
  0.5053763      0.5053763    
  0.5161290      0.5161290    
  0.5268817      0.5268817    
  0.5376344      0.5376344    
  0.5483871      0.5483871    
  0.5591398      0.5591398    
  0.5698925      0.5698925    
  0.5806451      0.5806451    
  0.5913978      0.5913978    
  0.6021506      0.6021506    
  0.6129032      0.6129032    
  0.6236559      0.6236559    
  0.6344086      0.6344086    
  0.6451613      0.6451613    
  0.6559139      0.6559139    
  0.6666667      0.6666667    
  0.6774194      0.6774194    
  0.6881720      0.6881720    
  0.6989247      0.6989247    
  0.7096774      0.7096774    
  0.7204301      0.7204301    
  0.7311828      0.7311828    
  0.7419355      0.7419355    
  0.7526882      0.7526882    
  0.7634408      0.7634408    
  0.7741935      0.7741935    
  0.7849463      0.7849463    
  0.7956989      0.7956989    
  0.8064516      0.8064516    
  0.8172043      0.8172043    
  0.8279570      0.8279570    
  0.8387097      0.8387097    
  0.8494624      0.8494624    
  0.8602151      0.8602151    
  0.8709677      0.8709677    
  0.8817204      0.8817204    
  0.8924731      0.8924731    
  0.9032258      0.9032258    
  0.9139785      0.9139785    
  0.9247312      0.9247312    
  0.9354839      0.9354839    
  0.9462366      0.9462366    
  0.9569892      0.9569892    
  0.9677419      0.9677419    
  0.9784946      0.9784946    
  0.9892473      0.9892473    
   1.000000       1.000000    
