  1.3157895E-02  1.315789390355349E-002
  2.6315790E-02  2.631578780710697E-002
  3.9473683E-02  3.947368264198303E-002
  5.2631579E-02  5.263157561421394E-002
  6.5789476E-02  6.578946858644485E-002
  7.8947365E-02  7.894736528396606E-002
  9.2105262E-02  9.210525453090668E-002
  0.1052632      0.105263151228428     
  0.1184211      0.118421047925949     
  0.1315790      0.131578937172890     
  0.1447368      0.144736826419830     
  0.1578947      0.157894730567932     
  0.1710526      0.171052619814873     
  0.1842105      0.184210509061813     
  0.1973684      0.197368413209915     
  0.2105263      0.210526302456856     
  0.2236842      0.223684191703796     
  0.2368421      0.236842095851898     
  0.2500000      0.249999985098839     
  0.2631579      0.263157874345779     
  0.2763158      0.276315778493881     
  0.2894737      0.289473652839661     
  0.3026316      0.302631556987762     
  0.3157895      0.315789461135864     
  0.3289474      0.328947335481644     
  0.3421053      0.342105239629745     
  0.3552631      0.355263143777847     
  0.3684210      0.368421018123627     
  0.3815790      0.381578922271729     
  0.3947369      0.394736826419830     
  0.4078947      0.407894700765610     
  0.4210526      0.421052604913712     
  0.4342105      0.434210509061813     
  0.4473684      0.447368383407593     
  0.4605263      0.460526287555695     
  0.4736842      0.473684191703796     
  0.4868421      0.486842066049576     
  0.5000000      0.499999970197678     
  0.5131579      0.513157844543457     
  0.5263158      0.526315748691559     
  0.5394737      0.539473652839661     
  0.5526316      0.552631556987762     
  0.5657895      0.565789461135864     
  0.5789474      0.578947305679321     
  0.5921053      0.592105209827423     
  0.6052632      0.605263113975525     
  0.6184211      0.618421018123627     
  0.6315789      0.631578922271729     
  0.6447368      0.644736826419830     
  0.6578947      0.657894670963287     
  0.6710526      0.671052575111389     
  0.6842105      0.684210479259491     
  0.6973684      0.697368383407593     
  0.7105263      0.710526287555695     
  0.7236842      0.723684191703796     
  0.7368421      0.736842036247253     
  0.7500000      0.749999940395355     
  0.7631579      0.763157844543457     
  0.7763158      0.776315748691559     
  0.7894737      0.789473652839661     
  0.8026316      0.802631556987762     
  0.8157895      0.815789401531219     
  0.8289474      0.828947305679321     
  0.8421053      0.842105209827423     
  0.8552632      0.855263113975525     
  0.8684211      0.868421018123627     
  0.8815789      0.881578862667084     
  0.8947368      0.894736766815186     
  0.9078947      0.907894670963287     
  0.9210526      0.921052575111389     
  0.9342105      0.934210479259491     
  0.9473684      0.947368383407593     
  0.9605263      0.960526227951050     
  0.9736842      0.973684132099152     
  0.9868421      0.986842036247253     
   1.000000      0.999999940395355     
