  1.4084507E-02  0.000000000000000000000000000000000E+0000
  2.8169014E-02  2.816901408450704225352112676056328E-0002
  4.2253520E-02  4.225352112676056338028169014084491E-0002
  5.6338027E-02  5.633802816901408450704225352112658E-0002
  7.0422538E-02  7.042253521126760563380281690140821E-0002
  8.4507041E-02  8.450704225352112676056338028168983E-0002
  9.8591551E-02  9.859154929577464788732394366197141E-0002
  0.1126761      0.112676056338028169014084507042253      
  0.1267606      0.126760563380281690140845070422535      
  0.1408451      0.140845070422535211267605633802816      
  0.1549296      0.154929577464788732394366197183098      
  0.1690141      0.169014084507042253521126760563380      
  0.1830986      0.183098591549295774647887323943661      
  0.1971831      0.197183098591549295774647887323943      
  0.2112676      0.211267605633802816901408450704225      
  0.2253521      0.225352112676056338028169014084506      
  0.2394366      0.239436619718309859154929577464788      
  0.2535211      0.253521126760563380281690140845069      
  0.2676056      0.267605633802816901408450704225351      
  0.2816902      0.281690140845070422535211267605633      
  0.2957746      0.295774647887323943661971830985914      
  0.3098592      0.309859154929577464788732394366196      
  0.3239437      0.323943661971830985915492957746477      
  0.3380282      0.338028169014084507042253521126759      
  0.3521127      0.352112676056338028169014084507041      
  0.3661972      0.366197183098591549295774647887322      
  0.3802817      0.380281690140845070422535211267604      
  0.3943662      0.394366197183098591549295774647885      
  0.4084507      0.408450704225352112676056338028167      
  0.4225352      0.422535211267605633802816901408448      
  0.4366197      0.436619718309859154929577464788730      
  0.4507042      0.450704225352112676056338028169011      
  0.4647887      0.464788732394366197183098591549293      
  0.4788733      0.478873239436619718309859154929574      
  0.4929577      0.492957746478873239436619718309856      
  0.5070422      0.507042253521126760563380281690138      
  0.5211267      0.521126760563380281690140845070419      
  0.5352113      0.535211267605633802816901408450701      
  0.5492958      0.549295774647887323943661971830983      
  0.5633803      0.563380281690140845070422535211265      
  0.5774648      0.577464788732394366197183098591547      
  0.5915493      0.591549295774647887323943661971828      
  0.6056338      0.605633802816901408450704225352109      
  0.6197183      0.619718309859154929577464788732391      
  0.6338028      0.633802816901408450704225352112673      
  0.6478873      0.647887323943661971830985915492955      
  0.6619718      0.661971830985915492957746478873237      
  0.6760563      0.676056338028169014084507042253519      
  0.6901408      0.690140845070422535211267605633800      
  0.7042254      0.704225352112676056338028169014082      
  0.7183099      0.718309859154929577464788732394364      
  0.7323943      0.732394366197183098591549295774646      
  0.7464789      0.746478873239436619718309859154928      
  0.7605634      0.760563380281690140845070422535210      
  0.7746479      0.774647887323943661971830985915491      
  0.7887324      0.788732394366197183098591549295773      
  0.8028169      0.802816901408450704225352112676055      
  0.8169014      0.816901408450704225352112676056337      
  0.8309859      0.830985915492957746478873239436619      
  0.8450704      0.845070422535211267605633802816901      
  0.8591549      0.859154929577464788732394366197183      
  0.8732395      0.873239436619718309859154929577464      
  0.8873239      0.887323943661971830985915492957746      
  0.9014084      0.901408450704225352112676056338028      
  0.9154930      0.915492957746478873239436619718310      
  0.9295775      0.929577464788732394366197183098591      
  0.9436620      0.943661971830985915492957746478873      
  0.9577465      0.957746478873239436619718309859155      
  0.9718310      0.971830985915492957746478873239437      
  0.9859155      0.985915492957746478873239436619718      
   1.000000       1.00000000000000000000000000000000      
