  1.2048192E-02  0.000000000000000000000000000000000E+0000
  2.4096385E-02  2.409638554216867469879518072289166E-0002
  3.6144577E-02  3.614457831325301204819277108433750E-0002
  4.8192769E-02  4.819277108433734939759036144578332E-0002
  6.0240965E-02  6.024096385542168674698795180722911E-0002
  7.2289154E-02  7.228915662650602409638554216867496E-0002
  8.4337346E-02  8.433734939759036144578313253012076E-0002
  9.6385539E-02  9.638554216867469879518072289156662E-0002
  0.1084337      0.108433734939759036144578313253012      
  0.1204819      0.120481927710843373493975903614458      
  0.1325301      0.132530120481927710843373493975904      
  0.1445783      0.144578313253012048192771084337350      
  0.1566265      0.156626506024096385542168674698796      
  0.1686747      0.168674698795180722891566265060241      
  0.1807229      0.180722891566265060240963855421687      
  0.1927711      0.192771084337349397590361445783133      
  0.2048193      0.204819277108433734939759036144579      
  0.2168675      0.216867469879518072289156626506025      
  0.2289157      0.228915662650602409638554216867471      
  0.2409639      0.240963855421686746987951807228916      
  0.2530121      0.253012048192771084337349397590362      
  0.2650602      0.265060240963855421686746987951808      
  0.2771084      0.277108433734939759036144578313254      
  0.2891566      0.289156626506024096385542168674700      
  0.3012048      0.301204819277108433734939759036145      
  0.3132530      0.313253012048192771084337349397591      
  0.3253012      0.325301204819277108433734939759037      
  0.3373494      0.337349397590361445783132530120483      
  0.3493976      0.349397590361445783132530120481929      
  0.3614458      0.361445783132530120481927710843374      
  0.3734940      0.373493975903614457831325301204820      
  0.3855422      0.385542168674698795180722891566266      
  0.3975904      0.397590361445783132530120481927712      
  0.4096386      0.409638554216867469879518072289158      
  0.4216867      0.421686746987951807228915662650603      
  0.4337350      0.433734939759036144578313253012049      
  0.4457831      0.445783132530120481927710843373495      
  0.4578313      0.457831325301204819277108433734941      
  0.4698795      0.469879518072289156626506024096386      
  0.4819277      0.481927710843373493975903614457832      
  0.4939759      0.493975903614457831325301204819277      
  0.5060241      0.506024096385542168674698795180723      
  0.5180723      0.518072289156626506024096385542169      
  0.5301205      0.530120481927710843373493975903615      
  0.5421687      0.542168674698795180722891566265061      
  0.5542169      0.554216867469879518072289156626507      
  0.5662650      0.566265060240963855421686746987952      
  0.5783132      0.578313253012048192771084337349398      
  0.5903614      0.590361445783132530120481927710844      
  0.6024097      0.602409638554216867469879518072290      
  0.6144578      0.614457831325301204819277108433736      
  0.6265060      0.626506024096385542168674698795181      
  0.6385542      0.638554216867469879518072289156627      
  0.6506024      0.650602409638554216867469879518073      
  0.6626506      0.662650602409638554216867469879519      
  0.6746988      0.674698795180722891566265060240964      
  0.6867470      0.686746987951807228915662650602410      
  0.6987952      0.698795180722891566265060240963856      
  0.7108434      0.710843373493975903614457831325302      
  0.7228916      0.722891566265060240963855421686747      
  0.7349398      0.734939759036144578313253012048193      
  0.7469879      0.746987951807228915662650602409639      
  0.7590361      0.759036144578313253012048192771085      
  0.7710843      0.771084337349397590361445783132531      
  0.7831326      0.783132530120481927710843373493976      
  0.7951807      0.795180722891566265060240963855422      
  0.8072289      0.807228915662650602409638554216867      
  0.8192771      0.819277108433734939759036144578313      
  0.8313253      0.831325301204819277108433734939759      
  0.8433735      0.843373493975903614457831325301205      
  0.8554217      0.855421686746987951807228915662650      
  0.8674699      0.867469879518072289156626506024096      
  0.8795181      0.879518072289156626506024096385542      
  0.8915663      0.891566265060240963855421686746987      
  0.9036145      0.903614457831325301204819277108433      
  0.9156626      0.915662650602409638554216867469879      
  0.9277108      0.927710843373493975903614457831325      
  0.9397590      0.939759036144578313253012048192771      
  0.9518072      0.951807228915662650602409638554216      
  0.9638554      0.963855421686746987951807228915662      
  0.9759036      0.975903614457831325301204819277108      
  0.9879518      0.987951807228915662650602409638554      
   1.000000       1.00000000000000000000000000000000      
