  1.6949153E-02  1.694915257394314E-002
  3.3898305E-02  3.389830514788628E-002
  5.0847456E-02  5.084745585918427E-002
  6.7796610E-02  6.779661029577255E-002
  8.4745765E-02  8.474576473236084E-002
  0.1016949      0.101694911718369     
  0.1186441      0.118644066154957     
  0.1355932      0.135593220591545     
  0.1525424      0.152542367577553     
  0.1694915      0.169491529464722     
  0.1864407      0.186440676450729     
  0.2033898      0.203389823436737     
  0.2203390      0.220338985323906     
  0.2372881      0.237288132309914     
  0.2542373      0.254237294197083     
  0.2711864      0.271186441183090     
  0.2881356      0.288135588169098     
  0.3050847      0.305084735155106     
  0.3220339      0.322033911943436     
  0.3389831      0.338983058929443     
  0.3559322      0.355932205915451     
  0.3728814      0.372881352901459     
  0.3898305      0.389830499887466     
  0.4067796      0.406779646873474     
  0.4237288      0.423728823661804     
  0.4406780      0.440677970647812     
  0.4576271      0.457627117633820     
  0.4745763      0.474576264619827     
  0.4915254      0.491525411605835     
  0.5084746      0.508474588394165     
  0.5254237      0.525423705577850     
  0.5423729      0.542372882366180     
  0.5593221      0.559322059154510     
  0.5762712      0.576271176338196     
  0.5932204      0.593220353126526     
  0.6101695      0.610169470310211     
  0.6271186      0.627118647098541     
  0.6440678      0.644067823886871     
  0.6610169      0.661016941070557     
  0.6779661      0.677966117858887     
  0.6949152      0.694915235042572     
  0.7118644      0.711864411830902     
  0.7288136      0.728813588619232     
  0.7457627      0.745762705802917     
  0.7627119      0.762711882591248     
  0.7796610      0.779660999774933     
  0.7966102      0.796610176563263     
  0.8135593      0.813559293746948     
  0.8305085      0.830508470535278     
  0.8474576      0.847457647323608     
  0.8644068      0.864406764507294     
  0.8813559      0.881355941295624     
  0.8983051      0.898305058479309     
  0.9152542      0.915254235267639     
  0.9322034      0.932203412055969     
  0.9491525      0.949152529239655     
  0.9661017      0.966101706027985     
  0.9830508      0.983050823211670     
   1.000000       1.00000000000000     
