  1.2820513E-02  1.282051205635071E-002
  2.5641026E-02  2.564102411270142E-002
  3.8461540E-02  3.846153616905212E-002
  5.1282052E-02  5.128204822540283E-002
  6.4102568E-02  6.410256028175354E-002
  7.6923080E-02  7.692307233810425E-002
  8.9743592E-02  8.974358439445496E-002
  0.1025641      0.102564096450806     
  0.1153846      0.115384608507156     
  0.1282051      0.128205120563507     
  0.1410256      0.141025632619858     
  0.1538462      0.153846144676208     
  0.1666667      0.166666656732559     
  0.1794872      0.179487168788910     
  0.1923077      0.192307680845261     
  0.2051282      0.205128192901611     
  0.2179487      0.217948704957962     
  0.2307692      0.230769217014313     
  0.2435897      0.243589729070663     
  0.2564103      0.256410241127014     
  0.2692308      0.269230753183365     
  0.2820513      0.282051265239716     
  0.2948718      0.294871777296066     
  0.3076923      0.307692289352417     
  0.3205128      0.320512801408768     
  0.3333333      0.333333313465118     
  0.3461539      0.346153825521469     
  0.3589744      0.358974337577820     
  0.3717949      0.371794849634171     
  0.3846154      0.384615361690521     
  0.3974359      0.397435873746872     
  0.4102564      0.410256385803223     
  0.4230769      0.423076897859573     
  0.4358974      0.435897409915924     
  0.4487180      0.448717921972275     
  0.4615385      0.461538434028625     
  0.4743590      0.474358946084976     
  0.4871795      0.487179458141327     
  0.5000000      0.499999970197678     
  0.5128205      0.512820482254028     
  0.5256410      0.525640964508057     
  0.5384616      0.538461506366730     
  0.5512820      0.551282048225403     
  0.5641026      0.564102530479431     
  0.5769231      0.576923012733459     
  0.5897436      0.589743554592133     
  0.6025641      0.602564096450806     
  0.6153846      0.615384578704834     
  0.6282051      0.628205060958862     
  0.6410257      0.641025602817535     
  0.6538461      0.653846144676208     
  0.6666667      0.666666626930237     
  0.6794872      0.679487109184265     
  0.6923077      0.692307651042938     
  0.7051282      0.705128192901611     
  0.7179487      0.717948675155640     
  0.7307692      0.730769157409668     
  0.7435898      0.743589699268341     
  0.7564102      0.756410241127014     
  0.7692308      0.769230723381042     
  0.7820513      0.782051205635071     
  0.7948718      0.794871747493744     
  0.8076923      0.807692289352417     
  0.8205128      0.820512771606445     
  0.8333333      0.833333253860474     
  0.8461539      0.846153795719147     
  0.8589743      0.858974337577820     
  0.8717949      0.871794819831848     
  0.8846154      0.884615302085876     
  0.8974359      0.897435843944550     
  0.9102564      0.910256385803223     
  0.9230769      0.923076868057251     
  0.9358974      0.935897350311279     
  0.9487180      0.948717892169952     
  0.9615384      0.961538434028625     
  0.9743590      0.974358916282654     
  0.9871795      0.987179458141327     
   1.000000       1.00000000000000     
