  2.5000000E-02  0.0000000E+00
  5.0000001E-02  5.0000228E-02
  7.5000003E-02  7.5000338E-02
  0.1000000      0.1000005    
  0.1250000      0.1250005    
  0.1500000      0.1500007    
  0.1750000      0.1750008    
  0.2000000      0.2000010    
  0.2250000      0.2250011    
  0.2500000      0.2500011    
  0.2750000      0.2750012    
  0.3000000      0.3000013    
  0.3250000      0.3250013    
  0.3500000      0.3500015    
  0.3750000      0.3750016    
  0.4000000      0.4000015    
  0.4250000      0.4250018    
  0.4500000      0.4500016    
  0.4750000      0.4750018    
  0.5000000      0.5000018    
  0.5250000      0.5250016    
  0.5500000      0.5500017    
  0.5750000      0.5750017    
  0.6000000      0.6000017    
  0.6250000      0.6250017    
  0.6500000      0.6500018    
  0.6750000      0.6750019    
  0.7000000      0.7000018    
  0.7250000      0.7250018    
  0.7500000      0.7500020    
  0.7750000      0.7750017    
  0.8000000      0.8000019    
  0.8250000      0.8250017    
  0.8500000      0.8500018    
  0.8750000      0.8750017    
  0.9000000      0.9000013    
  0.9250000      0.9250013    
  0.9500000      0.9500010    
  0.9750000      0.9750007    
   1.000000       1.000000    
