  1.1494253E-02  0.0000000E+00
  2.2988506E-02  2.2988450E-02
  3.4482758E-02  3.4482673E-02
  4.5977011E-02  4.5976900E-02
  5.7471264E-02  5.7471111E-02
  6.8965517E-02  6.8965346E-02
  8.0459774E-02  8.0459528E-02
  9.1954023E-02  9.1953799E-02
  0.1034483      0.1034481    
  0.1149425      0.1149422    
  0.1264368      0.1264365    
  0.1379310      0.1379306    
  0.1494253      0.1494250    
  0.1609195      0.1609191    
  0.1724138      0.1724133    
  0.1839080      0.1839077    
  0.1954023      0.1954018    
  0.2068966      0.2068962    
  0.2183908      0.2183903    
  0.2298851      0.2298846    
  0.2413793      0.2413788    
  0.2528736      0.2528732    
  0.2643678      0.2643673    
  0.2758621      0.2758616    
  0.2873563      0.2873559    
  0.2988506      0.2988501    
  0.3103448      0.3103444    
  0.3218391      0.3218386    
  0.3333333      0.3333328    
  0.3448276      0.3448272    
  0.3563218      0.3563213    
  0.3678161      0.3678157    
  0.3793103      0.3793098    
  0.3908046      0.3908043    
  0.4022988      0.4022985    
  0.4137931      0.4137929    
  0.4252874      0.4252872    
  0.4367816      0.4367816    
  0.4482759      0.4482758    
  0.4597701      0.4597701    
  0.4712644      0.4712644    
  0.4827586      0.4827589    
  0.4942529      0.4942530    
  0.5057471      0.5057471    
  0.5172414      0.5172415    
  0.5287356      0.5287361    
  0.5402299      0.5402303    
  0.5517241      0.5517246    
  0.5632184      0.5632189    
  0.5747126      0.5747131    
  0.5862069      0.5862076    
  0.5977011      0.5977018    
  0.6091954      0.6091961    
  0.6206896      0.6206906    
  0.6321839      0.6321850    
  0.6436782      0.6436793    
  0.6551724      0.6551735    
  0.6666667      0.6666679    
  0.6781609      0.6781622    
  0.6896552      0.6896565    
  0.7011494      0.7011508    
  0.7126437      0.7126450    
  0.7241379      0.7241393    
  0.7356322      0.7356334    
  0.7471265      0.7471277    
  0.7586207      0.7586222    
  0.7701150      0.7701163    
  0.7816092      0.7816106    
  0.7931035      0.7931048    
  0.8045977      0.8045990    
  0.8160920      0.8160931    
  0.8275862      0.8275874    
  0.8390805      0.8390818    
  0.8505747      0.8505759    
  0.8620690      0.8620701    
  0.8735632      0.8735643    
  0.8850574      0.8850585    
  0.8965517      0.8965528    
  0.9080459      0.9080469    
  0.9195402      0.9195412    
  0.9310345      0.9310353    
  0.9425287      0.9425295    
  0.9540230      0.9540237    
  0.9655172      0.9655179    
  0.9770115      0.9770119    
  0.9885057      0.9885060    
   1.000000       1.000000    
