  2.8571429E-02  2.8571427E-02
  5.7142857E-02  5.7142854E-02
  8.5714288E-02  8.5714281E-02
  0.1142857      0.1142857    
  0.1428571      0.1428571    
  0.1714286      0.1714286    
  0.2000000      0.2000000    
  0.2285714      0.2285714    
  0.2571429      0.2571428    
  0.2857143      0.2857143    
  0.3142857      0.3142857    
  0.3428572      0.3428571    
  0.3714286      0.3714285    
  0.4000000      0.4000000    
  0.4285714      0.4285714    
  0.4571429      0.4571428    
  0.4857143      0.4857143    
  0.5142857      0.5142857    
  0.5428572      0.5428571    
  0.5714286      0.5714285    
  0.6000000      0.6000000    
  0.6285715      0.6285714    
  0.6571429      0.6571428    
  0.6857143      0.6857142    
  0.7142857      0.7142857    
  0.7428572      0.7428571    
  0.7714286      0.7714285    
  0.8000000      0.8000000    
  0.8285714      0.8285714    
  0.8571429      0.8571428    
  0.8857143      0.8857142    
  0.9142857      0.9142857    
  0.9428571      0.9428571    
  0.9714286      0.9714286    
   1.000000       1.000000    
