  1.1764706E-02  1.176470611244440078735351562500000E-0002
  2.3529412E-02  2.352941222488880157470703125000000E-0002
  3.5294119E-02  3.529411926865577697753906250000000E-0002
  4.7058824E-02  4.705882444977760314941406250000000E-0002
  5.8823530E-02  5.882352963089942932128906250000000E-0002
  7.0588239E-02  7.058823853731155395507812500000000E-0002
  8.2352944E-02  8.235294371843338012695312500000000E-0002
  9.4117649E-02  9.411764889955520629882812500000000E-0002
  0.1058824      0.105882354080677032470703125000000      
  0.1176471      0.117647059261798858642578125000000      
  0.1294118      0.129411771893501281738281250000000      
  0.1411765      0.141176477074623107910156250000000      
  0.1529412      0.152941182255744934082031250000000      
  0.1647059      0.164705887436866760253906250000000      
  0.1764706      0.176470592617988586425781250000000      
  0.1882353      0.188235297799110412597656250000000      
  0.2000000      0.200000002980232238769531250000000      
  0.2117647      0.211764708161354064941406250000000      
  0.2235294      0.223529413342475891113281250000000      
  0.2352941      0.235294118523597717285156250000000      
  0.2470588      0.247058823704719543457031250000000      
  0.2588235      0.258823543787002563476562500000000      
  0.2705882      0.270588248968124389648437500000000      
  0.2823530      0.282352954149246215820312500000000      
  0.2941177      0.294117659330368041992187500000000      
  0.3058824      0.305882364511489868164062500000000      
  0.3176471      0.317647069692611694335937500000000      
  0.3294118      0.329411774873733520507812500000000      
  0.3411765      0.341176480054855346679687500000000      
  0.3529412      0.352941185235977172851562500000000      
  0.3647059      0.364705890417098999023437500000000      
  0.3764706      0.376470595598220825195312500000000      
  0.3882353      0.388235300779342651367187500000000      
  0.4000000      0.400000005960464477539062500000000      
  0.4117647      0.411764711141586303710937500000000      
  0.4235294      0.423529416322708129882812500000000      
  0.4352941      0.435294121503829956054687500000000      
  0.4470588      0.447058826684951782226562500000000      
  0.4588235      0.458823531866073608398437500000000      
  0.4705882      0.470588237047195434570312500000000      
  0.4823529      0.482352942228317260742187500000000      
  0.4941176      0.494117647409439086914062500000000      
  0.5058824      0.505882382392883300781250000000000      
  0.5176471      0.517647087574005126953125000000000      
  0.5294118      0.529411792755126953125000000000000      
  0.5411765      0.541176497936248779296875000000000      
  0.5529412      0.552941203117370605468750000000000      
  0.5647059      0.564705908298492431640625000000000      
  0.5764706      0.576470613479614257812500000000000      
  0.5882353      0.588235318660736083984375000000000      
  0.6000000      0.600000023841857910156250000000000      
  0.6117647      0.611764729022979736328125000000000      
  0.6235294      0.623529434204101562500000000000000      
  0.6352941      0.635294139385223388671875000000000      
  0.6470588      0.647058844566345214843750000000000      
  0.6588235      0.658823549747467041015625000000000      
  0.6705883      0.670588254928588867187500000000000      
  0.6823530      0.682352960109710693359375000000000      
  0.6941177      0.694117665290832519531250000000000      
  0.7058824      0.705882370471954345703125000000000      
  0.7176471      0.717647075653076171875000000000000      
  0.7294118      0.729411780834197998046875000000000      
  0.7411765      0.741176486015319824218750000000000      
  0.7529412      0.752941191196441650390625000000000      
  0.7647059      0.764705896377563476562500000000000      
  0.7764706      0.776470601558685302734375000000000      
  0.7882353      0.788235306739807128906250000000000      
  0.8000000      0.800000011920928955078125000000000      
  0.8117647      0.811764717102050781250000000000000      
  0.8235294      0.823529422283172607421875000000000      
  0.8352941      0.835294127464294433593750000000000      
  0.8470588      0.847058832645416259765625000000000      
  0.8588235      0.858823537826538085937500000000000      
  0.8705882      0.870588243007659912109375000000000      
  0.8823529      0.882352948188781738281250000000000      
  0.8941177      0.894117653369903564453125000000000      
  0.9058824      0.905882358551025390625000000000000      
  0.9176471      0.917647063732147216796875000000000      
  0.9294118      0.929411768913269042968750000000000      
  0.9411765      0.941176474094390869140625000000000      
  0.9529412      0.952941179275512695312500000000000      
  0.9647059      0.964705884456634521484375000000000      
  0.9764706      0.976470589637756347656250000000000      
  0.9882353      0.988235294818878173828125000000000      
   1.000000       1.00000000000000000000000000000000      
