  1.2195121E-02  1.219512149691581726074218750000000E-0002
  2.4390243E-02  2.439024299383163452148437500000000E-0002
  3.6585364E-02  3.658536449074745178222656250000000E-0002
  4.8780486E-02  4.878048598766326904296875000000000E-0002
  6.0975611E-02  6.097561120986938476562500000000000E-0002
  7.3170729E-02  7.317072898149490356445312500000000E-0002
  8.5365854E-02  8.536585420370101928710937500000000E-0002
  9.7560972E-02  9.756097197532653808593750000000000E-0002
  0.1097561      0.109756097197532653808593750000000      
  0.1219512      0.121951222419738769531250000000000      
  0.1341463      0.134146347641944885253906250000000      
  0.1463415      0.146341457962989807128906250000000      
  0.1585366      0.158536583185195922851562500000000      
  0.1707317      0.170731708407402038574218750000000      
  0.1829268      0.182926833629608154296875000000000      
  0.1951219      0.195121943950653076171875000000000      
  0.2073171      0.207317069172859191894531250000000      
  0.2195122      0.219512194395065307617187500000000      
  0.2317073      0.231707319617271423339843750000000      
  0.2439024      0.243902444839477539062500000000000      
  0.2560976      0.256097555160522460937500000000000      
  0.2682927      0.268292695283889770507812500000000      
  0.2804878      0.280487805604934692382812500000000      
  0.2926829      0.292682915925979614257812500000000      
  0.3048781      0.304878056049346923828125000000000      
  0.3170732      0.317073166370391845703125000000000      
  0.3292683      0.329268306493759155273437500000000      
  0.3414634      0.341463416814804077148437500000000      
  0.3536585      0.353658527135848999023437500000000      
  0.3658537      0.365853667259216308593750000000000      
  0.3780488      0.378048777580261230468750000000000      
  0.3902439      0.390243887901306152343750000000000      
  0.4024390      0.402439028024673461914062500000000      
  0.4146341      0.414634138345718383789062500000000      
  0.4268293      0.426829278469085693359375000000000      
  0.4390244      0.439024388790130615234375000000000      
  0.4512195      0.451219499111175537109375000000000      
  0.4634146      0.463414639234542846679687500000000      
  0.4756097      0.475609749555587768554687500000000      
  0.4878049      0.487804889678955078125000000000000      
  0.5000000      0.500000000000000000000000000000000      
  0.5121951      0.512195110321044921875000000000000      
  0.5243902      0.524390220642089843750000000000000      
  0.5365854      0.536585390567779541015625000000000      
  0.5487805      0.548780500888824462890625000000000      
  0.5609756      0.560975611209869384765625000000000      
  0.5731707      0.573170721530914306640625000000000      
  0.5853658      0.585365831851959228515625000000000      
  0.5975610      0.597561001777648925781250000000000      
  0.6097561      0.609756112098693847656250000000000      
  0.6219512      0.621951222419738769531250000000000      
  0.6341463      0.634146332740783691406250000000000      
  0.6463414      0.646341443061828613281250000000000      
  0.6585366      0.658536612987518310546875000000000      
  0.6707317      0.670731723308563232421875000000000      
  0.6829268      0.682926833629608154296875000000000      
  0.6951219      0.695121943950653076171875000000000      
  0.7073171      0.707317054271697998046875000000000      
  0.7195122      0.719512224197387695312500000000000      
  0.7317073      0.731707334518432617187500000000000      
  0.7439024      0.743902444839477539062500000000000      
  0.7560976      0.756097555160522460937500000000000      
  0.7682927      0.768292665481567382812500000000000      
  0.7804878      0.780487775802612304687500000000000      
  0.7926829      0.792682945728302001953125000000000      
  0.8048781      0.804878056049346923828125000000000      
  0.8170732      0.817073166370391845703125000000000      
  0.8292683      0.829268276691436767578125000000000      
  0.8414634      0.841463387012481689453125000000000      
  0.8536586      0.853658556938171386718750000000000      
  0.8658537      0.865853667259216308593750000000000      
  0.8780488      0.878048777580261230468750000000000      
  0.8902439      0.890243887901306152343750000000000      
  0.9024390      0.902438998222351074218750000000000      
  0.9146342      0.914634168148040771484375000000000      
  0.9268293      0.926829278469085693359375000000000      
  0.9390244      0.939024388790130615234375000000000      
  0.9512195      0.951219499111175537109375000000000      
  0.9634146      0.963414609432220458984375000000000      
  0.9756098      0.975609779357910156250000000000000      
  0.9878049      0.987804889678955078125000000000000      
   1.000000       1.00000000000000000000000000000000      
