  1.3157895E-02  1.3157894E-02
  2.6315790E-02  2.6315788E-02
  3.9473683E-02  3.9473683E-02
  5.2631579E-02  5.2631576E-02
  6.5789476E-02  6.5789469E-02
  7.8947365E-02  7.8947365E-02
  9.2105262E-02  9.2105255E-02
  0.1052632      0.1052632    
  0.1184211      0.1184210    
  0.1315790      0.1315789    
  0.1447368      0.1447368    
  0.1578947      0.1578947    
  0.1710526      0.1710526    
  0.1842105      0.1842105    
  0.1973684      0.1973684    
  0.2105263      0.2105263    
  0.2236842      0.2236842    
  0.2368421      0.2368421    
  0.2500000      0.2500000    
  0.2631579      0.2631579    
  0.2763158      0.2763158    
  0.2894737      0.2894737    
  0.3026316      0.3026316    
  0.3157895      0.3157895    
  0.3289474      0.3289473    
  0.3421053      0.3421052    
  0.3552631      0.3552631    
  0.3684210      0.3684210    
  0.3815790      0.3815789    
  0.3947369      0.3947368    
  0.4078947      0.4078947    
  0.4210526      0.4210526    
  0.4342105      0.4342105    
  0.4473684      0.4473684    
  0.4605263      0.4605263    
  0.4736842      0.4736842    
  0.4868421      0.4868421    
  0.5000000      0.5000000    
  0.5131579      0.5131578    
  0.5263158      0.5263157    
  0.5394737      0.5394737    
  0.5526316      0.5526316    
  0.5657895      0.5657895    
  0.5789474      0.5789473    
  0.5921053      0.5921052    
  0.6052632      0.6052631    
  0.6184211      0.6184210    
  0.6315789      0.6315789    
  0.6447368      0.6447368    
  0.6578947      0.6578947    
  0.6710526      0.6710526    
  0.6842105      0.6842105    
  0.6973684      0.6973684    
  0.7105263      0.7105263    
  0.7236842      0.7236842    
  0.7368421      0.7368420    
  0.7500000      0.7499999    
  0.7631579      0.7631578    
  0.7763158      0.7763157    
  0.7894737      0.7894737    
  0.8026316      0.8026316    
  0.8157895      0.8157894    
  0.8289474      0.8289473    
  0.8421053      0.8421052    
  0.8552632      0.8552631    
  0.8684211      0.8684210    
  0.8815789      0.8815789    
  0.8947368      0.8947368    
  0.9078947      0.9078947    
  0.9210526      0.9210526    
  0.9342105      0.9342105    
  0.9473684      0.9473684    
  0.9605263      0.9605262    
  0.9736842      0.9736841    
  0.9868421      0.9868420    
   1.000000      0.9999999    
