  1.4705882E-02  0.0000000E+00
  2.9411765E-02  2.9412441E-02
  4.4117648E-02  4.4118639E-02
  5.8823530E-02  5.8824882E-02
  7.3529415E-02  7.3531069E-02
  8.8235296E-02  8.8237278E-02
  0.1029412      0.1029435    
  0.1176471      0.1176497    
  0.1323529      0.1323559    
  0.1470588      0.1470621    
  0.1617647      0.1617684    
  0.1764706      0.1764746    
  0.1911765      0.1911807    
  0.2058824      0.2058869    
  0.2205882      0.2205931    
  0.2352941      0.2352993    
  0.2500000      0.2500054    
  0.2647059      0.2647116    
  0.2794118      0.2794177    
  0.2941177      0.2941237    
  0.3088235      0.3088298    
  0.3235294      0.3235359    
  0.3382353      0.3382420    
  0.3529412      0.3529481    
  0.3676471      0.3676541    
  0.3823529      0.3823602    
  0.3970588      0.3970662    
  0.4117647      0.4117722    
  0.4264706      0.4264782    
  0.4411765      0.4411842    
  0.4558823      0.4558904    
  0.4705882      0.4705962    
  0.4852941      0.4853023    
  0.5000000      0.5000082    
  0.5147059      0.5147142    
  0.5294118      0.5294201    
  0.5441176      0.5441263    
  0.5588235      0.5588322    
  0.5735294      0.5735382    
  0.5882353      0.5882443    
  0.6029412      0.6029502    
  0.6176471      0.6176561    
  0.6323529      0.6323621    
  0.6470588      0.6470678    
  0.6617647      0.6617737    
  0.6764706      0.6764796    
  0.6911765      0.6911853    
  0.7058824      0.7058912    
  0.7205882      0.7205968    
  0.7352941      0.7353026    
  0.7500000      0.7500083    
  0.7647059      0.7647139    
  0.7794118      0.7794197    
  0.7941176      0.7941252    
  0.8088235      0.8088309    
  0.8235294      0.8235365    
  0.8382353      0.8382420    
  0.8529412      0.8529474    
  0.8676471      0.8676530    
  0.8823529      0.8823584    
  0.8970588      0.8970639    
  0.9117647      0.9117692    
  0.9264706      0.9264745    
  0.9411765      0.9411797    
  0.9558824      0.9558851    
  0.9705882      0.9705904    
  0.9852941      0.9852955    
   1.000000       1.000001    
