  4.3478262E-02  0.000000000000000000000000000000000E+0000
  8.6956523E-02  8.695652173913043478260869565217353E-0002
  0.1304348      0.130434782608695652173913043478260      
  0.1739130      0.173913043478260869565217391304347      
  0.2173913      0.217391304347826086956521739130434      
  0.2608696      0.260869565217391304347826086956521      
  0.3043478      0.304347826086956521739130434782607      
  0.3478261      0.347826086956521739130434782608694      
  0.3913043      0.391304347826086956521739130434781      
  0.4347826      0.434782608695652173913043478260868      
  0.4782609      0.478260869565217391304347826086954      
  0.5217391      0.521739130434782608695652173913041      
  0.5652174      0.565217391304347826086956521739128      
  0.6086956      0.608695652173913043478260869565215      
  0.6521739      0.652173913043478260869565217391302      
  0.6956522      0.695652173913043478260869565217389      
  0.7391304      0.739130434782608695652173913043476      
  0.7826087      0.782608695652173913043478260869563      
  0.8260869      0.826086956521739130434782608695651      
  0.8695652      0.869565217391304347826086956521738      
  0.9130435      0.913043478260869565217391304347825      
  0.9565217      0.956521739130434782608695652173912      
   1.000000       1.00000000000000000000000000000000      
