  3.3333335E-02  3.333333134651184E-002
  6.6666670E-02  6.666666269302368E-002
  0.1000000      9.999999403953552E-002
  0.1333333      0.133333325386047     
  0.1666667      0.166666656732559     
  0.2000000      0.199999988079071     
  0.2333333      0.233333319425583     
  0.2666667      0.266666650772095     
  0.3000000      0.299999982118607     
  0.3333333      0.333333313465118     
  0.3666667      0.366666644811630     
  0.4000000      0.399999976158142     
  0.4333333      0.433333307504654     
  0.4666667      0.466666638851166     
  0.5000000      0.499999970197678     
  0.5333334      0.533333301544189     
  0.5666667      0.566666603088379     
  0.6000000      0.599999964237213     
  0.6333333      0.633333325386047     
  0.6666667      0.666666626930237     
  0.7000000      0.699999928474426     
  0.7333333      0.733333289623260     
  0.7666667      0.766666650772095     
  0.8000000      0.799999952316284     
  0.8333333      0.833333253860474     
  0.8666667      0.866666615009308     
  0.9000000      0.899999976158142     
  0.9333333      0.933333277702332     
  0.9666666      0.966666638851166     
   1.000000       1.00000000000000     
