  1.8181818E-02  1.818181760609149932861328125000000E-0002
  3.6363635E-02  3.636363521218299865722656250000000E-0002
  5.4545455E-02  5.454545468091964721679687500000000E-0002
  7.2727270E-02  7.272727042436599731445312500000000E-0002
  9.0909094E-02  9.090909361839294433593750000000000E-0002
  0.1090909      0.109090909361839294433593750000000      
  0.1272727      0.127272725105285644531250000000000      
  0.1454545      0.145454540848731994628906250000000      
  0.1636364      0.163636356592178344726562500000000      
  0.1818182      0.181818187236785888671875000000000      
  0.2000000      0.200000002980232238769531250000000      
  0.2181818      0.218181818723678588867187500000000      
  0.2363636      0.236363634467124938964843750000000      
  0.2545455      0.254545450210571289062500000000000      
  0.2727273      0.272727280855178833007812500000000      
  0.2909091      0.290909081697463989257812500000000      
  0.3090909      0.309090912342071533203125000000000      
  0.3272727      0.327272713184356689453125000000000      
  0.3454545      0.345454543828964233398437500000000      
  0.3636364      0.363636374473571777343750000000000      
  0.3818182      0.381818175315856933593750000000000      
  0.4000000      0.400000005960464477539062500000000      
  0.4181818      0.418181806802749633789062500000000      
  0.4363636      0.436363637447357177734375000000000      
  0.4545455      0.454545468091964721679687500000000      
  0.4727273      0.472727268934249877929687500000000      
  0.4909091      0.490909099578857421875000000000000      
  0.5090909      0.509090900421142578125000000000000      
  0.5272727      0.527272701263427734375000000000000      
  0.5454546      0.545454561710357666015625000000000      
  0.5636364      0.563636362552642822265625000000000      
  0.5818182      0.581818163394927978515625000000000      
  0.6000000      0.600000023841857910156250000000000      
  0.6181818      0.618181824684143066406250000000000      
  0.6363636      0.636363625526428222656250000000000      
  0.6545454      0.654545426368713378906250000000000      
  0.6727273      0.672727286815643310546875000000000      
  0.6909091      0.690909087657928466796875000000000      
  0.7090909      0.709090888500213623046875000000000      
  0.7272727      0.727272748947143554687500000000000      
  0.7454545      0.745454549789428710937500000000000      
  0.7636364      0.763636350631713867187500000000000      
  0.7818182      0.781818211078643798828125000000000      
  0.8000000      0.800000011920928955078125000000000      
  0.8181818      0.818181812763214111328125000000000      
  0.8363636      0.836363613605499267578125000000000      
  0.8545455      0.854545474052429199218750000000000      
  0.8727273      0.872727274894714355468750000000000      
  0.8909091      0.890909075736999511718750000000000      
  0.9090909      0.909090936183929443359375000000000      
  0.9272727      0.927272737026214599609375000000000      
  0.9454545      0.945454537868499755859375000000000      
  0.9636363      0.963636338710784912109375000000000      
  0.9818182      0.981818199157714843750000000000000      
   1.000000       1.00000000000000000000000000000000      
