  4.1666668E-02  0.000000000000000000000000000000000E+0000
  8.3333336E-02  8.333333333333333333333333333333328E-0002
  0.1250000      0.125000000000000000000000000000000      
  0.1666667      0.166666666666666666666666666666667      
  0.2083333      0.208333333333333333333333333333333      
  0.2500000      0.250000000000000000000000000000000      
  0.2916667      0.291666666666666666666666666666667      
  0.3333333      0.333333333333333333333333333333333      
  0.3750000      0.375000000000000000000000000000000      
  0.4166667      0.416666666666666666666666666666667      
  0.4583333      0.458333333333333333333333333333333      
  0.5000000      0.500000000000000000000000000000000      
  0.5416667      0.541666666666666666666666666666667      
  0.5833333      0.583333333333333333333333333333333      
  0.6250000      0.625000000000000000000000000000000      
  0.6666667      0.666666666666666666666666666666666      
  0.7083333      0.708333333333333333333333333333333      
  0.7500000      0.750000000000000000000000000000000      
  0.7916667      0.791666666666666666666666666666666      
  0.8333333      0.833333333333333333333333333333333      
  0.8750000      0.875000000000000000000000000000000      
  0.9166667      0.916666666666666666666666666666667      
  0.9583333      0.958333333333333333333333333333333      
   1.000000       1.00000000000000000000000000000000      
