  1.4925373E-02  0.000000000000000000000000000000000E+0000
  2.9850746E-02  2.985074626865671641791044776119386E-0002
  4.4776119E-02  4.477611940298507462686567164179077E-0002
  5.9701491E-02  5.970149253731343283582089552238772E-0002
  7.4626863E-02  7.462686567164179104477611940298465E-0002
  8.9552239E-02  8.955223880597014925373134328358155E-0002
  0.1044776      0.104477611940298507462686567164178      
  0.1194030      0.119402985074626865671641791044775      
  0.1343284      0.134328358208955223880597014925372      
  0.1492537      0.149253731343283582089552238805969      
  0.1641791      0.164179104477611940298507462686566      
  0.1791045      0.179104477611940298507462686567163      
  0.1940299      0.194029850746268656716417910447760      
  0.2089552      0.208955223880597014925373134328357      
  0.2238806      0.223880597014925373134328358208954      
  0.2388060      0.238805970149253731343283582089551      
  0.2537313      0.253731343283582089552238805970148      
  0.2686567      0.268656716417910447761194029850744      
  0.2835821      0.283582089552238805970149253731341      
  0.2985075      0.298507462686567164179104477611938      
  0.3134328      0.313432835820895522388059701492535      
  0.3283582      0.328358208955223880597014925373132      
  0.3432836      0.343283582089552238805970149253729      
  0.3582090      0.358208955223880597014925373134326      
  0.3731343      0.373134328358208955223880597014923      
  0.3880597      0.388059701492537313432835820895520      
  0.4029851      0.402985074626865671641791044776116      
  0.4179105      0.417910447761194029850746268656713      
  0.4328358      0.432835820895522388059701492537310      
  0.4477612      0.447761194029850746268656716417907      
  0.4626866      0.462686567164179104477611940298504      
  0.4776119      0.477611940298507462686567164179101      
  0.4925373      0.492537313432835820895522388059698      
  0.5074627      0.507462686567164179104477611940295      
  0.5223880      0.522388059701492537313432835820891      
  0.5373135      0.537313432835820895522388059701488      
  0.5522388      0.552238805970149253731343283582085      
  0.5671642      0.567164179104477611940298507462682      
  0.5820895      0.582089552238805970149253731343279      
  0.5970149      0.597014925373134328358208955223876      
  0.6119403      0.611940298507462686567164179104473      
  0.6268657      0.626865671641791044776119402985070      
  0.6417910      0.641791044776119402985074626865667      
  0.6567164      0.656716417910447761194029850746264      
  0.6716418      0.671641791044776119402985074626861      
  0.6865672      0.686567164179104477611940298507458      
  0.7014925      0.701492537313432835820895522388055      
  0.7164179      0.716417910447761194029850746268653      
  0.7313433      0.731343283582089552238805970149250      
  0.7462686      0.746268656716417910447761194029847      
  0.7611941      0.761194029850746268656716417910444      
  0.7761194      0.776119402985074626865671641791041      
  0.7910448      0.791044776119402985074626865671638      
  0.8059701      0.805970149253731343283582089552236      
  0.8208955      0.820895522388059701492537313432833      
  0.8358209      0.835820895522388059701492537313430      
  0.8507463      0.850746268656716417910447761194028      
  0.8656716      0.865671641791044776119402985074625      
  0.8805970      0.880597014925373134328358208955222      
  0.8955224      0.895522388059701492537313432835819      
  0.9104478      0.910447761194029850746268656716417      
  0.9253731      0.925373134328358208955223880597014      
  0.9402985      0.940298507462686567164179104477611      
  0.9552239      0.955223880597014925373134328358208      
  0.9701493      0.970149253731343283582089552238805      
  0.9850746      0.985074626865671641791044776119403      
   1.000000       1.00000000000000000000000000000000      
