  1.0989011E-02  0.000000000000000E+000
  2.1978023E-02  2.197802197802145E-002
  3.2967035E-02  3.296703296703215E-002
  4.3956045E-02  4.395604395604290E-002
  5.4945055E-02  5.494505494505358E-002
  6.5934069E-02  6.593406593406430E-002
  7.6923080E-02  7.692307692307503E-002
  8.7912090E-02  8.791208791208580E-002
  9.8901100E-02  9.890109890109648E-002
  0.1098901      0.109890109890107     
  0.1208791      0.120879120879118     
  0.1318681      0.131868131868129     
  0.1428571      0.142857142857139     
  0.1538462      0.153846153846150     
  0.1648352      0.164835164835161     
  0.1758242      0.175824175824171     
  0.1868132      0.186813186813182     
  0.1978022      0.197802197802193     
  0.2087912      0.208791208791204     
  0.2197802      0.219780219780214     
  0.2307692      0.230769230769225     
  0.2417582      0.241758241758235     
  0.2527473      0.252747252747246     
  0.2637363      0.263736263736257     
  0.2747253      0.274725274725267     
  0.2857143      0.285714285714278     
  0.2967033      0.296703296703289     
  0.3076923      0.307692307692299     
  0.3186813      0.318681318681310     
  0.3296703      0.329670329670321     
  0.3406594      0.340659340659332     
  0.3516484      0.351648351648342     
  0.3626374      0.362637362637353     
  0.3736264      0.373626373626364     
  0.3846154      0.384615384615374     
  0.3956044      0.395604395604385     
  0.4065934      0.406593406593396     
  0.4175824      0.417582417582407     
  0.4285714      0.428571428571418     
  0.4395604      0.439560439560429     
  0.4505495      0.450549450549439     
  0.4615385      0.461538461538450     
  0.4725275      0.472527472527461     
  0.4835165      0.483516483516471     
  0.4945055      0.494505494505483     
  0.5054945      0.505494505494493     
  0.5164835      0.516483516483505     
  0.5274726      0.527472527472515     
  0.5384616      0.538461538461527     
  0.5494506      0.549450549450538     
  0.5604396      0.560439560439549     
  0.5714286      0.571428571428560     
  0.5824176      0.582417582417571     
  0.5934066      0.593406593406582     
  0.6043956      0.604395604395594     
  0.6153846      0.615384615384605     
  0.6263736      0.626373626373616     
  0.6373627      0.637362637362627     
  0.6483517      0.648351648351638     
  0.6593407      0.659340659340649     
  0.6703297      0.670329670329661     
  0.6813187      0.681318681318672     
  0.6923077      0.692307692307683     
  0.7032967      0.703296703296694     
  0.7142857      0.714285714285705     
  0.7252747      0.725274725274716     
  0.7362638      0.736263736263728     
  0.7472528      0.747252747252739     
  0.7582418      0.758241758241750     
  0.7692308      0.769230769230762     
  0.7802198      0.780219780219772     
  0.7912088      0.791208791208784     
  0.8021978      0.802197802197795     
  0.8131868      0.813186813186806     
  0.8241758      0.824175824175818     
  0.8351648      0.835164835164829     
  0.8461539      0.846153846153840     
  0.8571429      0.857142857142852     
  0.8681319      0.868131868131863     
  0.8791209      0.879120879120875     
  0.8901099      0.890109890109886     
  0.9010989      0.901098901098897     
  0.9120879      0.912087912087909     
  0.9230769      0.923076923076920     
  0.9340659      0.934065934065932     
  0.9450549      0.945054945054943     
  0.9560440      0.956043956043954     
  0.9670330      0.967032967032966     
  0.9780220      0.978021978021977     
  0.9890110      0.989010989010988     
   1.000000       1.00000000000000     
