  1.5151516E-02  0.000000000000000000000000000000000E+0000
  3.0303031E-02  3.030303030303030303030303030303021E-0002
  4.5454547E-02  4.545454545454545454545454545454534E-0002
  6.0606062E-02  6.060606060606060606060606060606042E-0002
  7.5757578E-02  7.575757575757575757575757575757553E-0002
  9.0909094E-02  9.090909090909090909090909090909066E-0002
  0.1060606      0.106060606060606060606060606060606      
  0.1212121      0.121212121212121212121212121212121      
  0.1363636      0.136363636363636363636363636363636      
  0.1515152      0.151515151515151515151515151515151      
  0.1666667      0.166666666666666666666666666666666      
  0.1818182      0.181818181818181818181818181818181      
  0.1969697      0.196969696969696969696969696969697      
  0.2121212      0.212121212121212121212121212121212      
  0.2272727      0.227272727272727272727272727272727      
  0.2424242      0.242424242424242424242424242424242      
  0.2575758      0.257575757575757575757575757575757      
  0.2727273      0.272727272727272727272727272727272      
  0.2878788      0.287878787878787878787878787878787      
  0.3030303      0.303030303030303030303030303030302      
  0.3181818      0.318181818181818181818181818181817      
  0.3333333      0.333333333333333333333333333333332      
  0.3484848      0.348484848484848484848484848484848      
  0.3636364      0.363636363636363636363636363636363      
  0.3787879      0.378787878787878787878787878787878      
  0.3939394      0.393939393939393939393939393939393      
  0.4090909      0.409090909090909090909090909090908      
  0.4242424      0.424242424242424242424242424242423      
  0.4393939      0.439393939393939393939393939393938      
  0.4545455      0.454545454545454545454545454545454      
  0.4696970      0.469696969696969696969696969696969      
  0.4848485      0.484848484848484848484848484848484      
  0.5000000      0.499999999999999999999999999999999      
  0.5151515      0.515151515151515151515151515151514      
  0.5303030      0.530303030303030303030303030303029      
  0.5454546      0.545454545454545454545454545454543      
  0.5606061      0.560606060606060606060606060606059      
  0.5757576      0.575757575757575757575757575757574      
  0.5909091      0.590909090909090909090909090909089      
  0.6060606      0.606060606060606060606060606060604      
  0.6212121      0.621212121212121212121212121212119      
  0.6363636      0.636363636363636363636363636363634      
  0.6515151      0.651515151515151515151515151515149      
  0.6666667      0.666666666666666666666666666666664      
  0.6818182      0.681818181818181818181818181818180      
  0.6969697      0.696969696969696969696969696969695      
  0.7121212      0.712121212121212121212121212121210      
  0.7272727      0.727272727272727272727272727272725      
  0.7424242      0.742424242424242424242424242424241      
  0.7575758      0.757575757575757575757575757575756      
  0.7727273      0.772727272727272727272727272727271      
  0.7878788      0.787878787878787878787878787878787      
  0.8030303      0.803030303030303030303030303030302      
  0.8181818      0.818181818181818181818181818181817      
  0.8333333      0.833333333333333333333333333333332      
  0.8484849      0.848484848484848484848484848484848      
  0.8636364      0.863636363636363636363636363636363      
  0.8787879      0.878787878787878787878787878787878      
  0.8939394      0.893939393939393939393939393939393      
  0.9090909      0.909090909090909090909090909090908      
  0.9242424      0.924242424242424242424242424242424      
  0.9393939      0.939393939393939393939393939393939      
  0.9545454      0.954545454545454545454545454545454      
  0.9696970      0.969696969696969696969696969696969      
  0.9848485      0.984848484848484848484848484848485      
   1.000000       1.00000000000000000000000000000000      
