  1.0752688E-02  1.075268816202878952026367187500000E-0002
  2.1505376E-02  2.150537632405757904052734375000000E-0002
  3.2258064E-02  3.225806355476379394531250000000000E-0002
  4.3010753E-02  4.301075264811515808105468750000000E-0002
  5.3763442E-02  5.376344174146652221679687500000000E-0002
  6.4516127E-02  6.451612710952758789062500000000000E-0002
  7.5268820E-02  7.526881992816925048828125000000000E-0002
  8.6021505E-02  8.602150529623031616210937500000000E-0002
  9.6774191E-02  9.677419066429138183593750000000000E-0002
  0.1075269      0.107526883482933044433593750000000      
  0.1182796      0.118279568850994110107421875000000      
  0.1290323      0.129032254219055175781250000000000      
  0.1397849      0.139784947037696838378906250000000      
  0.1505376      0.150537639856338500976562500000000      
  0.1612903      0.161290317773818969726562500000000      
  0.1720430      0.172043010592460632324218750000000      
  0.1827957      0.182795703411102294921875000000000      
  0.1935484      0.193548381328582763671875000000000      
  0.2043011      0.204301074147224426269531250000000      
  0.2150538      0.215053766965866088867187500000000      
  0.2258064      0.225806444883346557617187500000000      
  0.2365591      0.236559137701988220214843750000000      
  0.2473118      0.247311830520629882812500000000000      
  0.2580645      0.258064508438110351562500000000000      
  0.2688172      0.268817216157913208007812500000000      
  0.2795699      0.279569894075393676757812500000000      
  0.2903226      0.290322571992874145507812500000000      
  0.3010753      0.301075279712677001953125000000000      
  0.3118280      0.311827957630157470703125000000000      
  0.3225806      0.322580635547637939453125000000000      
  0.3333333      0.333333343267440795898437500000000      
  0.3440860      0.344086021184921264648437500000000      
  0.3548387      0.354838699102401733398437500000000      
  0.3655914      0.365591406822204589843750000000000      
  0.3763441      0.376344084739685058593750000000000      
  0.3870968      0.387096762657165527343750000000000      
  0.3978495      0.397849470376968383789062500000000      
  0.4086021      0.408602148294448852539062500000000      
  0.4193548      0.419354826211929321289062500000000      
  0.4301075      0.430107533931732177734375000000000      
  0.4408602      0.440860211849212646484375000000000      
  0.4516129      0.451612889766693115234375000000000      
  0.4623656      0.462365597486495971679687500000000      
  0.4731183      0.473118275403976440429687500000000      
  0.4838710      0.483870953321456909179687500000000      
  0.4946237      0.494623661041259765625000000000000      
  0.5053763      0.505376338958740234375000000000000      
  0.5161290      0.516129016876220703125000000000000      
  0.5268817      0.526881694793701171875000000000000      
  0.5376344      0.537634432315826416015625000000000      
  0.5483871      0.548387110233306884765625000000000      
  0.5591398      0.559139788150787353515625000000000      
  0.5698925      0.569892466068267822265625000000000      
  0.5806451      0.580645143985748291015625000000000      
  0.5913978      0.591397821903228759765625000000000      
  0.6021506      0.602150559425354003906250000000000      
  0.6129032      0.612903237342834472656250000000000      
  0.6236559      0.623655915260314941406250000000000      
  0.6344086      0.634408593177795410156250000000000      
  0.6451613      0.645161271095275878906250000000000      
  0.6559139      0.655913949012756347656250000000000      
  0.6666667      0.666666686534881591796875000000000      
  0.6774194      0.677419364452362060546875000000000      
  0.6881720      0.688172042369842529296875000000000      
  0.6989247      0.698924720287322998046875000000000      
  0.7096774      0.709677398204803466796875000000000      
  0.7204301      0.720430135726928710937500000000000      
  0.7311828      0.731182813644409179687500000000000      
  0.7419355      0.741935491561889648437500000000000      
  0.7526882      0.752688169479370117187500000000000      
  0.7634408      0.763440847396850585937500000000000      
  0.7741935      0.774193525314331054687500000000000      
  0.7849463      0.784946262836456298828125000000000      
  0.7956989      0.795698940753936767578125000000000      
  0.8064516      0.806451618671417236328125000000000      
  0.8172043      0.817204296588897705078125000000000      
  0.8279570      0.827956974506378173828125000000000      
  0.8387097      0.838709652423858642578125000000000      
  0.8494624      0.849462389945983886718750000000000      
  0.8602151      0.860215067863464355468750000000000      
  0.8709677      0.870967745780944824218750000000000      
  0.8817204      0.881720423698425292968750000000000      
  0.8924731      0.892473101615905761718750000000000      
  0.9032258      0.903225779533386230468750000000000      
  0.9139785      0.913978517055511474609375000000000      
  0.9247312      0.924731194972991943359375000000000      
  0.9354839      0.935483872890472412109375000000000      
  0.9462366      0.946236550807952880859375000000000      
  0.9569892      0.956989228725433349609375000000000      
  0.9677419      0.967741906642913818359375000000000      
  0.9784946      0.978494644165039062500000000000000      
  0.9892473      0.989247322082519531250000000000000      
   1.000000       1.00000000000000000000000000000000      
