  1.9230770E-02  1.923076808452606E-002
  3.8461540E-02  3.846153616905212E-002
  5.7692308E-02  5.769230425357819E-002
  7.6923080E-02  7.692307233810425E-002
  9.6153848E-02  9.615384042263031E-002
  0.1153846      0.115384608507156     
  0.1346154      0.134615376591682     
  0.1538462      0.153846144676208     
  0.1730769      0.173076912760735     
  0.1923077      0.192307680845261     
  0.2115385      0.211538448929787     
  0.2307692      0.230769217014313     
  0.2500000      0.249999985098839     
  0.2692308      0.269230753183365     
  0.2884615      0.288461506366730     
  0.3076923      0.307692289352417     
  0.3269231      0.326923072338104     
  0.3461539      0.346153825521469     
  0.3653846      0.365384578704834     
  0.3846154      0.384615361690521     
  0.4038461      0.403846144676208     
  0.4230769      0.423076897859573     
  0.4423077      0.442307651042938     
  0.4615385      0.461538434028625     
  0.4807692      0.480769217014313     
  0.5000000      0.499999970197678     
  0.5192308      0.519230723381042     
  0.5384616      0.538461506366730     
  0.5576923      0.557692289352417     
  0.5769231      0.576923012733459     
  0.5961539      0.596153795719147     
  0.6153846      0.615384578704834     
  0.6346154      0.634615361690521     
  0.6538461      0.653846144676208     
  0.6730769      0.673076868057251     
  0.6923077      0.692307651042938     
  0.7115384      0.711538434028625     
  0.7307692      0.730769157409668     
  0.7500000      0.749999940395355     
  0.7692308      0.769230723381042     
  0.7884616      0.788461506366730     
  0.8076923      0.807692289352417     
  0.8269231      0.826923012733459     
  0.8461539      0.846153795719147     
  0.8653846      0.865384578704834     
  0.8846154      0.884615302085876     
  0.9038461      0.903846085071564     
  0.9230769      0.923076868057251     
  0.9423077      0.942307651042938     
  0.9615384      0.961538434028625     
  0.9807692      0.980769157409668     
   1.000000      0.999999940395355     
