  1.1764706E-02  0.000000000000000000000000000000000E+0000
  2.3529412E-02  2.352941176470588235294117647058823E-0002
  3.5294119E-02  3.529411764705882352941176470588236E-0002
  4.7058824E-02  4.705882352941176470588235294117647E-0002
  5.8823530E-02  5.882352941176470588235294117647061E-0002
  7.0588239E-02  7.058823529411764705882352941176472E-0002
  8.2352944E-02  8.235294117647058823529411764705880E-0002
  9.4117649E-02  9.411764705882352941176470588235289E-0002
  0.1058824      0.105882352941176470588235294117647      
  0.1176471      0.117647058823529411764705882352941      
  0.1294118      0.129411764705882352941176470588235      
  0.1411765      0.141176470588235294117647058823529      
  0.1529412      0.152941176470588235294117647058824      
  0.1647059      0.164705882352941176470588235294118      
  0.1764706      0.176470588235294117647058823529412      
  0.1882353      0.188235294117647058823529411764706      
  0.2000000      0.200000000000000000000000000000000      
  0.2117647      0.211764705882352941176470588235294      
  0.2235294      0.223529411764705882352941176470588      
  0.2352941      0.235294117647058823529411764705883      
  0.2470588      0.247058823529411764705882352941177      
  0.2588235      0.258823529411764705882352941176471      
  0.2705882      0.270588235294117647058823529411765      
  0.2823530      0.282352941176470588235294117647059      
  0.2941177      0.294117647058823529411764705882353      
  0.3058824      0.305882352941176470588235294117647      
  0.3176471      0.317647058823529411764705882352941      
  0.3294118      0.329411764705882352941176470588236      
  0.3411765      0.341176470588235294117647058823530      
  0.3529412      0.352941176470588235294117647058824      
  0.3647059      0.364705882352941176470588235294118      
  0.3764706      0.376470588235294117647058823529412      
  0.3882353      0.388235294117647058823529411764706      
  0.4000000      0.400000000000000000000000000000000      
  0.4117647      0.411764705882352941176470588235294      
  0.4235294      0.423529411764705882352941176470588      
  0.4352941      0.435294117647058823529411764705882      
  0.4470588      0.447058823529411764705882352941177      
  0.4588235      0.458823529411764705882352941176471      
  0.4705882      0.470588235294117647058823529411765      
  0.4823529      0.482352941176470588235294117647059      
  0.4941176      0.494117647058823529411764705882353      
  0.5058824      0.505882352941176470588235294117648      
  0.5176471      0.517647058823529411764705882352942      
  0.5294118      0.529411764705882352941176470588236      
  0.5411765      0.541176470588235294117647058823530      
  0.5529412      0.552941176470588235294117647058824      
  0.5647059      0.564705882352941176470588235294118      
  0.5764706      0.576470588235294117647058823529412      
  0.5882353      0.588235294117647058823529411764706      
  0.6000000      0.600000000000000000000000000000000      
  0.6117647      0.611764705882352941176470588235294      
  0.6235294      0.623529411764705882352941176470589      
  0.6352941      0.635294117647058823529411764705883      
  0.6470588      0.647058823529411764705882352941177      
  0.6588235      0.658823529411764705882352941176471      
  0.6705883      0.670588235294117647058823529411765      
  0.6823530      0.682352941176470588235294117647059      
  0.6941177      0.694117647058823529411764705882354      
  0.7058824      0.705882352941176470588235294117648      
  0.7176471      0.717647058823529411764705882352942      
  0.7294118      0.729411764705882352941176470588236      
  0.7411765      0.741176470588235294117647058823530      
  0.7529412      0.752941176470588235294117647058824      
  0.7647059      0.764705882352941176470588235294118      
  0.7764706      0.776470588235294117647058823529412      
  0.7882353      0.788235294117647058823529411764706      
  0.8000000      0.800000000000000000000000000000001      
  0.8117647      0.811764705882352941176470588235294      
  0.8235294      0.823529411764705882352941176470589      
  0.8352941      0.835294117647058823529411764705883      
  0.8470588      0.847058823529411764705882352941177      
  0.8588235      0.858823529411764705882352941176471      
  0.8705882      0.870588235294117647058823529411765      
  0.8823529      0.882352941176470588235294117647059      
  0.8941177      0.894117647058823529411764705882353      
  0.9058824      0.905882352941176470588235294117647      
  0.9176471      0.917647058823529411764705882352941      
  0.9294118      0.929411764705882352941176470588235      
  0.9411765      0.941176470588235294117647058823529      
  0.9529412      0.952941176470588235294117647058824      
  0.9647059      0.964705882352941176470588235294118      
  0.9764706      0.976470588235294117647058823529412      
  0.9882353      0.988235294117647058823529411764706      
   1.000000       1.00000000000000000000000000000000      
