  1.0204081E-02  1.020408142358064651489257812500000E-0002
  2.0408163E-02  2.040816284716129302978515625000000E-0002
  3.0612245E-02  3.061224520206451416015625000000000E-0002
  4.0816326E-02  4.081632569432258605957031250000000E-0002
  5.1020410E-02  5.102040991187095642089843750000000E-0002
  6.1224490E-02  6.122449040412902832031250000000000E-0002
  7.1428575E-02  7.142857462167739868164062500000000E-0002
  8.1632651E-02  8.163265138864517211914062500000000E-0002
  9.1836736E-02  9.183673560619354248046875000000000E-0002
  0.1020408      0.102040819823741912841796875000000      
  0.1122449      0.112244896590709686279296875000000      
  0.1224490      0.122448980808258056640625000000000      
  0.1326531      0.132653057575225830078125000000000      
  0.1428571      0.142857149243354797363281250000000      
  0.1530612      0.153061226010322570800781250000000      
  0.1632653      0.163265302777290344238281250000000      
  0.1734694      0.173469394445419311523437500000000      
  0.1836735      0.183673471212387084960937500000000      
  0.1938775      0.193877547979354858398437500000000      
  0.2040816      0.204081639647483825683593750000000      
  0.2142857      0.214285716414451599121093750000000      
  0.2244898      0.224489793181419372558593750000000      
  0.2346939      0.234693884849548339843750000000000      
  0.2448980      0.244897961616516113281250000000000      
  0.2551020      0.255102038383483886718750000000000      
  0.2653061      0.265306115150451660156250000000000      
  0.2755102      0.275510191917419433593750000000000      
  0.2857143      0.285714298486709594726562500000000      
  0.2959184      0.295918375253677368164062500000000      
  0.3061225      0.306122452020645141601562500000000      
  0.3163265      0.316326528787612915039062500000000      
  0.3265306      0.326530605554580688476562500000000      
  0.3367347      0.336734682321548461914062500000000      
  0.3469388      0.346938788890838623046875000000000      
  0.3571429      0.357142865657806396484375000000000      
  0.3673469      0.367346942424774169921875000000000      
  0.3775510      0.377551019191741943359375000000000      
  0.3877551      0.387755095958709716796875000000000      
  0.3979592      0.397959172725677490234375000000000      
  0.4081633      0.408163279294967651367187500000000      
  0.4183674      0.418367356061935424804687500000000      
  0.4285714      0.428571432828903198242187500000000      
  0.4387755      0.438775509595870971679687500000000      
  0.4489796      0.448979586362838745117187500000000      
  0.4591837      0.459183663129806518554687500000000      
  0.4693878      0.469387769699096679687500000000000      
  0.4795918      0.479591846466064453125000000000000      
  0.4897959      0.489795923233032226562500000000000      
  0.5000000      0.500000000000000000000000000000000      
  0.5102041      0.510204076766967773437500000000000      
  0.5204082      0.520408153533935546875000000000000      
  0.5306122      0.530612230300903320312500000000000      
  0.5408163      0.540816307067871093750000000000000      
  0.5510204      0.551020383834838867187500000000000      
  0.5612245      0.561224460601806640625000000000000      
  0.5714286      0.571428596973419189453125000000000      
  0.5816327      0.581632673740386962890625000000000      
  0.5918368      0.591836750507354736328125000000000      
  0.6020408      0.602040827274322509765625000000000      
  0.6122449      0.612244904041290283203125000000000      
  0.6224490      0.622448980808258056640625000000000      
  0.6326531      0.632653057575225830078125000000000      
  0.6428571      0.642857134342193603515625000000000      
  0.6530612      0.653061211109161376953125000000000      
  0.6632653      0.663265287876129150390625000000000      
  0.6734694      0.673469364643096923828125000000000      
  0.6836734      0.683673441410064697265625000000000      
  0.6938776      0.693877577781677246093750000000000      
  0.7040817      0.704081654548645019531250000000000      
  0.7142857      0.714285731315612792968750000000000      
  0.7244898      0.724489808082580566406250000000000      
  0.7346939      0.734693884849548339843750000000000      
  0.7448980      0.744897961616516113281250000000000      
  0.7551020      0.755102038383483886718750000000000      
  0.7653061      0.765306115150451660156250000000000      
  0.7755102      0.775510191917419433593750000000000      
  0.7857143      0.785714268684387207031250000000000      
  0.7959183      0.795918345451354980468750000000000      
  0.8061224      0.806122422218322753906250000000000      
  0.8163266      0.816326558589935302734375000000000      
  0.8265306      0.826530635356903076171875000000000      
  0.8367347      0.836734712123870849609375000000000      
  0.8469388      0.846938788890838623046875000000000      
  0.8571429      0.857142865657806396484375000000000      
  0.8673469      0.867346942424774169921875000000000      
  0.8775510      0.877551019191741943359375000000000      
  0.8877551      0.887755095958709716796875000000000      
  0.8979592      0.897959172725677490234375000000000      
  0.9081632      0.908163249492645263671875000000000      
  0.9183673      0.918367326259613037109375000000000      
  0.9285714      0.928571403026580810546875000000000      
  0.9387755      0.938775539398193359375000000000000      
  0.9489796      0.948979616165161132812500000000000      
  0.9591837      0.959183692932128906250000000000000      
  0.9693878      0.969387769699096679687500000000000      
  0.9795918      0.979591846466064453125000000000000      
  0.9897959      0.989795923233032226562500000000000      
   1.000000       1.00000000000000000000000000000000      
