  1.6949153E-02  1.694915257394313812255859375000000E-0002
  3.3898305E-02  3.389830514788627624511718750000000E-0002
  5.0847456E-02  5.084745585918426513671875000000000E-0002
  6.7796610E-02  6.779661029577255249023437500000000E-0002
  8.4745765E-02  8.474576473236083984375000000000000E-0002
  0.1016949      0.101694911718368530273437500000000      
  0.1186441      0.118644066154956817626953125000000      
  0.1355932      0.135593220591545104980468750000000      
  0.1525424      0.152542367577552795410156250000000      
  0.1694915      0.169491529464721679687500000000000      
  0.1864407      0.186440676450729370117187500000000      
  0.2033898      0.203389823436737060546875000000000      
  0.2203390      0.220338985323905944824218750000000      
  0.2372881      0.237288132309913635253906250000000      
  0.2542373      0.254237294197082519531250000000000      
  0.2711864      0.271186441183090209960937500000000      
  0.2881356      0.288135588169097900390625000000000      
  0.3050847      0.305084735155105590820312500000000      
  0.3220339      0.322033911943435668945312500000000      
  0.3389831      0.338983058929443359375000000000000      
  0.3559322      0.355932205915451049804687500000000      
  0.3728814      0.372881352901458740234375000000000      
  0.3898305      0.389830499887466430664062500000000      
  0.4067796      0.406779646873474121093750000000000      
  0.4237288      0.423728823661804199218750000000000      
  0.4406780      0.440677970647811889648437500000000      
  0.4576271      0.457627117633819580078125000000000      
  0.4745763      0.474576264619827270507812500000000      
  0.4915254      0.491525411605834960937500000000000      
  0.5084746      0.508474588394165039062500000000000      
  0.5254237      0.525423705577850341796875000000000      
  0.5423729      0.542372882366180419921875000000000      
  0.5593221      0.559322059154510498046875000000000      
  0.5762712      0.576271176338195800781250000000000      
  0.5932204      0.593220353126525878906250000000000      
  0.6101695      0.610169470310211181640625000000000      
  0.6271186      0.627118647098541259765625000000000      
  0.6440678      0.644067823886871337890625000000000      
  0.6610169      0.661016941070556640625000000000000      
  0.6779661      0.677966117858886718750000000000000      
  0.6949152      0.694915235042572021484375000000000      
  0.7118644      0.711864411830902099609375000000000      
  0.7288136      0.728813588619232177734375000000000      
  0.7457627      0.745762705802917480468750000000000      
  0.7627119      0.762711882591247558593750000000000      
  0.7796610      0.779660999774932861328125000000000      
  0.7966102      0.796610176563262939453125000000000      
  0.8135593      0.813559293746948242187500000000000      
  0.8305085      0.830508470535278320312500000000000      
  0.8474576      0.847457647323608398437500000000000      
  0.8644068      0.864406764507293701171875000000000      
  0.8813559      0.881355941295623779296875000000000      
  0.8983051      0.898305058479309082031250000000000      
  0.9152542      0.915254235267639160156250000000000      
  0.9322034      0.932203412055969238281250000000000      
  0.9491525      0.949152529239654541015625000000000      
  0.9661017      0.966101706027984619140625000000000      
  0.9830508      0.983050823211669921875000000000000      
   1.000000       1.00000000000000000000000000000000      
