  2.4390243E-02  0.000000000000000000000000000000000E+0000
  4.8780486E-02  4.878048780487804878048780487804893E-0002
  7.3170729E-02  7.317073170731707317073170731707338E-0002
  9.7560972E-02  9.756097560975609756097560975609786E-0002
  0.1219512      0.121951219512195121951219512195122      
  0.1463415      0.146341463414634146341463414634147      
  0.1707317      0.170731707317073170731707317073171      
  0.1951219      0.195121951219512195121951219512196      
  0.2195122      0.219512195121951219512195121951220      
  0.2439024      0.243902439024390243902439024390244      
  0.2682927      0.268292682926829268292682926829269      
  0.2926829      0.292682926829268292682926829268293      
  0.3170732      0.317073170731707317073170731707318      
  0.3414634      0.341463414634146341463414634146342      
  0.3658537      0.365853658536585365853658536585367      
  0.3902439      0.390243902439024390243902439024391      
  0.4146341      0.414634146341463414634146341463416      
  0.4390244      0.439024390243902439024390243902440      
  0.4634146      0.463414634146341463414634146341464      
  0.4878049      0.487804878048780487804878048780489      
  0.5121951      0.512195121951219512195121951219514      
  0.5365854      0.536585365853658536585365853658538      
  0.5609756      0.560975609756097560975609756097562      
  0.5853658      0.585365853658536585365853658536587      
  0.6097561      0.609756097560975609756097560975611      
  0.6341463      0.634146341463414634146341463414635      
  0.6585366      0.658536585365853658536585365853660      
  0.6829268      0.682926829268292682926829268292684      
  0.7073171      0.707317073170731707317073170731709      
  0.7317073      0.731707317073170731707317073170733      
  0.7560976      0.756097560975609756097560975609757      
  0.7804878      0.780487804878048780487804878048782      
  0.8048781      0.804878048780487804878048780487806      
  0.8292683      0.829268292682926829268292682926830      
  0.8536586      0.853658536585365853658536585365855      
  0.8780488      0.878048780487804878048780487804879      
  0.9024390      0.902439024390243902439024390243903      
  0.9268293      0.926829268292682926829268292682927      
  0.9512195      0.951219512195121951219512195121952      
  0.9756098      0.975609756097560975609756097560976      
   1.000000       1.00000000000000000000000000000000      
