  2.3809524E-02  2.380952239036560E-002
  4.7619049E-02  4.761904478073120E-002
  7.1428575E-02  7.142856717109680E-002
  9.5238097E-02  9.523808956146240E-002
  0.1190476      0.119047611951828     
  0.1428571      0.142857134342194     
  0.1666667      0.166666656732559     
  0.1904762      0.190476179122925     
  0.2142857      0.214285701513290     
  0.2380952      0.238095223903656     
  0.2619048      0.261904746294022     
  0.2857143      0.285714268684387     
  0.3095238      0.309523791074753     
  0.3333333      0.333333313465118     
  0.3571429      0.357142835855484     
  0.3809524      0.380952358245850     
  0.4047619      0.404761880636215     
  0.4285714      0.428571403026581     
  0.4523810      0.452380925416946     
  0.4761905      0.476190447807312     
  0.5000000      0.499999970197678     
  0.5238096      0.523809492588043     
  0.5476190      0.547618985176086     
  0.5714286      0.571428537368774     
  0.5952381      0.595238089561462     
  0.6190476      0.619047582149506     
  0.6428571      0.642857074737549     
  0.6666667      0.666666626930237     
  0.6904762      0.690476179122925     
  0.7142857      0.714285671710968     
  0.7380952      0.738095164299011     
  0.7619048      0.761904716491699     
  0.7857143      0.785714268684387     
  0.8095238      0.809523761272430     
  0.8333333      0.833333253860474     
  0.8571429      0.857142806053162     
  0.8809524      0.880952358245850     
  0.9047619      0.904761850833893     
  0.9285714      0.928571343421936     
  0.9523810      0.952380895614624     
  0.9761904      0.976190447807312     
   1.000000       1.00000000000000     
