  4.7619049E-02  4.761904850602149963378906250000000E-0002
  9.5238097E-02  9.523809701204299926757812500000000E-0002
  0.1428571      0.142857149243354797363281250000000      
  0.1904762      0.190476194024085998535156250000000      
  0.2380952      0.238095238804817199707031250000000      
  0.2857143      0.285714298486709594726562500000000      
  0.3333333      0.333333343267440795898437500000000      
  0.3809524      0.380952388048171997070312500000000      
  0.4285714      0.428571432828903198242187500000000      
  0.4761905      0.476190477609634399414062500000000      
  0.5238096      0.523809552192687988281250000000000      
  0.5714286      0.571428596973419189453125000000000      
  0.6190476      0.619047641754150390625000000000000      
  0.6666667      0.666666686534881591796875000000000      
  0.7142857      0.714285731315612792968750000000000      
  0.7619048      0.761904776096343994140625000000000      
  0.8095238      0.809523820877075195312500000000000      
  0.8571429      0.857142865657806396484375000000000      
  0.9047619      0.904761910438537597656250000000000      
  0.9523810      0.952380955219268798828125000000000      
   1.000000       1.00000000000000000000000000000000      
