  0.1000000      0.000000000000000000000000000000000E+0000
  0.2000000      0.200000000000000000000000000000000      
  0.3000000      0.300000000000000000000000000000000      
  0.4000000      0.400000000000000000000000000000000      
  0.5000000      0.500000000000000000000000000000000      
  0.6000000      0.600000000000000000000000000000000      
  0.7000000      0.700000000000000000000000000000000      
  0.8000000      0.800000000000000000000000000000000      
  0.9000000      0.900000000000000000000000000000000      
   1.000000       1.00000000000000000000000000000000      
