  1.3698630E-02  1.3698629E-02
  2.7397260E-02  2.7397258E-02
  4.1095890E-02  4.1095886E-02
  5.4794520E-02  5.4794516E-02
  6.8493150E-02  6.8493143E-02
  8.2191780E-02  8.2191773E-02
  9.5890410E-02  9.5890403E-02
  0.1095890      0.1095890    
  0.1232877      0.1232877    
  0.1369863      0.1369863    
  0.1506849      0.1506849    
  0.1643836      0.1643835    
  0.1780822      0.1780822    
  0.1917808      0.1917808    
  0.2054795      0.2054794    
  0.2191781      0.2191781    
  0.2328767      0.2328767    
  0.2465753      0.2465753    
  0.2602740      0.2602740    
  0.2739726      0.2739726    
  0.2876712      0.2876712    
  0.3013699      0.3013698    
  0.3150685      0.3150685    
  0.3287671      0.3287671    
  0.3424658      0.3424657    
  0.3561644      0.3561644    
  0.3698630      0.3698630    
  0.3835616      0.3835616    
  0.3972603      0.3972602    
  0.4109589      0.4109589    
  0.4246575      0.4246575    
  0.4383562      0.4383561    
  0.4520548      0.4520548    
  0.4657534      0.4657534    
  0.4794520      0.4794520    
  0.4931507      0.4931507    
  0.5068493      0.5068493    
  0.5205479      0.5205479    
  0.5342466      0.5342466    
  0.5479452      0.5479451    
  0.5616438      0.5616438    
  0.5753425      0.5753424    
  0.5890411      0.5890411    
  0.6027398      0.6027397    
  0.6164383      0.6164383    
  0.6301370      0.6301370    
  0.6438356      0.6438355    
  0.6575342      0.6575342    
  0.6712329      0.6712328    
  0.6849315      0.6849315    
  0.6986302      0.6986301    
  0.7123288      0.7123287    
  0.7260274      0.7260274    
  0.7397260      0.7397259    
  0.7534246      0.7534246    
  0.7671233      0.7671232    
  0.7808219      0.7808219    
  0.7945206      0.7945205    
  0.8082192      0.8082191    
  0.8219178      0.8219178    
  0.8356164      0.8356164    
  0.8493150      0.8493150    
  0.8630137      0.8630136    
  0.8767123      0.8767123    
  0.8904110      0.8904109    
  0.9041096      0.9041095    
  0.9178082      0.9178082    
  0.9315069      0.9315068    
  0.9452055      0.9452054    
  0.9589041      0.9589040    
  0.9726027      0.9726027    
  0.9863014      0.9863013    
   1.000000       1.000000    
