  4.5454547E-02  4.5454543E-02
  9.0909094E-02  9.0909086E-02
  0.1363636      0.1363636    
  0.1818182      0.1818182    
  0.2272727      0.2272727    
  0.2727273      0.2727273    
  0.3181818      0.3181818    
  0.3636364      0.3636363    
  0.4090909      0.4090909    
  0.4545455      0.4545454    
  0.5000000      0.5000000    
  0.5454546      0.5454545    
  0.5909091      0.5909091    
  0.6363636      0.6363636    
  0.6818182      0.6818181    
  0.7272727      0.7272727    
  0.7727273      0.7727273    
  0.8181818      0.8181818    
  0.8636364      0.8636363    
  0.9090909      0.9090909    
  0.9545454      0.9545454    
   1.000000       1.000000    
