  5.5555556E-02  0.000000000000000000000000000000000E+0000
  0.1111111      0.111111111111111111111111111111111      
  0.1666667      0.166666666666666666666666666666667      
  0.2222222      0.222222222222222222222222222222222      
  0.2777778      0.277777777777777777777777777777778      
  0.3333333      0.333333333333333333333333333333334      
  0.3888889      0.388888888888888888888888888888889      
  0.4444444      0.444444444444444444444444444444445      
  0.5000000      0.500000000000000000000000000000000      
  0.5555556      0.555555555555555555555555555555556      
  0.6111111      0.611111111111111111111111111111112      
  0.6666667      0.666666666666666666666666666666667      
  0.7222222      0.722222222222222222222222222222223      
  0.7777778      0.777777777777777777777777777777778      
  0.8333333      0.833333333333333333333333333333334      
  0.8888889      0.888888888888888888888888888888889      
  0.9444444      0.944444444444444444444444444444445      
   1.000000       1.00000000000000000000000000000000      
