  2.7777778E-02  0.000000000000000E+000
  5.5555556E-02  5.555555555555565E-002
  8.3333336E-02  8.333333333333348E-002
  0.1111111      0.111111111111111     
  0.1388889      0.138888888888889     
  0.1666667      0.166666666666667     
  0.1944444      0.194444444444445     
  0.2222222      0.222222222222223     
  0.2500000      0.250000000000000     
  0.2777778      0.277777777777778     
  0.3055556      0.305555555555556     
  0.3333333      0.333333333333334     
  0.3611111      0.361111111111111     
  0.3888889      0.388888888888889     
  0.4166667      0.416666666666667     
  0.4444444      0.444444444444445     
  0.4722222      0.472222222222223     
  0.5000000      0.500000000000000     
  0.5277778      0.527777777777778     
  0.5555556      0.555555555555556     
  0.5833333      0.583333333333334     
  0.6111111      0.611111111111111     
  0.6388889      0.638888888888889     
  0.6666667      0.666666666666667     
  0.6944444      0.694444444444444     
  0.7222222      0.722222222222222     
  0.7500000      0.749999999999999     
  0.7777778      0.777777777777777     
  0.8055556      0.805555555555555     
  0.8333333      0.833333333333332     
  0.8611111      0.861111111111110     
  0.8888889      0.888888888888888     
  0.9166667      0.916666666666666     
  0.9444444      0.944444444444444     
  0.9722222      0.972222222222222     
   1.000000       1.00000000000000     
