  1.0638298E-02  1.063829753547907E-002
  2.1276595E-02  2.127659507095814E-002
  3.1914894E-02  3.191489353775978E-002
  4.2553190E-02  4.255319014191628E-002
  5.3191490E-02  5.319148674607277E-002
  6.3829787E-02  6.382978707551956E-002
  7.4468084E-02  7.446808367967606E-002
  8.5106380E-02  8.510638028383255E-002
  9.5744684E-02  9.574467688798904E-002
  0.1063830      0.106382973492146     
  0.1170213      0.117021270096302     
  0.1276596      0.127659574151039     
  0.1382979      0.138297870755196     
  0.1489362      0.148936167359352     
  0.1595745      0.159574463963509     
  0.1702128      0.170212760567665     
  0.1808511      0.180851057171822     
  0.1914894      0.191489353775978     
  0.2021277      0.202127650380135     
  0.2127660      0.212765946984291     
  0.2234043      0.223404243588448     
  0.2340426      0.234042540192604     
  0.2446809      0.244680836796761     
  0.2553191      0.255319148302078     
  0.2659574      0.265957444906235     
  0.2765957      0.276595741510391     
  0.2872340      0.287234038114548     
  0.2978723      0.297872334718704     
  0.3085106      0.308510631322861     
  0.3191489      0.319148927927017     
  0.3297872      0.329787224531174     
  0.3404255      0.340425521135330     
  0.3510638      0.351063817739487     
  0.3617021      0.361702114343643     
  0.3723404      0.372340410947800     
  0.3829787      0.382978707551956     
  0.3936170      0.393617004156113     
  0.4042553      0.404255300760269     
  0.4148936      0.414893597364426     
  0.4255319      0.425531893968582     
  0.4361702      0.436170190572739     
  0.4468085      0.446808487176895     
  0.4574468      0.457446783781052     
  0.4680851      0.468085080385208     
  0.4787234      0.478723376989365     
  0.4893617      0.489361673593521     
  0.5000000      0.499999970197678     
  0.5106383      0.510638296604156     
  0.5212766      0.521276593208313     
  0.5319149      0.531914889812469     
  0.5425532      0.542553186416626     
  0.5531915      0.553191483020782     
  0.5638298      0.563829779624939     
  0.5744681      0.574468076229095     
  0.5851064      0.585106372833252     
  0.5957447      0.595744669437408     
  0.6063830      0.606382966041565     
  0.6170213      0.617021262645721     
  0.6276596      0.627659559249878     
  0.6382979      0.638297855854034     
  0.6489362      0.648936152458191     
  0.6595744      0.659574449062347     
  0.6702127      0.670212745666504     
  0.6808510      0.680851042270660     
  0.6914893      0.691489338874817     
  0.7021276      0.702127635478973     
  0.7127659      0.712765932083130     
  0.7234042      0.723404228687286     
  0.7340425      0.734042525291443     
  0.7446808      0.744680821895599     
  0.7553192      0.755319118499756     
  0.7659575      0.765957415103912     
  0.7765958      0.776595711708069     
  0.7872341      0.787234008312225     
  0.7978724      0.797872304916382     
  0.8085107      0.808510601520538     
  0.8191490      0.819148898124695     
  0.8297873      0.829787194728851     
  0.8404256      0.840425491333008     
  0.8510638      0.851063787937164     
  0.8617021      0.861702084541321     
  0.8723404      0.872340381145477     
  0.8829787      0.882978677749634     
  0.8936170      0.893616974353790     
  0.9042553      0.904255270957947     
  0.9148936      0.914893567562103     
  0.9255319      0.925531864166260     
  0.9361702      0.936170160770416     
  0.9468085      0.946808457374573     
  0.9574468      0.957446753978729     
  0.9680851      0.968085050582886     
  0.9787234      0.978723347187042     
  0.9893617      0.989361703395844     
   1.000000       1.00000000000000     
