  1.7241379E-02  0.000000000000000E+000
  3.4482758E-02  3.448275862068966E-002
  5.1724140E-02  5.172413793103452E-002
  6.8965517E-02  6.896551724137934E-002
  8.6206898E-02  8.620689655172414E-002
  0.1034483      0.103448275862069     
  0.1206897      0.120689655172414     
  0.1379310      0.137931034482759     
  0.1551724      0.155172413793104     
  0.1724138      0.172413793103448     
  0.1896552      0.189655172413793     
  0.2068966      0.206896551724138     
  0.2241379      0.224137931034483     
  0.2413793      0.241379310344828     
  0.2586207      0.258620689655173     
  0.2758621      0.275862068965517     
  0.2931035      0.293103448275862     
  0.3103448      0.310344827586207     
  0.3275862      0.327586206896552     
  0.3448276      0.344827586206897     
  0.3620690      0.362068965517242     
  0.3793103      0.379310344827586     
  0.3965517      0.396551724137931     
  0.4137931      0.413793103448276     
  0.4310345      0.431034482758621     
  0.4482759      0.448275862068966     
  0.4655173      0.465517241379311     
  0.4827586      0.482758620689656     
  0.5000000      0.500000000000000     
  0.5172414      0.517241379310346     
  0.5344828      0.534482758620690     
  0.5517241      0.551724137931035     
  0.5689655      0.568965517241380     
  0.5862069      0.586206896551725     
  0.6034483      0.603448275862070     
  0.6206896      0.620689655172414     
  0.6379310      0.637931034482759     
  0.6551724      0.655172413793104     
  0.6724138      0.672413793103449     
  0.6896552      0.689655172413794     
  0.7068965      0.706896551724139     
  0.7241379      0.724137931034484     
  0.7413793      0.741379310344828     
  0.7586207      0.758620689655173     
  0.7758621      0.775862068965518     
  0.7931035      0.793103448275863     
  0.8103448      0.810344827586208     
  0.8275862      0.827586206896552     
  0.8448276      0.844827586206897     
  0.8620690      0.862068965517242     
  0.8793104      0.879310344827587     
  0.8965517      0.896551724137931     
  0.9137931      0.913793103448276     
  0.9310345      0.931034482758621     
  0.9482759      0.948275862068966     
  0.9655172      0.965517241379310     
  0.9827586      0.982758620689655     
   1.000000       1.00000000000000     
