  2.2222223E-02  2.222222089767456E-002
  4.4444446E-02  4.444444179534912E-002
  6.6666670E-02  6.666666269302368E-002
  8.8888891E-02  8.888888359069824E-002
  0.1111111      0.111111104488373     
  0.1333333      0.133333325386047     
  0.1555556      0.155555546283722     
  0.1777778      0.177777767181396     
  0.2000000      0.199999988079071     
  0.2222222      0.222222208976746     
  0.2444444      0.244444429874420     
  0.2666667      0.266666650772095     
  0.2888889      0.288888871669769     
  0.3111111      0.311111092567444     
  0.3333333      0.333333313465118     
  0.3555556      0.355555534362793     
  0.3777778      0.377777755260468     
  0.4000000      0.399999976158142     
  0.4222222      0.422222197055817     
  0.4444444      0.444444417953491     
  0.4666667      0.466666638851166     
  0.4888889      0.488888859748840     
  0.5111111      0.511111080646515     
  0.5333334      0.533333301544189     
  0.5555556      0.555555522441864     
  0.5777778      0.577777743339539     
  0.6000000      0.599999964237213     
  0.6222222      0.622222185134888     
  0.6444445      0.644444406032562     
  0.6666667      0.666666626930237     
  0.6888889      0.688888847827911     
  0.7111111      0.711111068725586     
  0.7333333      0.733333289623260     
  0.7555556      0.755555510520935     
  0.7777778      0.777777731418610     
  0.8000000      0.799999952316284     
  0.8222222      0.822222173213959     
  0.8444445      0.844444394111633     
  0.8666667      0.866666615009308     
  0.8888889      0.888888835906982     
  0.9111111      0.911111056804657     
  0.9333333      0.933333277702332     
  0.9555556      0.955555498600006     
  0.9777778      0.977777719497681     
   1.000000       1.00000000000000     
