           1   3.00000000000000     
           2  0.000000000000000E+000
           3  9.934107481068821E-009
           4  4.097819324838659E-008
           5  3.999997615814206E-002
           6  2.777775790956289E-002
           7  2.040815475035699E-002
           8  1.562495995312929E-002
           9  1.234565252139245E-002
          10  9.999973177909616E-003
          11  8.264449940732783E-003
          12  6.944409675068419E-003
          13  5.917132253477613E-003
          14  5.102015271479148E-003
          15  4.444424576229516E-003
          16  3.906210185959928E-003
          17  3.460179563212188E-003
          18  3.086391606448241E-003
          19  2.770058594004307E-003
          20  2.499967962503372E-003
          21  2.267545312980629E-003
          22  2.066092165418736E-003
          23  1.890367752607870E-003
          24  1.736077583498599E-003
          25  1.599986886978538E-003
          26  1.479261284749314E-003
          27  1.371747631431600E-003
          28  1.275478273022349E-003
          29  1.189055632219614E-003
          30  1.111083295610385E-003
          31  1.040569267213475E-003
          32  9.765227441691424E-004
          33  9.182567688510837E-004
          34  8.650229773305385E-004
          35  8.163009857643295E-004
          36  7.715738941858198E-004
          37  7.304388450124794E-004
          38  6.924903360805109E-004
          39  6.574362144128527E-004
          40  6.249696388830193E-004
          41  5.948660071932780E-004
          42  5.668643312922333E-004
          43  5.407947200710604E-004
          44  5.165013669379541E-004
          45  4.937980204453215E-004
          46  4.725984169185473E-004
          47  4.526770004597646E-004
          48  4.339958023709960E-004
          49  4.164838146367698E-004
          50  3.999883770948545E-004
          51  3.844406319690983E-004
          52  3.697918232026442E-004
          53  3.559561568985369E-004
          54  3.429402192282768E-004
          55  3.305652029503015E-004
          56  3.188472165142890E-004
          57  3.077373735282532E-004
          58  2.972618527219483E-004
          59  2.872732983508291E-004
          60  2.777469820460957E-004
          61  2.687180900841927E-004
          62  2.601312611045429E-004
          63  2.519251958470757E-004
          64  2.441008837210539E-004
          65  2.366570467068493E-004
          66  2.295529034517110E-004
          67  2.227276198504324E-004
          68  2.162325160523968E-004
          69  2.100184871625012E-004
          70  2.040526818249383E-004
          71  1.983638942264734E-004
          72  1.928702939617370E-004
          73  1.876159929560824E-004
          74  1.825940046242558E-004
          75  1.777582448370410E-004
          76  1.730974873298896E-004
          77  1.686618894730906E-004
          78  1.643365108224321E-004
          79  1.602067772257060E-004
          80  1.562200579798531E-004
          81  1.523826880834546E-004
          82  1.487030544077382E-004
          83  1.451423423377298E-004
          84  1.416930214985385E-004
          85  1.383788527900036E-004
          86  1.351678380781068E-004
          87  1.320776523837546E-004
          88  1.291056992946067E-004
          89  1.262515937806708E-004
          90  1.234273189384680E-004
          91  1.207301976914447E-004
          92  1.181560829912506E-004
          93  1.156192313999918E-004
          94  1.131543489547940E-004
          95  1.107813546947902E-004
          96  1.084753570848600E-004
          97  1.062701690476374E-004
          98  1.041130469201007E-004
          99  1.020305085417550E-004
         100  9.998785555387975E-005
         101  9.802168408728233E-005
         102  9.608766016235252E-005
         103  9.421918236162714E-005
         104  9.242560406123831E-005
         105  9.067342935156761E-005
         106  8.895839343551306E-005
         107  8.732820571467118E-005
         108  8.573836618191889E-005
         109  8.414605771506148E-005
         110  8.262992166709694E-005
         111  8.117439247063205E-005
         112  7.968892020951574E-005
         113  7.831216283582736E-005
         114  7.689774403672625E-005
         115  7.559291391261439E-005
         116  7.431392167710476E-005
         117  7.302180750582869E-005
         118  7.181882971554319E-005
         119  7.058793176195857E-005
         120  6.941439377335630E-005
         121  6.828029457160737E-005
         122  6.715924717043380E-005
         123  6.608029210659293E-005
         124  6.502103855549765E-005
         125  6.402265721244105E-005
         126  6.295882895606897E-005
         127  6.199824669246511E-005
         128  6.099541861207101E-005
         129  6.006015920689633E-005
         130  5.914202455616934E-005
         131  5.821762089686322E-005
         132  5.737513089839749E-005
         133  5.651372027874371E-005
         134  5.564965617920291E-005
         135  5.482830273600766E-005
         136  5.403533900551231E-005
         137  5.324329393482480E-005
         138  5.248885679824891E-005
         139  5.173726263417106E-005
         140  5.099018008715769E-005
         141  5.028326990097363E-005
         142  4.958425753230131E-005
         143  4.886470177461883E-005
         144  4.819522175541005E-005
         145  4.752734694442802E-005
         146  4.687725780196252E-005
         147  4.626768830410652E-005
         148  4.563118359046396E-005
         149  4.501142299964425E-005
         150  4.442267322667156E-005
         151  4.385767002301816E-005
         152  4.325084368718489E-005
         153  4.268900496348630E-005
         154  4.216508532675882E-005
         155  4.161574731960345E-005
         156  4.106120284043358E-005
         157  4.054049776041780E-005
         158  4.003320931947664E-005
         159  3.953896740616485E-005
         160  3.903229022677545E-005
         161  3.858836099233682E-005
         162  3.807120468468748E-005
         163  3.762657562257086E-005
         164  3.716122587593011E-005
         165  3.671492707036487E-005
         166  3.627140257021024E-005
         167  3.583682567588265E-005
         168  3.540090363652733E-005
         169  3.498023572677327E-005
         170  3.457244910751684E-005
         171  3.420226032157074E-005
         172  3.376042450936683E-005
         173  3.340134116557011E-005
         174  3.298755544801079E-005
         175  3.264765689273741E-005
         176  3.225712104279725E-005
         177  3.191997097220094E-005
         178  3.156658187789188E-005
         179  3.119537375464942E-005
         180  3.083414684923065E-005
         181  3.050090832497598E-005
         182  3.016011583094787E-005
         183  2.984668062131694E-005
         184  2.954614739786026E-005
         185  2.918744994567696E-005
         186  2.890448740003334E-005
         187  2.856427289785646E-005
         188  2.827527129767624E-005
         189  2.797823188926838E-005
         190  2.767871212471344E-005
         191  2.741606887894077E-005
         192  2.709555620370690E-005
         193  2.683356105151029E-005
         194  2.655724970662531E-005
         195  2.626944966934362E-005
         196  2.602035499996101E-005
         197  2.575737625397989E-005
         198  2.550732610645937E-005
         199  2.524657340845976E-005
         200  2.498832121101396E-005
         201  7.424422651064846E-005
         202  7.351432204880130E-005
         203  7.279144423708995E-005
         204  7.205756408486025E-005
         205  7.138631596278392E-005
         206  7.065247396861974E-005
         207  7.000706446647832E-005
         208  6.931185992904918E-005
         209  6.866163457272205E-005
         210  6.799755047869367E-005
         211  6.735381326117888E-005
         212  6.670793110263187E-005
         213  6.613129558377753E-005
         214  6.549201120512318E-005
         215  6.489798797936713E-005
         216  6.430456799526357E-005
         217  6.365850959724502E-005
         218  6.310424586491144E-005
         219  6.253077359220834E-005
         220  6.196733167888245E-005
         221  6.139413630531910E-005
         222  6.088357993410859E-005
         223  6.030093901000134E-005
         224  5.975930610981839E-005
         225  5.927121330215085E-005
         226  5.873431991571940E-005
         227  5.819957269304035E-005
         228  5.766003668329049E-005
         229  5.716275063200818E-005
         230  5.668856704616530E-005
         231  5.622025488546657E-005
         232  5.573508398267527E-005
         233  5.525930160299721E-005
         234  5.475884136471408E-005
         235  5.430746600438879E-005
         236  5.386443405242021E-005
         237  5.338580178996128E-005
         238  5.293280951584794E-005
         239  5.250754334431495E-005
         240  5.205371727497566E-005
         241  5.162232457751711E-005
         242  5.120510635458711E-005
         243  5.079029903471323E-005
         244  5.036192374461759E-005
         245  4.995731207045202E-005
         246  4.955500973506883E-005
         247  4.918586247680246E-005
         248  4.876193345586359E-005
         249  4.836800409170969E-005
         250  4.802283043549918E-005
         251  4.763289608505637E-005
         252  4.721107981623135E-005
         253  4.688819881876172E-005
         254  4.649821568873513E-005
         255  4.610688354162915E-005
         256  4.573663043824102E-005
         257  4.539067552930334E-005
         258  4.503693784608724E-005
         259  4.468315985695761E-005
         260  4.434872396525074E-005
         261  4.399714874970516E-005
         262  4.364587422831954E-005
         263  4.333796054386250E-005
         264  4.302719072634733E-005
         265  4.269592138696005E-005
         266  4.238125158045300E-005
         267  4.205900930791218E-005
         268  4.172567704800792E-005
         269  4.142215328038744E-005
         270  4.111167410152627E-005
         271  4.082415083887035E-005
         272  4.051891671291522E-005
         273  4.022309434713803E-005
         274  3.992384719047801E-005
         275  3.964172057367271E-005
         276  3.936057379726817E-005
         277  3.906334303113660E-005
         278  3.879724180211523E-005
         279  3.850787939103097E-005
         280  3.823518451047243E-005
         281  3.798934579292840E-005
         282  3.770830441541318E-005
         283  3.743009012112345E-005
         284  3.718570088614476E-005
         285  3.691171059357987E-005
         286  3.663828016096081E-005
         287  3.639393680628863E-005
         288  3.613910800005345E-005
         289  3.590129097574311E-005
         290  3.563684409077247E-005
         291  3.540104353053672E-005
         292  3.514739740337612E-005
         293  3.492930985727079E-005
         294  3.469802927904171E-005
         295  3.443336929132204E-005
         296  3.421776201107994E-005
         297  3.399863536747967E-005
         298  3.375046194048618E-005
         299  3.351790649373767E-005
         300  3.331060518997459E-005
         301  6.621265076359185E-005
         302  6.578637704058393E-005
         303  6.533378805968280E-005
         304  6.489236839524245E-005
         305  6.446367902440732E-005
         306  6.404821381868907E-005
         307  6.364401521907282E-005
         308  6.324791751558251E-005
         309  6.282043623287686E-005
         310  6.242711268587101E-005
         311  6.202565926063776E-005
         312  6.160718302697668E-005
         313  6.123435323946481E-005
         314  6.082538604976465E-005
         315  6.043930262374049E-005
         316  6.006173254579862E-005
         317  5.968095766800155E-005
         318  5.931577431714844E-005
         319  5.895005707495340E-005
         320  5.856347330475649E-005
         321  5.821328551662008E-005
         322  5.787757251376007E-005
         323  5.745949117936512E-005
         324  5.712216450994281E-005
         325  5.680547593404583E-005
         326  5.644526993236835E-005
         327  5.609086110035221E-005
         328  5.575144447918102E-005
         329  5.539958185786097E-005
         330  5.508040280322731E-005
         331  5.476368350804052E-005
         332  5.441592898486452E-005
         333  5.411997014220175E-005
         334  5.376457613377867E-005
         335  5.342962470362041E-005
         336  5.311642292927824E-005
         337  5.282825220886623E-005
         338  5.248660974319032E-005
         339  5.216892774868098E-005
         340  5.187318038095443E-005
         341  5.159867642935054E-005
         342  5.130154962203916E-005
         343  5.097789694794337E-005
         344  5.066148662841508E-005
         345  5.038681846158274E-005
         346  5.010740586953899E-005
         347  4.981573676133073E-005
         348  4.950168780172831E-005
         349  4.923830623657852E-005
         350  4.897432389133560E-005
         351  4.869871304961736E-005
         352  4.839846012413805E-005
         353  4.814380432616472E-005
         354  4.787996962447585E-005
         355  4.759227932512545E-005
         356  4.734741826765338E-005
         357  4.704793575568003E-005
         358  4.680028685691388E-005
         359  4.654633372465314E-005
         360  4.626643187306094E-005
         361  4.602596289498201E-005
         362  4.576330889897099E-005
         363  4.549961429687485E-005
         364  4.525441989505310E-005
         365  4.505040514482807E-005
         366  4.477726221959332E-005
         367  4.454008660492084E-005
         368  4.431457906346923E-005
         369  4.403267739678919E-005
         370  4.379675503223790E-005
         371  4.358077082536782E-005
         372  4.335714605547942E-005
         373  4.309815860317253E-005
         374  4.286167467294029E-005
         375  4.261833411615655E-005
         376  4.242361033343828E-005
         377  4.220647137282818E-005
         378  4.197638943624160E-005
         379  4.174772508742185E-005
         380  4.152846281118386E-005
         381  4.128738339315733E-005
         382  4.112240768520664E-005
         383  4.091028026523659E-005
         384  4.065902609680101E-005
         385  4.046944213211293E-005
         386  4.025707316471594E-005
         387  4.002908675664335E-005
         388  3.984036491877026E-005
         389  3.964947802563196E-005
         390  3.941808229527497E-005
         391  3.924227913310579E-005
         392  3.903570761249812E-005
         393  3.880370363978290E-005
         394  3.864080379604102E-005
         395  3.841355347594458E-005
         396  3.826103206277328E-005
         397  3.804979342466809E-005
         398  3.787245929257618E-005
         399  3.768530117256540E-005
         400  3.748843764004990E-005
