           1   3.000000    
           2  0.0000000E+00
           3  1.9868216E-08
           4  8.5681677E-08
           5  4.0000051E-02
           6  2.7777726E-02
           7  2.0408124E-02
           8  1.5624863E-02
           9  1.2345601E-02
          10  9.9999933E-03
          11  8.2642986E-03
          12  6.9442964E-03
          13  5.9171054E-03
          14  5.1019406E-03
          15  4.4443063E-03
          16  3.9060314E-03
          17  3.4597064E-03
          18  3.0862871E-03
          19  2.7698500E-03
          20  2.4995748E-03
          21  2.2675435E-03
          22  2.0656569E-03
          23  1.8899167E-03
          24  1.7355988E-03
          25  1.5999306E-03
          26  1.4786979E-03
          27  1.3715506E-03
          28  1.2752323E-03
          29  1.1883083E-03
          30  1.1105165E-03
          31  1.0409071E-03
          32  9.7555161E-04
          33  9.1722916E-04
          34  8.6329394E-04
          35  8.1540452E-04
          36  7.7154831E-04
          37  7.2974007E-04
          38  6.9232861E-04
          39  6.5657753E-04
          40  6.2365585E-04
          41  5.9408124E-04
          42  5.6569348E-04
          43  5.4052449E-04
          44  5.1509781E-04
          45  4.9450150E-04
          46  4.7024150E-04
          47  4.5021382E-04
          48  4.3171589E-04
          49  4.1502458E-04
          50  4.0001422E-04
          51  3.8342836E-04
          52  3.6840385E-04
          53  3.5337650E-04
          54  3.4178904E-04
          55  3.2952573E-04
          56  3.1742454E-04
          57  3.0520966E-04
          58  2.9633107E-04
          59  2.8472580E-04
          60  2.7691419E-04
          61  2.6672689E-04
          62  2.5869827E-04
          63  2.4843670E-04
          64  2.4027053E-04
          65  2.3244674E-04
          66  2.2356298E-04
          67  2.1897940E-04
          68  2.1026694E-04
          69  2.0643565E-04
          70  1.9932802E-04
          71  1.9449263E-04
          72  1.9133270E-04
          73  1.8494726E-04
          74  1.7751622E-04
          75  1.7320286E-04
          76  1.7117264E-04
          77  1.6812923E-04
          78  1.5988848E-04
          79  1.5830476E-04
          80  1.5161101E-04
          81  1.4684479E-04
          82  1.4559293E-04
          83  1.4277709E-04
          84  1.3863533E-04
          85  1.3485838E-04
          86  1.3374090E-04
          87  1.3175240E-04
          88  1.2552420E-04
          89  1.2280660E-04
          90  1.2100459E-04
          91  1.1226031E-04
          92  1.0777770E-04
          93  1.0419307E-04
          94  1.0100473E-04
          95  1.0109992E-04
          96  9.8800832E-05
          97  9.6528078E-05
          98  9.5937845E-05
          99  9.5957897E-05
         100  9.3672221E-05
         101  8.9210327E-05
         102  9.1316157E-05
         103  8.6453852E-05
         104  8.6198022E-05
         105  8.0122802E-05
         106  8.3410872E-05
         107  8.2351027E-05
         108  7.9940553E-05
         109  8.2397819E-05
         110  7.5866512E-05
         111  7.5434291E-05
         112  7.0083224E-05
         113  7.3948577E-05
         114  7.1597409E-05
         115  6.7364206E-05
         116  7.3913157E-05
         117  6.9961796E-05
         118  6.3994674E-05
         119  6.4440545E-05
         120  6.7191351E-05
         121  6.5090462E-05
         122  6.0858099E-05
         123  6.2771367E-05
         124  6.0580835E-05
         125  5.8251091E-05
         126  5.5132212E-05
         127  6.1391198E-05
         128  3.8344577E-05
         129  4.3174459E-05
         130  3.4552024E-05
         131  3.7087564E-05
         132  3.9164162E-05
         133  4.6686931E-05
         134  3.3887311E-05
         135  3.6001962E-05
         136  3.1311003E-05
         137  3.9563554E-05
         138  4.1873664E-05
         139  3.5486057E-05
         140  3.4891335E-05
         141  3.4051922E-05
         142  4.1274263E-05
         143  3.8395203E-05
         144  3.6534537E-05
         145  4.3482643E-05
         146  3.9167891E-05
         147  3.3170378E-05
         148  2.8591981E-05
         149  2.7150143E-05
         150  3.0558720E-05
         151  3.0478690E-05
         152  3.3951012E-05
         153  3.1428212E-05
         154  3.3975546E-05
         155  2.2546355E-05
         156  2.8230859E-05
         157  2.3949942E-05
         158  3.3423876E-05
         159  2.7865288E-05
         160  3.3424865E-05
         161  3.4624845E-05
         162  2.6515412E-05
         163  3.2613603E-05
         164  3.0315556E-05
         165  2.3003176E-05
         166  2.5625381E-05
         167  1.9503565E-05
         168  2.5455307E-05
         169  2.3524859E-05
         170  2.4139070E-05
         171  1.7952545E-05
         172  1.2678000E-05
         173  3.1254582E-05
         174  2.6522051E-05
         175  2.3700401E-05
         176  1.9152572E-05
         177  2.5877755E-05
         178  2.4044235E-05
         179  2.4667688E-05
         180  2.9375993E-05
         181  2.6585478E-05
         182  5.9200338E-06
         183  6.4132373E-06
         184  1.2995820E-05
         185  7.4021946E-06
         186  1.0196197E-05
         187  1.3478158E-05
         188  4.5224106E-06
         189  8.9778041E-06
         190  5.1993533E-07
         191  2.0602074E-06
         192  1.1367015E-05
         193  2.2433003E-06
         194  5.7512743E-06
         195  2.0287691E-06
         196  1.1918151E-05
         197  4.2754846E-06
         198  1.2790448E-05
         199  1.3081268E-06
         200  3.6694669E-06
         201  5.5948589E-05
         202  4.3546126E-05
         203  4.4781842E-05
         204  4.0730567E-05
         205  4.3445030E-05
         206  3.8138212E-05
         207  5.1429502E-05
         208  4.4817982E-05
         209  3.9117509E-05
         210  4.0939653E-05
         211  3.8883652E-05
         212  3.6770190E-05
         213  4.0635634E-05
         214  4.5479948E-05
         215  4.0325289E-05
         216  3.0269988E-05
         217  3.3088025E-05
         218  4.2871296E-05
         219  4.6450994E-05
         220  3.9502385E-05
         221  4.2774849E-05
         222  4.4577875E-05
         223  2.3895293E-05
         224  3.5466182E-05
         225  2.1931024E-05
         226  3.9357237E-05
         227  3.6083431E-05
         228  3.6306181E-05
         229  3.7097565E-05
         230  4.3850629E-05
         231  3.9266324E-05
         232  3.9190953E-05
         233  2.9908420E-05
         234  3.1808846E-05
         235  3.3746077E-05
         236  2.8134476E-05
         237  3.1133619E-05
         238  3.3288925E-05
         239  3.8535509E-05
         240  2.8214894E-05
         241  2.8477429E-05
         242  3.4337423E-05
         243  3.1308911E-05
         244  3.7909453E-05
         245  4.0600327E-05
         246  2.1844160E-05
         247  4.0126604E-05
         248  2.2049915E-05
         249  3.8206115E-05
         250  2.4757073E-05
         251  3.0379693E-05
         252  3.5455741E-05
         253  3.5404988E-05
         254  3.2787008E-05
         255  2.9190118E-05
         256  4.3858803E-05
         257  3.0661777E-05
         258  2.1464746E-05
         259  2.9418316E-05
         260  2.8797092E-05
         261  1.9112113E-05
         262  1.0293801E-05
         263  3.6029214E-05
         264  2.0793968E-05
         265  5.0044764E-05
         266  1.6625205E-05
         267  2.4637917E-05
         268  2.8940251E-05
         269  3.2139047E-05
         270  9.1168968E-06
         271  2.4573237E-05
         272  3.1482970E-05
         273  2.5954729E-05
         274  3.6122558E-05
         275  1.1069126E-05
         276  1.0896203E-05
         277  1.4835586E-05
         278  2.2610118E-06
         279  2.7318800E-05
         280  2.4351533E-05
         281  2.4569457E-05
         282  2.4549894E-05
         283  8.3993600E-06
         284  1.4073556E-05
         285  8.7181925E-06
         286  1.3913139E-05
         287  1.4139689E-05
         288  1.4310493E-05
         289  1.5283660E-05
         290  1.7271119E-05
         291  4.7856629E-05
         292  1.2478121E-05
         293  5.6884505E-06
         294  2.2138242E-05
         295  2.0536789E-05
         296  2.9720151E-05
         297  1.0876268E-05
         298  3.7971458E-05
         299  2.6014985E-05
         300  2.1917593E-05
         301  2.0724665E-06
         302  9.9049812E-06
         303  2.2080492E-05
         304  1.9672894E-05
         305  2.5664887E-05
         306  2.4681862E-05
         307  2.0096509E-06
         308  3.6958031E-06
         309  3.3891622E-05
         310  1.6578721E-06
         311  6.2646118E-06
         312  1.4196788E-06
         313  1.3059553E-05
         314  1.9408304E-05
         315  1.9318448E-05
         316  1.6870828E-05
         317  1.2380547E-05
         318  9.3596764E-06
         319  1.7773911E-05
         320  2.5005040E-05
         321  1.2352964E-05
         322  1.7976638E-05
         323  3.8735011E-06
         324  2.7506756E-05
         325  4.3272285E-06
         326  1.7789129E-05
         327  3.0794876E-05
         328  3.1173070E-06
         329  2.8759638E-05
         330  1.3020488E-05
         331  2.6501191E-06
         332  1.0590591E-05
         333  3.9547845E-06
         334  5.2097703E-06
         335  3.4765755E-05
         336  1.2688713E-05
         337  1.7977993E-05
         338  8.1645703E-06
         339  1.9934154E-05
         340  4.8113657E-06
         341  2.0392397E-05
         342  1.4453285E-05
         343  2.6223492E-05
         344  3.4851837E-07
         345  9.7365946E-06
         346  1.8505345E-05
         347  1.9344545E-05
         348  3.5103456E-06
         349  1.3250708E-05
         350  1.4469327E-05
         351  9.2966175E-06
         352  9.7721941E-06
         353  2.3174932E-06
         354  1.7843649E-05
         355  4.2741390E-06
         356  6.5688887E-06
         357  2.0353387E-05
         358  2.7619906E-05
         359  2.8279794E-05
         360  9.2181044E-06
         361  6.0966800E-06
         362  1.8843250E-05
         363  6.2147781E-05
         364  7.9697660E-05
         365  8.8053748E-05
         366  1.1097702E-04
         367  7.6876837E-05
         368  8.8607070E-05
         369  8.6407999E-05
         370  5.8115456E-05
         371  9.1085116E-05
         372  1.0676733E-04
         373  8.9180532E-05
         374  8.8165907E-05
         375  5.4700438E-05
         376  6.7228444E-05
         377  8.8034125E-05
         378  9.8500430E-05
         379  6.7468412E-05
         380  5.6898971E-05
         381  8.2933002E-05
         382  9.0573922E-05
         383  6.7084286E-05
         384  7.7668214E-05
         385  1.0383117E-04
         386  6.8881774E-05
         387  5.1817049E-05
         388  5.8701964E-05
         389  6.8392488E-05
         390  7.4338823E-05
         391  7.0103721E-05
         392  7.6035853E-05
         393  7.5824559E-05
         394  1.0716461E-04
         395  6.0677954E-05
         396  5.4713037E-05
         397  9.1008529E-05
         398  7.4147290E-05
         399  5.8580434E-05
         400  1.0958166E-04
