           1   3.00000000000000000000000000000000      
           2  0.000000000000000000000000000000000E+0000
           3  9.934107462565104166666666682716083E-0009
           4  3.009265538105056020399965535288949E-0035
           5  4.000000894069671630859374999999997E-0002
           6  2.777778026130464341905381944444448E-0002
           7  2.040817390899268948301977040816336E-0002
           8  1.562500000000000000000000000000000E-0002
           9  1.234568811861085303035783179012349E-0002
          10  1.000000223517417907714843749999980E-0002
          11  8.264470937823461106986053719008357E-0003
          12  6.944445065326160854763454861111192E-0003
          13  5.917169506380543906307784763313643E-0003
          14  5.102043477248172370754942602041143E-0003
          15  4.444454875257280137803819444444442E-0003
          16  3.906249999999999999999999999999982E-0003
          17  3.460217035249855279097507569204191E-0003
          18  3.086422029652713257589457947530550E-0003
          19  2.770085063172179245882747576177232E-0003
          20  2.500000558793544769287109374999811E-0003
          21  2.267583452857811164423451672335341E-0003
          22  2.066117734455865276746513429752666E-0003
          23  1.890356738704814802721452622874705E-0003
          24  1.736111266331540213690863715277908E-0003
          25  1.599999403953552246093750000000341E-0003
          26  1.479292376595135976576946190828668E-0003
          27  1.371743768167430317777992112482923E-0003
          28  1.275510869312043092688735650510686E-0003
          29  1.189059485968171345351283813911960E-0003
          30  1.111113718814320034450954861110550E-0003
          31  1.040575035404836474050468262227587E-0003
          32  9.765624999999999999999999999996494E-0004
          33  9.182808703518001391758494031218684E-0004
          34  8.650542588124638197743768923008761E-0004
          35  8.163364824591850747867506377549479E-0004
          36  7.716055074131783143973644868827284E-0004
          37  7.304589313756296284621958318112508E-0004
          38  6.925212657930448114706868940445759E-0004
          39  6.574722733115930450660158818220675E-0004
          40  6.250001396983861923217773437493927E-0004
          41  5.948836341775080620143329863168457E-0004
          42  5.668958632144527911058629180836052E-0004
          43  5.408336623511874011686004259055590E-0004
          44  5.165294336139663191866283574383920E-0004
          45  4.938370532091752982433931327162933E-0004
          46  4.725891846762037006803631557205502E-0004
          47  4.526933283288320193413751273206568E-0004
          48  4.340278165828850534227159288202809E-0004
          49  4.164955226928678367198481752390744E-0004
          50  3.999998509883880615234375000018952E-0004
          51  3.844774831251106276873302936363201E-0004
          52  3.698230941487839941442365477073985E-0004
          53  3.560011063915590834218694375226844E-0004
          54  3.429359420418575794444980281200989E-0004
          55  3.305783430653170120617574896685580E-0004
          56  3.188777173280107731721839126280081E-0004
          57  3.077888413552835780901335026167680E-0004
          58  2.972648714920428363378209534782483E-0004
          59  2.872732983507736083318090616925716E-0004
          60  2.777784297035800086127387152775159E-0004
          61  2.687416021636787584730772137852907E-0004
          62  2.601437588512091185126170655585343E-0004
          63  2.519627148414565201939789225860967E-0004
          64  2.441406249999999999999999999991477E-0004
          65  2.366961765835976459570890347642020E-0004
          66  2.295702175879500347939623507815324E-0004
          67  2.227671385080279526399275485934712E-0004
          68  2.162635647031159549435942230764081E-0004
          69  2.100393676852959591008815112367085E-0004
          70  2.040841206147962686966876594377891E-0004
          71  1.983719744324755086900695546533475E-0004
          72  1.929013768532945785993411217202591E-0004
          73  1.876509366887307878416594342276527E-0004
          74  1.826147328439074071155489579524724E-0004
          75  1.777790940470165676540798611097917E-0004
          76  1.731303164482612028676717235117405E-0004
          77  1.686618894748270340725028066476033E-0004
          78  1.643680683278982612665039704588023E-0004
          79  1.602305318432594602487347405281031E-0004
          80  1.562500349245965480804443359373916E-0004
          81  1.524162501882551065615593087956749E-0004
          82  1.487209085443770155035832465784356E-0004
          83  1.451590836982558160860214200170791E-0004
          84  1.417239658036131977764657295205878E-0004
          85  1.384181984310331641596493836502190E-0004
          86  1.352084155877968502921501064782847E-0004
          87  1.321170355522706622349127609312711E-0004
          88  1.291323584034915797966570893629436E-0004
          89  1.262474080610946488642298261723266E-0004
          90  1.234592633022938245608482831783409E-0004
          91  1.207683409727608692587004985039775E-0004
          92  1.181472961690509251700907889292889E-0004
          93  1.156192314035217945858817222398294E-0004
          94  1.131733320822080048353437818280683E-0004
          95  1.108040495509916395361733898913821E-0004
          96  1.085069541457212633556789822068000E-0004
          97  1.062713788131596190932706966077988E-0004
          98  1.041238806732169591799620438138008E-0004
          99  1.020305085409941593976230502660474E-0004
         100  9.999996274709701538085937500177868E-0005
         101  9.803191941560524232877655223296704E-0005
         102  9.611937078127765692183257340556708E-0005
         103  9.425897605963685485799571707674361E-0005
         104  9.245577353719599853605913692982678E-0005
         105  9.071281986509591273439714427441359E-0005
         106  8.900027659788977085546735938154797E-0005
         107  8.734348985355216266286561599413228E-0005
         108  8.573398551046439486112450703133540E-0005
         109  8.416883666254877893624306929371481E-0005
         110  8.264458576632925301543937241518005E-0005
         111  8.116140429505898613655357215235411E-0005
         112  7.971942933200269329304597815660593E-0005
         113  7.831315184752358015276866826078741E-0005
         114  7.694721033882089452253337565399130E-0005
         115  7.561134600515401656325688208726206E-0005
         116  7.431621787301070908445523837262529E-0005
         117  7.306126533003370324187146728431414E-0005
         118  7.181832458769340208295226542386704E-0005
         119  7.062647599550923606819221254625843E-0005
         120  6.944460742589500215318467881887803E-0005
         121  6.830130705210315945874585389953936E-0005
         122  6.718540054091968961826930344386058E-0005
         123  6.609758593265642625923567733672016E-0005
         124  6.503593971280227962815426639498623E-0005
         125  6.400105053186416625976562499719219E-0005
         126  6.299067871036413004849473064357869E-0005
         127  6.200000666827009618374705499375880E-0005
         128  6.103515624999999999999999999852139E-0005
         129  6.009242700259635801047675921440549E-0005
         130  5.917404414589941148927225868958888E-0005
         131  5.827190065317398170429845698748215E-0005
         132  5.739255439698750869849058768625488E-0005
         133  5.653329555612198338337970012254617E-0005
         134  5.569178462700698815998188714485663E-0005
         135  5.487039506394513186440382802348264E-0005
         136  5.406589117577898873589855577193849E-0005
         137  5.327968689622422490213172526782449E-0005
         138  5.250984192132398977522037780384107E-0005
         139  5.175685056934821408861487136562157E-0005
         140  5.102103015369906717417191485628260E-0005
         141  5.029899009480142274389060221120523E-0005
         142  4.959299360811887717251738865984230E-0005
         143  4.890256361994243634697906988141064E-0005
         144  4.822534421332364464983528043078520E-0005
         145  4.756121817582002292773669738334093E-0005
         146  4.691273417218269696041485855538315E-0005
         147  4.627734365448472213974609826987191E-0005
         148  4.565368321097685177888723949073929E-0005
         149  4.504312233863706594329444971139189E-0005
         150  4.444477351175414191351996527641957E-0005
         151  4.385767002906105423291510309437202E-0005
         152  4.328257911206530071691793087727156E-0005
         153  4.272850704093685041779032470545996E-0005
         154  4.216547236870675851812570165901647E-0005
         155  4.162269317846392493590355911539258E-0005
         156  4.109201708197456531662599261168180E-0005
         157  4.057168520470459449895279727460226E-0005
         158  4.005763296081486506218368513679843E-0005
         159  3.955644580403449749353400589266995E-0005
         160  3.906250873114913702011108398555408E-0005
         161  3.857887422779561983877243596725664E-0005
         162  3.810406254706377664038982720032213E-0005
         163  3.763728297066556626230544467171243E-0005
         164  3.718022713609425387589581164409586E-0005
         165  3.673155541481284289539571854922492E-0005
         166  3.628977092456395402150535500747798E-0005
         167  3.585655354007455044168189631667134E-0005
         168  3.543099145090329944411643238467863E-0005
         169  3.501342993714446209420393521808773E-0005
         170  3.460454960775829103991234591235411E-0005
         171  3.419921038060364247526215331233651E-0005
         172  3.380210389694921257303752661659280E-0005
         173  3.341176336474158784677121270589417E-0005
         174  3.302925888806766555872819022505881E-0005
         175  3.265323418439651022152024872272299E-0005
         176  3.228308960087289494916427235028771E-0005
         177  3.191866606084853501091428368637349E-0005
         178  3.156185201527366221605745653828008E-0005
         179  3.121055587698322367695683727622703E-0005
         180  3.086481582557345614021207079022889E-0005
         181  3.052608748413330141701347089116580E-0005
         182  3.019208524319021731467512462282644E-0005
         183  2.985974967765813088985886107209027E-0005
         184  2.953682404226273129252269723153048E-0005
         185  2.921735041980938462117364409559685E-0005
         186  2.890480785088044864647043056463668E-0005
         187  2.859661269803762933626954634228043E-0005
         188  2.829333302055200120883594545441028E-0005
         189  2.799607976934853821791805875951679E-0005
         190  2.770101238774790988404334747469296E-0005
         191  2.741178771904341527066181496735728E-0005
         192  2.712673853643031583891974554954967E-0005
         193  2.684611701621936053672109904249153E-0005
         194  2.656784470328990477331767414536254E-0005
         195  2.630842433241854209323057919528425E-0005
         196  2.603097016830423979499051096244868E-0005
         197  2.576601815251646243618838816945128E-0005
         198  2.550762713524853984940576256058156E-0005
         199  2.525166059796901842653232103330781E-0005
         200  2.499999068677425384521484375072334E-0005
         201  7.425555066541174768719949692207537E-0005
         202  7.352278232424735508763478113406634E-0005
         203  7.279898656320677775800229565463787E-0005
         204  7.208828175721868374218440248442848E-0005
         205  7.138631595237704701965440958923511E-0005
         206  7.069453947159693168980291644566558E-0005
         207  7.001289535505025650384437302724012E-0005
         208  6.934175403518657359851182566226821E-0005
         209  6.867980650000330298236376996895906E-0005
         210  6.802967888917647251466504571207795E-0005
         211  6.738393559239602084108548317893757E-0005
         212  6.674989115018443986587823180642375E-0005
         213  6.612347771973353895901104433241879E-0005
         214  6.550780887704862237590943395541733E-0005
         215  6.489954739728445875251402785654803E-0005
         216  6.430043739270526195259251222025545E-0005
         217  6.370914650980059037142432415795953E-0005
         218  6.312620882896519742743674576365500E-0005
         219  6.255049721830750358792953601598846E-0005
         220  6.198346049116909011336397534345799E-0005
         221  6.143373436710970258393516796882173E-0005
         222  6.087147273596748981796275794502394E-0005
         223  6.032694295492491353612654808486509E-0005
         224  5.978955121055169373142475984612627E-0005
         225  5.925987186255278410734953705061536E-0005
         226  5.873562213057069063690780651076388E-0005
         227  5.821994280786322174104838871406566E-0005
         228  5.771017900822015130068566771059388E-0005
         229  5.720622795773294465256006452852861E-0005
         230  5.671001986612782361151365340513033E-0005
         231  5.622076287102443261633650103307453E-0005
         232  5.573719953365101258621487975650191E-0005
         233  5.525979723346093054530426859774665E-0005
         234  5.479099388382700277007046746142854E-0005
         235  5.432365911613497166355145145618202E-0005
         236  5.386380263500148898669612438996589E-0005
         237  5.340970572535250422881084178733607E-0005
         238  5.296485994231350702566326392781034E-0005
         239  5.251979862635278941365329807949662E-0005
         240  5.208337407869597276051839193659747E-0005
         241  5.166190578498107765793987127186511E-0005
         242  5.122599953127932445931797771030370E-0005
         243  5.080552979121240653540129609862778E-0005
         244  5.038947026422750369991803804105437E-0005
         245  4.997956117724488547125343280175156E-0005
         246  4.957350746207877376026136166686406E-0005
         247  4.917298987351258895392066897686183E-0005
         248  4.877719512591128790911973206025322E-0005
         249  4.838633879124411663561720526821298E-0005
         250  4.800026263296604156494140623525406E-0005
         251  4.762577203733141737395537372495500E-0005
         252  4.724174879071776468647490462099948E-0005
         253  4.686892080521460267357651242592768E-0005
         254  4.650006366719152429393725974930905E-0005
         255  4.614607395546246564924510703726773E-0005
         256  4.577636718749999999999999999104086E-0005
         257  4.541092817841296275469982071597659E-0005
         258  4.506937800838600435148644537916556E-0005
         259  4.472188973229761259142926466771367E-0005
         260  4.437930985304290020959617120695443E-0005
         261  4.403843646468348991772707153475626E-0005
         262  4.370380640855892284871898228841726E-0005
         263  4.337262396576093695683484754285142E-0005
         264  4.304419002257102777150051652741035E-0005
         265  4.272168473698312848350169098463054E-0005
         266  4.239947799610268760343438741247947E-0005
         267  4.208237517501089562170986011258385E-0005
         268  4.176879155661808698207611336719045E-0005
         269  4.146104987004741428519848479480654E-0005
         270  4.115244101564334743798024370870043E-0005
         271  4.084884892231066812836340351220962E-0005
         272  4.054934476626308628432065971371427E-0005
         273  4.026269005719580253205216652298201E-0005
         274  3.995959352329948954643441781348931E-0005
         275  3.966903287209262532636153795128906E-0005
         276  3.938244892813608040956858951319489E-0005
         277  3.909790200226591604386635791341817E-0005
         278  3.881779035570592676888007775810408E-0005
         279  3.854006759432711325413267310090585E-0005
         280  3.826546162005741985476746851756384E-0005
         281  3.799312411087068012137206556193908E-0005
         282  3.772438788384320564321826195050506E-0005
         283  3.745850943234334357986990331169290E-0005
         284  3.719491572994084803742611367070122E-0005
         285  3.693460067175156742141737724598316E-0005
         286  3.667671430710796225804898774869730E-0005
         287  3.642170694025246752480865804327622E-0005
         288  3.616899037431856548344647444151142E-0005
         289  3.591905618587237856494026039173515E-0005
         290  3.567151738580994033359885923578620E-0005
         291  3.542608283910178840867761945107275E-0005
         292  3.518474199678934096932120383281043E-0005
         293  3.494544113799829813739449701991473E-0005
         294  3.470784301714286131609252439759182E-0005
         295  3.447256612847485579282721718893795E-0005
         296  3.424030173773325604187301514517145E-0005
         297  3.400931580130465561056836052713773E-0005
         298  3.378228862483763682950182513443616E-0005
         299  3.355702437570263180142981024466084E-0005
         300  3.333341560016075770060221354358522E-0005
         301  6.622396894760221886640879162948336E-0005
         302  6.578657443020723978734153398579493E-0005
         303  6.535368623167000786680000863543594E-0005
         304  6.492383037358419221524056306178685E-0005
         305  6.449876011250897525171219934433904E-0005
         306  6.408039238456673428414342465131854E-0005
         307  6.366057272288496080009658693609473E-0005
         308  6.324840131869043562379690022458946E-0005
         309  6.283979735082588872395058577027522E-0005
         310  6.243480961095313003730575449928370E-0005
         311  6.203380460448683191288138854182904E-0005
         312  6.163723832703539017859765529907468E-0005
         313  6.124387475646238522980842473310823E-0005
         314  6.085491773105159996150642520604855E-0005
         315  6.047858004841900015994624844872964E-0005
         316  6.008651206971821714681494868747720E-0005
         317  5.970692528756011649747517358424356E-0005
         318  5.933335811846639898672949254534096E-0005
         319  5.896116870909724562279246358524688E-0005
         320  5.859375218278728425502777098055549E-0005
         321  5.822910058440941926030629268157300E-0005
         322  5.786816672638681244783014074206361E-0005
         323  5.751037006360280265698778772791728E-0005
         324  5.715595009797612553488788508949382E-0005
         325  5.680511485366426276032035873465889E-0005
         326  5.645663151838245163558275961070551E-0005
         327  5.611230358377935589187605375268444E-0005
         328  5.577036909812231421257894992650412E-0005
         329  5.543173866260970348412745126546115E-0005
         330  5.509657113102185167885352099416786E-0005
         331  5.476403806473060468150617506926062E-0005
         332  5.443461430901876467027690488206455E-0005
         333  5.410801119098795430083535817425125E-0005
         334  5.378467694861001772444392418912099E-0005
         335  5.346431646485269189173034952374813E-0005
         336  5.314629661556029198121051399012861E-0005
         337  5.283167628766776216578150418624845E-0005
         338  5.251933206500807904023457330684700E-0005
         339  5.220952614327705895751041749953892E-0005
         340  5.190373255764891532053171971329855E-0005
         341  5.159902055241262566956061379166283E-0005
         342  5.129799862127860802998478698432843E-0005
         343  5.100180382297583032215097234826561E-0005
         344  5.070309493042983964947895979491261E-0005
         345  5.040928020148474086960983036940880E-0005
         346  5.011845255223488073996805460405568E-0005
         347  4.983047957151353763652270188003610E-0005
         348  4.954414257245951118423879217539242E-0005
         349  4.926035040646583235074637547645504E-0005
         350  4.897963507671137245333924586896521E-0005
         351  4.870208546502588379707329920845157E-0005
         352  4.842459471426781051415057223750254E-0005
         353  4.815029193143005072001451007277664E-0005
         354  4.787880150196562093712641318214374E-0005
         355  4.760951797524642622723888721393049E-0005
         356  4.734255238647212089424918297257609E-0005
         357  4.708757761153732178852842836549828E-0005
         358  4.681515418412673972280339270216286E-0005
         359  4.655526041687242473141415109347141E-0005
         360  4.629645086997361094863326462494467E-0005
         361  4.604042035239864349394505922910063E-0005
         362  4.578664534101287420807345869298639E-0005
         363  4.553456517198539411500810455440198E-0005
         364  4.528500959723639021805412107366830E-0005
         365  4.503558818890534370695813151587840E-0005
         366  4.479062645163406749507661769821499E-0005
         367  4.454768941687366118057697677607871E-0005
         368  4.430528351529158074373558925690302E-0005
         369  4.406518222195372446059214106399041E-0005
         370  4.382734710093481511073533942026160E-0005
         371  4.359161027924811623275417270820049E-0005
         372  4.335754662684313216393001371115630E-0005
         373  4.312562075860592238807715240873051E-0005
         374  4.289509958418654994609518263667263E-0005
         375  4.266689887642860412597656252912264E-0005
         376  4.244001501158888305458562733174141E-0005
         377  4.221564379752855259503109716678222E-0005
         378  4.199244117914461474820309468775351E-0005
         379  4.177155308187086330670918238640844E-0005
         380  4.155129187810041237405792829652209E-0005
         381  4.133322044686882647691076633765241E-0005
         382  4.111735854128466073085314051397538E-0005
         383  4.090274458355783480819170494149836E-0005
         384  4.069010477299646784861882528744038E-0005
         385  4.047907832183721677149944595062480E-0005
         386  4.026947711842703804553359967564196E-0005
         387  4.006173411623794719261339221054330E-0005
         388  3.985484245969961510288410020861539E-0005
         389  3.965118143422259689232133372430031E-0005
         390  3.945021587929135478694998534475175E-0005
         391  3.924651777488739190257667535901119E-0005
         392  3.904626815640342354724825248401437E-0005
         393  3.884761147903673155584750817650341E-0005
         394  3.865052821820332519960598805040674E-0005
         395  3.845543291719988205745766089530769E-0005
         396  3.826140836528341340332685128281232E-0005
         397  3.806899463805346047873197764642265E-0005
         398  3.787777462273787971711008842837383E-0005
         399  3.768817688285931572788415437872172E-0005
         400  3.749999767169356346130371095898964E-0005
